-41,38,-30,-60,-26,2,121,33,57,33,-79,-24,176,17,8,9,10,5,3
-40,49,-35,-84,-44,7,136,47,51,34,-100,-39,181,0,17,9,10,5,3
-40,57,-38,-101,-58,12,147,58,49,34,-115,-49,182,-12,25,9,10,5,3
-36,69,-46,-114,-86,29,115,69,49,28,-128,-75,144,-46,44,9,10,5,3
-36,68,-46,-105,-85,32,112,68,50,26,-126,-75,141,-45,43,9,10,5,3
-35,68,-46,-97,-82,35,110,68,51,23,-126,-75,138,-42,44,9,10,5,3
-35,66,-45,-93,-78,37,109,68,51,20,-125,-75,135,-40,45,9,10,5,3
-25,46,-43,-81,-55,37,41,50,55,14,-101,-72,101,-37,51,9,10,5,3
-26,48,-42,-81,-53,36,40,49,55,14,-101,-72,101,-36,50,9,10,5,3
-25,49,-41,-82,-52,36,39,48,55,14,-101,-72,100,-36,50,9,10,5,3
-26,38,-43,-70,-41,40,3,38,55,11,-81,-69,67,-30,61,9,10,5,3
-26,40,-41,-69,-39,37,1,37,55,12,-81,-69,65,-29,62,9,10,5,3
-25,42,-40,-65,-39,36,0,35,56,12,-81,-69,64,-29,63,9,10,5,3
1551,976,1705,-62,-37,36,-1,34,56,12,-81,-70,64,-29,63,9,10,5,3
-24,30,-41,-42,-31,41,-32,23,57,6,-60,-68,34,-26,58,9,10,5,3
-24,31,-41,-42,-32,41,-33,22,57,5,-59,-68,35,-26,58,9,10,5,3
-24,31,-42,-43,-33,40,-35,22,57,5,-59,-69,34,-25,59,9,10,5,3
-24,31,-41,-43,-33,39,-35,22,56,5,-58,-69,33,-24,60,9,10,5,3
-22,21,-44,-33,-24,40,-64,12,53,7,-48,-67,17,-23,57,9,10,5,3
-21,21,-43,-32,-22,40,-65,12,54,7,-48,-67,17,-23,56,9,10,5,3
-20,22,-42,-32,-20,39,-67,11,55,5,-48,-67,17,-22,57,9,10,5,3
-21,22,-42,-32,-19,40,-67,11,54,3,-48,-67,17,-21,58,9,10,5,3
-20,22,-40,-21,-15,40,-84,1,53,0,-37,-67,4,-20,57,9,10,5,3
-19,21,-41,-21,-15,39,-85,1,54,1,-36,-67,5,-18,58,9,10,5,3
-18,21,-41,-23,-14,40,-85,1,54,2,-36,-67,5,-17,59,9,10,5,3
-17,21,-41,-25,-15,40,-86,1,54,2,-37,-67,6,-15,60,9,10,5,3
-16,22,-42,-12,-6,37,-97,-7,53,-2,-31,-67,1,-16,58,9,10,5,3
-18,22,-43,-12,-5,39,-109,-5,50,-4,-26,-67,2,-16,57,9,10,5,3
-19,22,-42,-12,-5,41,-108,-5,50,-3,-26,-67,1,-15,57,9,10,5,3
-9,2,-42,-6,-6,41,-108,-5,51,-3,-24,-67,-12,-17,61,9,10,5,3
-6,-1,-41,-5,-5,42,-115,-10,50,-5,-21,-67,-13,-17,60,9,10,5,3
-7,-2,-41,-5,-5,44,-117,-10,51,-4,-22,-66,-13,-17,58,9,10,5,3
-10,0,-41,-5,-6,45,-117,-11,51,-5,-23,-66,-15,-16,57,9,10,5,3
-19,12,-39,-5,1,43,-117,-12,50,-6,-24,-66,-12,-10,62,9,10,5,3
-19,14,-38,-3,2,42,-119,-21,50,-6,-19,-67,-13,-9,64,9,10,5,3
-18,15,-39,-1,2,42,-120,-20,51,-6,-18,-68,-14,-9,66,9,10,5,3
-15,17,-39,0,2,41,-121,-20,50,-7,-19,-67,-14,-9,66,9,10,5,3
-14,5,-38,-3,1,45,-122,-19,49,-7,-17,-67,-20,-14,56,9,10,5,3
-15,5,-39,-2,2,44,-127,-22,47,-7,-16,-66,-19,-13,55,9,10,5,3
-15,5,-40,-2,3,42,-126,-22,48,-8,-16,-66,-18,-13,54,9,10,5,3
-12,10,-41,2,0,42,-127,-22,48,-8,-16,-67,-31,-17,62,9,10,5,3
-13,10,-42,3,0,41,-132,-23,49,-4,-9,-66,-32,-17,61,9,10,5,3
-13,9,-42,3,0,40,-134,-23,48,-4,-9,-66,-32,-16,59,9,10,5,3
-14,6,-42,3,2,40,-134,-23,48,-4,-9,-66,-33,-16,58,9,10,5,3
-16,5,-41,3,4,41,-135,-23,49,-5,-9,-66,-30,-14,60,9,10,5,3
-17,6,-42,2,4,42,-136,-28,46,-9,-10,-67,-29,-14,60,9,10,5,3
-16,6,-42,1,3,43,-136,-28,46,-9,-10,-66,-29,-13,62,9,10,5,3
-15,6,-42,2,3,43,-137,-27,46,-9,-9,-67,-30,-12,62,9,10,5,3
-16,1,-37,4,0,41,-137,-27,46,-9,-9,-67,-31,-13,58,9,10,5,3
-16,2,-37,6,4,40,-135,-33,47,-9,-7,-67,-31,-13,61,9,10,5,3
-15,3,-36,5,4,38,-136,-34,47,-9,-7,-67,-31,-12,62,9,10,5,3
-12,4,-42,3,4,38,-136,-34,47,-7,-7,-67,-34,-13,58,9,10,5,3
-12,4,-40,7,4,40,-140,-35,47,-8,-5,-67,-34,-13,58,9,10,5,3
-13,3,-37,7,4,41,-141,-34,48,-8,-5,-67,-34,-13,57,9,10,5,3
-14,2,-40,8,5,41,-140,-34,48,-8,-6,-67,-32,-13,58,9,10,5,3
-12,2,-41,8,3,40,-140,-36,48,-8,-2,-68,-33,-12,59,9,10,5,3
-13,2,-41,7,3,40,-139,-36,47,-8,-1,-68,-34,-12,61,9,10,5,3
-14,1,-40,5,3,39,-140,-35,48,-8,-1,-68,-36,-13,62,9,10,5,3
-14,0,-39,5,3,40,-140,-36,47,-7,0,-67,-37,-12,60,9,10,5,3
-11,3,-40,7,4,41,-140,-41,45,-8,-4,-66,-37,-13,60,9,10,5,3
-10,4,-40,9,5,41,-140,-42,45,-9,-4,-66,-36,-13,60,9,10,5,3
-10,4,-40,9,6,41,-140,-41,46,-9,-4,-66,-36,-13,59,9,10,5,3
-10,4,-40,10,7,42,-139,-41,46,-9,-3,-66,-39,-19,56,9,10,5,3
-11,0,-39,6,4,41,-140,-44,47,-9,-5,-67,-40,-19,56,9,10,5,3
-12,0,-38,7,4,42,-140,-45,48,-8,-5,-66,-40,-18,56,9,10,5,3
-12,2,-37,8,5,43,-140,-44,47,-8,-5,-66,-2347,2559,-1549,9,10,5,3
-13,5,-36,8,6,45,-141,-44,47,-9,-5,-66,-38,-16,54,9,10,5,3
-15,1,-40,12,6,39,-140,-47,45,-8,-3,-66,-37,-16,54,9,10,5,3
-14,1,-40,13,6,39,-140,-47,46,-10,-2,-66,-37,-16,55,9,10,5,3
-14,1,-39,14,7,40,-140,-47,46,-11,-3,-66,-37,-16,56,9,10,5,3
-13,0,-38,14,7,43,-141,-47,47,-11,-3,-65,-33,-3,60,9,10,5,3
-19,16,-24,-20,-7,47,-127,-57,52,0,-14,-64,-31,-1,57,9,10,5,3
-20,16,-23,-18,-4,50,-147,-32,43,1,-15,-64,-28,0,54,9,10,5,3
-22,13,-24,-13,-6,54,-148,-33,42,0,-14,-65,-48,-50,72,9,10,5,3
-26,10,-25,-2,-9,56,-150,-35,42,0,-12,-66,-54,-54,74,9,10,5,3
29,-3,-57,77,8,54,-153,-36,41,-29,-1,-68,-56,-58,76,9,10,5,3
27,0,-49,68,5,51,-129,-56,48,-28,-1,-67,-29,2,57,9,10,5,3
27,-5,-40,51,0,49,-134,-60,51,-26,-1,-67,-35,0,56,9,10,5,3
-28,12,-58,-12,-68,107,-134,-58,50,-5,0,-69,-40,-1,55,9,10,5,3
-24,15,-68,-14,-74,111,-133,-57,50,-6,3,-68,-44,-3,54,9,10,5,3
-10,13,-69,-8,-74,117,-131,-55,51,-7,6,-69,-72,-24,29,9,10,5,3
8,6,-61,2,-67,122,-146,-52,45,-7,9,-70,-74,-23,29,9,10,5,3
-37,22,-21,68,19,28,-143,-51,44,5,2,-69,-75,-21,29,9,10,5,3
-38,22,-25,67,19,29,-140,-52,45,6,5,-69,-75,-20,29,9,10,5,3
-36,26,-25,65,18,30,-140,-52,46,7,6,-68,-52,-6,18,9,10,5,3
-33,27,-24,65,17,30,-160,-56,37,8,7,-68,-52,-7,18,9,10,5,3
-18,4,-21,16,-7,34,-157,-56,38,-29,-3,-70,-51,-7,18,9,10,5,3
-20,5,-22,17,-6,36,-156,-57,39,-28,-4,-70,-51,-7,19,9,10,5,3
-18,5,-24,20,-4,37,-154,-59,40,-28,-5,-70,-49,-3,27,9,10,5,3
-17,6,-27,20,-1,37,-127,-62,46,-28,-5,-69,-51,-4,27,9,10,5,3
-15,20,-23,18,0,35,-128,-63,46,13,4,-69,-51,-5,27,9,10,5,3
-15,20,-22,20,0,34,-128,-62,47,14,4,-70,-52,-8,28,9,10,5,3
-14,20,-21,23,0,33,-129,-62,46,14,2,-70,-56,-11,20,9,10,5,3
-14,18,-20,26,-1,32,-142,-59,43,13,2,-70,-54,-11,20,9,10,5,3
-10,-3,-33,15,10,49,-141,-61,42,-15,-4,-70,-52,-11,22,9,10,5,3
-10,-5,-31,17,9,47,-141,-62,42,-16,-3,-70,-52,-11,25,9,10,5,3
-12,-3,-27,17,7,47,-139,-63,41,-18,-2,-70,-46,-14,29,9,10,5,3
-14,-2,-24,17,6,48,-155,-63,42,-19,0,-69,-46,-13,29,9,10,5,3
-1,7,-24,-10,-14,30,-155,-62,42,-23,2,-71,-47,-12,27,9,10,5,3
-3,9,-21,-6,-14,30,-154,-60,41,-25,1,-72,-48,-12,26,9,10,5,3
-4,10,-20,-7,-14,30,-153,-57,40,-26,1,-72,-59,-18,31,9,10,5,3
-7,10,-22,-9,-15,31,-112,-66,51,-26,0,-72,-62,-18,31,9,10,5,3
-17,25,-21,126,125,83,-112,-64,51,24,4,-70,-64,-18,31,9,10,5,3
-24,24,-30,141,113,75,-112,-62,50,19,3,-70,-68,-17,33,9,10,5,3
-24,18,-40,153,98,72,-114,-61,51,15,2,-71,-16,5,23,9,10,5,3
-16,7,-50,158,83,72,-139,-60,42,11,0,-71,-14,4,25,9,10,5,3
-13,-10,-31,-199,-89,-127,-152,-58,37,-30,-2,-71,-14,3,27,9,10,5,3
-13,-10,-34,-192,-88,-138,-152,-58,38,-15,6,-71,-19,3,28,9,10,5,3
-10,-12,-36,-184,-83,-149,-153,-60,38,-15,8,-70,-69,-23,37,9,10,5,3
-4,-13,-37,-180,-80,-156,-153,-63,37,-12,8,-71,-67,-21,36,9,10,5,3
-3,18,-18,-104,62,-59,-125,-70,49,-13,10,-68,-65,-21,35,9,10,5,3
-3,17,-16,-102,64,-61,-125,-69,49,-4,2,-72,-62,-18,33,9,10,5,3
-6,17,-16,-100,65,-61,-125,-68,49,-3,3,-71,-62,8,8,9,10,5,3
-8,19,-17,-96,63,-59,-125,-67,49,-2,5,-70,-57,7,7,9,10,5,3
5,11,-21,-184,-76,-239,-122,-69,48,-2,8,-71,-53,6,8,9,10,5,3
1,16,-23,-197,-77,-231,-121,-67,49,-3,13,-72,-69,4,32,9,10,5,3
-1,20,-24,-208,-66,-211,-119,-66,49,-7,14,-67,-73,3,36,9,10,5,3
-21,4,-17,131,31,110,-137,-72,43,-1,-21,-74,-76,3,35,9,10,5,3
-19,1,-20,77,10,88,-137,-74,41,-1,-22,-76,-55,-10,33,9,10,5,3
-16,0,-26,25,-1,75,-138,-77,39,-3,-21,-75,-59,-13,34,9,10,5,3
-3,-12,-28,-61,-12,-89,-145,-68,37,-8,1,-71,-62,-14,36,9,10,5,3
-5,-11,-29,-62,-8,-83,-125,-70,46,-5,-2,-72,-48,-3,33,9,10,5,3
-7,-10,-31,-64,-1,-77,-123,-70,47,-4,-4,-70,-48,-5,34,9,10,5,3
8,3,-28,-31,43,-41,-123,-71,47,-5,-4,-69,-48,-6,35,9,10,5,3
5,3,-27,-34,45,-37,-124,-71,46,1,4,-72,-48,-7,36,9,10,5,3
1,4,-25,-31,48,-29,-133,-73,44,1,4,-72,-42,6,15,9,10,5,3
-1,5,-24,-23,47,-18,-133,-73,44,0,2,-72,-43,7,14,9,10,5,3
-1,12,-21,1,26,-8,-134,-73,44,0,0,-72,-46,5,18,9,10,5,3
-4,11,-21,-4,28,-8,-133,-73,43,0,3,-71,-49,3,26,9,10,5,3
-5,11,-20,-10,30,-8,-133,-75,41,-1,1,-71,-52,-2,27,9,10,5,3
-6,10,-21,-15,33,-11,-133,-76,42,-1,0,-71,-57,1,29,9,10,5,3
-8,16,-23,71,31,9,-133,-76,43,4,11,-71,-58,3,27,9,10,5,3
-6,14,-25,94,27,15,-117,-76,51,7,9,-70,-62,5,28,9,10,5,3
-5,13,-28,108,20,26,-119,-78,49,9,9,-70,-67,4,27,9,10,5,3
-3,12,-31,114,21,40,-120,-79,47,9,8,-69,-44,-3,22,9,10,5,3
4,22,-18,18,8,40,-123,-79,46,-8,7,-72,-46,-4,24,9,10,5,3
3,26,-20,16,5,28,-130,-78,43,-6,7,-71,-49,-4,29,9,10,5,3
2,25,-22,14,2,19,-131,-78,44,-4,6,-71,-52,-5,35,9,10,5,3
4,25,-25,15,-2,12,-133,-77,43,-2,5,-71,-53,-5,35,9,10,5,3
-8,10,-26,9,30,23,-135,-77,43,-2,3,-72,-53,-6,31,9,10,5,3
-3,2,-31,9,32,25,-124,-81,44,-3,0,-71,-54,-6,30,9,10,5,3
-1,-2,-31,10,33,25,-124,-81,45,-5,0,-72,-55,-6,31,9,10,5,3
0,-3,-28,12,34,26,-125,-82,45,-7,0,-72,-46,-2,28,9,10,5,3
-5,-1,-27,-14,11,0,-125,-83,44,-8,-1,-72,-45,-2,27,9,10,5,3
-5,0,-26,-14,8,-2,-122,-85,44,-1,0,-71,-46,0,27,9,10,5,3
-8,1,-26,-12,5,-3,-121,-81,46,-2,0,-71,-47,-2,27,9,10,5,3
-11,-2,-29,-14,14,3,-121,-81,46,-3,0,-71,-49,0,29,9,10,5,3
-6,-3,-28,-17,14,2,-121,-81,45,-4,-1,-70,-49,0,28,9,10,5,3
-3,-2,-26,-15,11,0,-121,-82,44,-4,-1,-71,-49,1,28,9,10,5,3
-1,1,-24,-11,6,-1,-120,-90,44,-4,-1,-72,-37,3,29,9,10,5,3
-11,-8,-25,-130,21,-4,-124,-91,42,-6,-1,-72,-34,1,31,9,10,5,3
-10,-10,-31,-139,14,-6,-126,-90,41,-16,2,-72,-35,0,33,9,10,5,3
-11,-15,-39,-147,7,-6,-129,-90,39,-16,2,-72,-40,1,33,9,10,5,3
0,-24,-39,-154,1,-4,-100,-89,50,-15,3,-72,-101,0,11,9,10,5,3
-37,42,-2,418,-53,21,-96,-87,53,-14,3,-72,-95,4,11,9,10,5,3
-39,35,-9,415,-28,2,-93,-84,56,25,-5,-68,-86,7,12,9,10,5,3
-36,29,-16,412,-6,-13,-90,-81,58,27,-6,-69,-77,10,15,9,10,5,3
-31,22,-23,415,12,-22,-114,-87,46,30,-7,-69,-27,5,14,9,10,5,3
-11,2,-28,97,29,122,-113,-87,47,32,-6,-68,-27,5,8,9,10,5,3
-7,6,-28,86,73,138,-114,-86,48,-57,8,-82,-30,8,5,9,10,5,3
-3,8,-29,77,91,132,-117,-86,47,-53,9,-83,-30,9,6,9,10,5,3
0,6,-31,74,92,120,-122,-93,41,-54,9,-81,-23,-8,40,9,10,5,3
-4,-20,-37,87,-34,76,-124,-92,40,-52,9,-80,-24,-10,39,9,10,5,3
-3,-20,-36,86,-34,80,-124,-92,40,-5,13,-63,-24,-12,37,9,10,5,3
-1,-20,-36,86,-32,81,-124,-92,41,-6,14,-66,-24,-13,37,9,10,5,3
-2,-20,-37,85,-31,82,-107,-94,47,-6,13,-69,-41,-8,47,9,10,5,3
2,7,-28,42,-26,88,-107,-93,47,-6,13,-71,-42,-8,47,9,10,5,3
3,6,-25,43,-24,93,-107,-93,47,10,18,-60,-43,-9,46,9,10,5,3
2,7,-21,45,-20,94,-106,-95,46,10,16,-67,-44,-9,44,9,10,5,3
0,9,-20,47,-13,95,-96,-95,52,12,15,-67,-37,14,26,9,10,5,3
-20,-1,-33,40,-18,133,-92,-94,54,27,12,-63,-34,12,30,9,10,5,3
-15,-6,-39,18,-33,123,-90,-93,56,-18,18,-72,-30,11,32,9,10,5,3
-8,-10,-42,0,-46,108,-88,-91,57,-16,21,-73,-22,11,31,9,10,5,3
0,-12,-43,-12,-62,87,-121,-107,39,-15,25,-73,-7,-7,27,9,10,5,3
0,-3,-32,-127,-47,39,-124,-110,37,-12,29,-73,-9,-4,25,9,10,5,3
0,4,-31,-97,10,50,-125,-113,35,-14,9,-72,-12,-3,25,9,10,5,3
0,7,-31,-100,19,48,-126,-115,34,-11,11,-72,-17,-1,27,9,10,5,3
2,11,-31,-103,24,45,-108,-108,45,-8,12,-71,-51,-5,29,9,10,5,3
-4,0,-28,-104,25,44,-107,-108,45,-5,13,-72,-51,-4,30,9,10,5,3
-2,-1,-26,-159,-23,142,-107,-107,45,-15,-9,-71,-50,-4,30,9,10,5,3
-4,0,-27,-187,-16,133,-106,-107,46,-15,-10,-70,-49,-5,30,9,10,5,3
-8,0,-28,-222,-11,114,-103,-95,50,-15,-11,-70,-9,-8,21,9,10,5,3
23,54,-45,-250,-8,105,-104,-95,49,-17,-10,-70,-13,-9,25,9,10,5,3
37,54,-31,388,134,-245,-105,-97,47,11,-5,-70,-20,-12,31,9,10,5,3
44,54,-16,354,135,-276,-105,-101,47,9,-4,-70,-29,-17,37,9,10,5,3
41,55,-5,323,140,-304,-114,-93,44,9,-2,-70,-27,28,17,9,10,5,3
-5,-31,-40,290,148,-324,-117,-98,40,13,-1,-72,-40,21,33,9,10,5,3
-5,-28,-41,-5,-99,-34,-121,-101,38,-32,0,-72,-54,15,46,9,10,5,3
-5,-25,-42,0,-86,112,-123,-106,37,-47,6,-73,-63,8,52,9,10,5,3
-5,-19,-43,27,-74,96,-93,-107,45,-56,10,-75,-59,-29,56,9,10,5,3
0,24,-35,48,-58,78,-91,-108,45,-57,15,-77,-19,-10,31,9,10,5,3
0,21,-35,66,-45,63,-91,-108,46,-23,-2,-72,-22,-8,32,9,10,5,3
0,16,-32,30,-5,68,-112,-119,40,-23,-2,-71,-27,-7,34,9,10,5,3
-2544,-1202,-621,20,-10,75,-111,-119,39,-24,-2,-70,-50,-12,34,9,10,5,3
-4,10,-28,22,-9,75,-110,-119,39,-24,0,-71,-50,-12,34,9,10,5,3
-4,11,-28,23,-8,74,-108,-119,39,0,1,-73,-50,-12,34,9,10,5,3
-4,11,-29,24,-5,72,-95,-116,44,2,0,-72,-52,-10,35,9,10,5,3
-5,12,-30,7,-8,74,-95,-116,42,1,0,-71,-46,-7,31,9,10,5,3
-15,8,-20,7,-8,76,-95,-116,41,1,0,-72,-48,-6,30,9,10,5,3
-18,7,-20,7,-8,77,-95,-116,42,-8,-1,-72,-50,-5,30,9,10,5,3
-17,6,-21,7,-7,77,-94,-116,43,-7,-1,-71,-51,-5,31,9,10,5,3
-14,7,-22,5,-1,63,-91,-114,45,-6,-1,-71,-45,0,26,9,10,5,3
-9,4,-27,7,-2,64,-91,-114,45,-7,0,-70,-45,0,25,9,10,5,3
-11,4,-26,8,-2,65,-91,-113,46,-9,0,-71,-43,0,24,9,10,5,3
-10,5,-24,7,-1,65,-91,-113,45,-8,0,-71,-41,0,24,9,10,5,3
-9,8,-24,19,-5,74,-91,-121,43,-8,1,-72,-42,-13,38,9,10,5,3
0,3,-29,19,-7,73,-92,-121,44,-3988,-674,1326,-43,-13,37,9,10,5,3
1,2,-31,19,-9,73,-92,-121,45,-9,0,-71,-44,-14,37,9,10,5,3
1,1,-34,18,-10,73,-91,-121,44,-9,-2,-70,-44,-13,37,9,10,5,3
1,0,-37,5,-3,67,-80,-119,47,-8,-2,-71,-51,-3,35,9,10,5,3
-7,7,-28,4,-2,67,-80,-119,46,-3992,601,-2029,-49,-4,35,9,10,5,3
-8,8,-26,4,-4,68,-80,-119,46,-7,0,-71,-48,-5,35,9,10,5,3
-10,8,-26,5,-6,70,-79,-119,46,-9,0,-71,-49,-7,35,9,10,5,3
-10,7,-26,-32,0,69,-115,-126,43,-11,0,-71,-79,6,27,9,10,5,3
15,68,19,-39,2,67,-114,-130,45,916,2211,-2930,-74,9,28,9,10,5,3
16,93,10,-44,2,68,-112,-133,43,2,-9,-69,-63,9,25,9,10,5,3
17,109,2,-43,0,68,-111,-133,40,4,-9,-70,-50,6,22,9,10,5,3
23,112,3,4,2,62,-84,-130,32,3,-10,-71,-44,-9,35,9,10,5,3
0,-92,-62,-1,0,63,-97,-133,44,-17,2,-73,-49,-12,37,9,10,5,3
2,-66,-70,-6,-2,65,-94,-134,43,-14,-1,-72,-55,-16,40,9,10,5,3
12,-40,-66,17,21,74,-89,-136,41,-11,-3,-71,-20,0,22,9,10,5,3
22,-19,-54,20,17,73,-84,-135,40,-8,-6,-71,-24,-3,22,9,10,5,3
-28,-2,-20,23,11,73,-76,-119,51,-5,5,-70,-31,-5,24,9,10,5,3
-33,7,-12,25,3,74,-75,-121,51,-1,6,-69,-39,-7,28,9,10,5,3
-34,15,-8,31,10,81,-74,-123,50,2,7,-70,-56,-21,53,9,10,5,3
-32,20,-10,27,7,80,-72,-125,47,5,7,-70,-54,-17,47,9,10,5,3
-4,10,-28,24,2,81,-68,-127,45,-10,5,-71,-50,-13,43,9,10,5,3
-2,12,-28,21,-2,82,-67,-127,46,-8,4,-70,-46,-11,39,9,10,5,3
-1,12,-27,10,5,77,-65,-126,47,-6,4,-70,-40,-5,39,9,10,5,3
-2,13,-26,11,7,74,-63,-125,48,-4,5,-70,-41,-5,37,9,10,5,3
2,-11,-32,14,9,71,-72,-132,44,-11,0,-72,-43,-5,33,9,10,5,3
0,-1,-29,16,10,70,-73,-133,44,-11,0,-72,-45,-5,32,9,10,5,3
-4,6,-28,3,-10,73,-74,-133,44,-11,-1,-73,-42,-13,38,9,10,5,3
-8,13,-26,4,-8,73,-74,-133,44,-11,-2,-73,-42,-13,37,9,10,5,3
-7,3,-26,5,-6,73,-72,-136,42,-11,-1,-70,-43,-13,37,9,10,5,3
-5,5,-26,6,-4,72,-71,-136,42,-11,-2,-71,-43,-13,38,9,10,5,3
-3,4,-26,7,0,72,-70,-135,44,-13,-2,-71,-45,-13,35,9,10,5,3
-2,3,-26,6,0,72,-69,-134,45,-14,-1,-72,-44,-12,35,9,10,5,3
-2,5,-31,6,0,72,-67,-134,43,-12,-2,-70,-43,-10,35,9,10,5,3
-2,5,-31,8,0,73,-66,-134,43,-12,-2,-71,-42,-10,36,9,10,5,3
-2,4,-31,9,6,72,-66,-134,44,-12,-2,-71,-41,-14,32,9,10,5,3
-1,3,-31,9,5,75,-66,-133,44,-13,-1,-72,-43,-13,33,9,10,5,3
-10,6,-31,9,2,78,-63,-128,47,-7,4,-72,-44,-12,34,9,10,5,3
-11,5,-31,8,0,80,-62,-129,47,-6,4,-71,-45,-12,35,9,10,5,3
-11,5,-31,-1,-7,77,-62,-129,47,-4,4,-71,-50,-12,36,9,10,5,3
-10,5,-30,-1,-7,76,-61,-130,47,-2,3,-71,-49,-12,35,9,10,5,3
-4,6,-29,0,-7,75,-62,-136,44,-11,0,-71,-49,-10,34,9,10,5,3
-5,6,-28,0,-8,74,-62,-135,44,-10,0,-72,-48,-9,34,9,10,5,3
-6,6,-29,11,1,71,-62,-134,44,-10,0,-72,-43,-12,30,9,10,5,3
-7,5,-29,11,0,71,-62,-134,44,-10,0,-71,-43,-12,30,9,10,5,3
-5,4,-30,11,0,73,-58,-138,45,-9,0,-72,-43,-12,31,9,10,5,3
-7,5,-30,9,1,72,-57,-137,45,-7,0,-72,-43,-13,32,9,10,5,3
-6,6,-29,9,0,72,-56,-137,46,-7,0,-73,-45,-14,36,9,10,5,3
-9,1,-32,9,0,73,-58,-138,43,-9,-2,-72,-43,-15,36,9,10,5,3
-3,7,-28,9,0,73,-57,-138,44,-9,-3,-72,-43,-15,35,9,10,5,3
-4,8,-28,5,-5,74,-57,-140,44,-9,-3,-72,-48,-13,36,9,10,5,3
-4,8,-28,5,-5,73,-57,-140,45,-10,-3,-71,-48,-14,35,9,10,5,3
-5,8,-29,4,-6,73,-52,-137,45,-9,-3,-72,-48,-15,34,9,10,5,3
-5,8,-27,3,-6,73,-52,-137,45,-10,-3,-72,-48,-15,34,9,10,5,3
-4,5,-29,6,5,71,-54,-139,44,-10,-2,-72,-42,-12,31,9,10,5,3
-6,5,-29,6,4,73,-730,-1436,3607,-12,-2,-72,-41,-11,32,9,10,5,3
-7,4,-30,5,1,75,-51,-136,43,-10,0,-72,-42,-11,33,9,10,5,3
-8,4,-29,5,0,76,-51,-137,44,-10,0,-72,-43,-11,34,9,10,5,3
-6,10,-27,8,0,75,-51,-137,43,-9,0,-72,-42,-14,35,9,10,5,3
-6,10,-28,7,0,74,-51,-139,44,-9,0,-71,-42,-14,34,9,10,5,3
-7,9,-30,7,0,74,-48,-141,44,-10,1,-71,-41,-14,33,9,10,5,3
-1696,2404,1816,7,0,73,-48,-141,45,-7,-1,-71,-42,-13,33,9,10,5,3
-7,3,-29,5,-3,72,-47,-140,45,-7,-1,-71,-49,-12,35,9,10,5,3
-7,4,-30,5,-3,73,-45,-140,44,-7,-1,-71,-49,-12,35,9,10,5,3
-6,5,-31,3,-2,73,-45,-140,43,-7,-1,-72,-47,-13,35,9,10,5,3
-6,5,-31,2,-2,73,-45,-141,44,-10,-1,-71,-47,-12,36,9,10,5,3
-7,3,-27,9,0,73,-46,-142,44,-10,0,-71,-42,-12,36,9,10,5,3
-8,4,-27,9,1,73,-43,-140,47,-10,0,-71,-43,-12,36,9,10,5,3
-7,6,-28,9,1,73,-43,-141,46,-10,0,-71,-43,-12,36,9,10,5,3
-7,8,-31,9,1,72,-43,-141,45,-13,0,-72,-45,-11,36,9,10,5,3
-4,1,-30,2,-1,72,-42,-143,44,-12,0,-71,-41,-13,31,9,10,5,3
-5,2,-29,3,-2,72,-40,-145,44,-11,0,-71,-39,-12,32,9,10,5,3
-7,3,-28,4,-3,73,-39,-145,44,-11,1,-72,-39,-11,33,9,10,5,3
-8,4,-28,5,-4,74,-39,-145,44,-8,2,-72,-40,-11,33,9,10,5,3
-6,5,-28,4,1,74,-39,-146,45,-9,2,-72,-42,-13,32,9,10,5,3
-7,6,-28,4,1,76,-32,-142,45,-9,2,-72,-42,-12,32,9,10,5,3
-8,9,-29,4,0,77,-36,-143,44,-11,0,-72,-41,-11,33,9,10,5,3
-8,10,-29,4,0,79,-35,-142,45,-10,0,-72,-41,-11,34,9,10,5,3
-9,5,-28,10,-2,76,-35,-142,44,-9,0,-72,-46,-16,33,9,10,5,3
-9,7,-30,9,-2,76,-35,-142,44,-8,0,-72,-44,-16,33,9,10,5,3
-6,8,-31,8,-2,75,-32,-146,45,-11,0,-72,-42,-16,32,9,10,5,3
-5,8,-31,6,-1,74,-32,-145,44,-10,0,-72,-42,-15,33,9,10,5,3
-6,5,-28,4,-2,72,-32,-145,44,-10,0,-71,-41,-12,28,9,10,5,3
-7,5,-28,3,-1,72,264,1251,-28,-9,0,-71,-42,-12,30,9,10,5,3
-9,6,-29,2,0,72,-27,-143,46,-11,-1,-73,-44,-11,32,9,10,5,3
-10,7,-31,3,0,72,-27,-143,46,-11,-1,-72,-44,-11,34,9,10,5,3
-3,5,-27,4,0,73,-27,-143,45,-10,-1,-72,-45,-13,37,9,10,5,3
-4,5,-26,5,0,74,-26,-143,43,-9,-1,-71,-44,-14,37,9,10,5,3
-5,6,-26,5,-1,75,-25,-149,44,-8,1,-72,-43,-15,36,9,10,5,3
-6,8,-26,4,-1,74,-25,-147,44,-9,1,-72,-44,-15,33,9,10,5,3
-3,6,-27,0,-7,77,-25,-147,45,-10,2,-71,-42,-15,35,9,10,5,3
-3,6,-27,0,-6,78,-25,-146,44,-10,2,-71,-41,-15,35,9,10,5,3
-4,6,-28,0,-5,77,-24,-145,43,-9,0,-71,-41,-14,35,9,10,5,3
-5,6,-29,0,-4,75,-23,-144,44,-9,0,-71,-41,-15,35,9,10,5,3
-8,9,-26,0,-5,79,-23,-144,45,-9,0,-71,-39,-13,33,9,10,5,3
-8,10,-27,0,-7,78,-22,-143,46,-9,0,-71,-39,-13,33,9,10,5,3
-6,11,-29,0,-9,78,-20,-146,44,-7,0,-72,-39,-14,33,9,10,5,3
-5,11,-29,0,-9,78,-19,-148,45,-6,0,-71,-41,-14,34,9,10,5,3
-4,8,-29,6,-4,76,-19,-148,45,-6,0,-72,-41,-15,33,9,10,5,3
-5,9,-29,4,-4,74,-18,-149,45,-7,0,-72,-41,-15,33,9,10,5,3
-6,9,-29,4,-3,77,-18,-149,44,-6,0,-72,-42,-16,33,9,10,5,3
-1,8,-29,4,-2,77,-18,-149,44,-6,0,-71,-43,-14,35,9,10,5,3
-1,8,-29,5,-1,76,-18,-148,43,-6,0,-71,-43,-15,34,9,10,5,3
-2,8,-28,3,-3,75,-14,-148,44,-3,0,-72,-43,-14,35,9,10,5,3
-3,8,-28,3,-4,76,-14,-148,44,-3,0,-72,-44,-14,35,9,10,5,3
-9,6,-26,3,-5,77,-13,-148,45,-4,0,-72,-43,-14,33,9,10,5,3
-10,6,-29,1,-1,75,-12,-144,45,-5,0,-72,-45,-14,34,9,10,5,3
-9,5,-31,0,0,76,-11,-144,46,-6,0,-71,-45,-14,35,9,10,5,3
28,20,-6,-3,0,75,-11,-142,46,-6,0,-71,-80,-9,34,9,10,5,3
33,26,-15,-4,0,77,-12,-141,46,-7,0,-72,-73,-10,25,9,10,5,3
33,30,-29,40,43,64,-17,-99,48,26,6,-69,-61,-11,18,9,10,5,3
38,27,-40,48,46,64,-16,-102,45,26,6,-70,-52,-12,15,9,10,5,3
-5,31,2,54,48,63,-16,-104,43,26,6,-70,-69,-16,57,9,10,5,3
-2,26,-3,57,51,62,-16,-105,43,25,7,-70,-70,-19,60,9,10,5,3
1,19,-9,-20,-30,71,-6,-80,51,1,5,-71,-69,-23,61,9,10,5,3
5,14,-16,-16,-29,73,-5,-84,50,2,3,-72,-65,-25,58,9,10,5,3
-5,12,-30,-12,-30,76,-3,-87,49,2,0,-72,-36,-15,34,9,10,5,3
-8,11,-31,-8,-28,78,-2,-90,48,2,-1,-72,-36,-13,33,9,10,5,3
-10,10,-31,-3,-8,79,-7,-65,52,0,0,-71,-36,-11,34,9,10,5,3
-12,11,-31,-1,-9,79,-6,-63,53,-1,1,-70,-36,-10,34,9,10,5,3
0,3,-27,0,-10,79,-4,-61,52,-1,0,-70,-48,-20,33,9,10,5,3
-2,3,-26,0,-11,79,-3,-59,52,-2,0,-71,-46,-20,33,9,10,5,3
-5,3,-28,4,0,73,-3,-46,54,0,1,-72,-45,-18,32,9,10,5,3
-7,4,-31,4,0,75,-3,-45,54,0,1,-72,-44,-16,33,9,10,5,3
-2,6,-31,4,0,75,-4,-45,53,0,0,-72,-38,-16,36,9,10,5,3
-2,6,-32,2,1,75,-3,-44,53,0,0,-73,-38,-16,34,9,10,5,3
-2,6,-32,5,3,71,-3,-32,56,2,2,-72,-39,-15,32,9,10,5,3
-1,6,-32,3,3,71,-2,-32,55,2,3,-72,-42,-15,32,9,10,5,3
-2,5,-30,2,2,72,-2,-32,55,2,2,-72,-32,-13,36,9,10,5,3
-3,8,-31,1,2,73,0,-32,54,2,1,-72,-33,-14,36,9,10,5,3
-3,10,-32,7,-16,79,-6,-26,56,0,1,-73,-35,-15,36,9,10,5,3
-15,-1,-39,6,-17,79,-6,-23,54,1,2,-71,-55,-23,34,9,10,5,3
-10,-1,-33,6,-17,78,-6,-22,53,1,3,-71,-54,-21,31,9,10,5,3
-8,0,-30,6,-17,78,-7,-20,53,1,5,-72,-52,-20,30,9,10,5,3
-5,4,-29,9,9,73,-1,-20,55,-2,-1,-71,-52,-20,31,9,10,5,3
-9,0,-30,9,9,72,-2,-19,56,-1,0,-70,-47,-18,33,9,10,5,3
-10,1,-29,10,10,72,-3,-18,56,0,1,-71,-48,-18,34,9,10,5,3
-11,2,-29,10,11,70,-4,-18,56,1,2,-72,-48,-18,34,9,10,5,3
-12,3,-30,0,-6,76,0,-12,57,2,1,-71,-47,-19,34,9,10,5,3
-6,7,-29,0,-6,75,-1,-13,57,2,1,-72,-49,-19,37,9,10,5,3
-5,6,-29,0,-5,74,-2,-13,57,2,2,-72,-48,-19,36,9,10,5,3
-4,6,-28,0,-4,74,-3,-12,57,3,3,-72,-47,-19,35,9,10,5,3
-5,6,-29,3,-4,69,-2,-9,55,-1,3,-73,-45,-19,33,9,10,5,3
-6,3,-29,3,-3,70,-3,-9,54,3455,2109,3222,-39,-15,31,9,10,5,3
-6,5,-29,3,-2,71,-3,-9,54,-2571,1287,-1837,-38,-14,31,9,10,5,3
-6,7,-27,3,0,70,-4,-10,55,-2588,3871,104,-38,-14,32,9,10,5,3
-6,8,-27,8,0,73,0,-6,54,0,2,-72,-39,-15,33,9,10,5,3
-4,8,-27,6,1,72,0,-7,55,0,2,-72,-42,-19,39,9,10,5,3
-2,9,-27,6,2,72,0,-7,56,0,1,-72,-43,-20,38,9,10,5,3
-1,9,-28,6,0,71,0,-7,57,1,0,-71,-43,-19,38,9,10,5,3
-1,8,-28,2,-2,75,0,-4,55,1,0,-72,-44,-18,38,9,10,5,3
-3,7,-26,3,-2,76,1,-4,56,2,0,-71,-48,-18,37,9,10,5,3
-6,7,-31,4,-2,78,1,-4,57,2,0,-71,-47,-18,37,9,10,5,3
-7,6,-29,3,-3,78,2,-4,56,2,0,-71,-46,-18,37,9,10,5,3
-7,6,-27,9,-2,76,0,-2,55,-2,1,-71,-44,-18,36,9,10,5,3
-7,7,-27,9,-1,76,0,-2,54,-2,2,-71,-39,-15,31,9,10,5,3
-7,6,-29,8,0,75,0,-3,54,-1,1,-71,-38,-14,30,9,10,5,3
-6,8,-29,7,0,74,-1,-3,54,-1,2,-71,-36,-13,30,9,10,5,3
-6,8,-30,5,-2,72,-2,-2,54,1,4,-71,-35,-13,31,9,10,5,3
-5,9,-29,4,-3,73,-2,-2,55,1,4,-71,-41,-21,35,9,10,5,3
-1,9,-29,4,-4,74,-2,-1,55,1,4,-71,-41,-20,36,9,10,5,3
-2,8,-30,2,-4,74,-2,-1,55,1,2,-71,-42,-21,37,9,10,5,3
-2,7,-29,7,1,72,0,-1,54,1,0,-72,-42,-20,38,9,10,5,3
-3,7,-29,6,0,73,0,0,54,1,0,-72,-39,-18,38,9,10,5,3
-5,7,-30,5,0,74,0,0,55,2,0,-72,-41,-17,36,9,10,5,3
-4,6,-28,6,0,75,1,0,55,2,0,-73,-40,-18,36,9,10,5,3
-4,6,-28,4,-5,78,0,-1,55,4,0,-72,-41,-18,36,9,10,5,3
-5,5,-29,2,-5,77,0,0,55,4,0,-72,-41,-18,37,9,10,5,3
-4,8,-29,2,-5,76,1,-1,55,3,0,-71,-43,-17,37,9,10,5,3
-3,8,-28,3,-5,75,1,-1,55,3,0,-72,-42,-17,37,9,10,5,3
-2,8,-28,0,-3,76,2,2,55,0,0,-72,-41,-16,36,9,10,5,3
-2,7,-28,0,-3,77,2,0,54,0,1,-72,-40,-15,35,9,10,5,3
-8,4,-29,0,-3,76,1,0,53,0,1,-71,-53,-26,38,9,10,5,3
-7,5,-30,0,0,73,1,0,53,1,1,-72,-48,-25,38,9,10,5,3
-7,6,-31,-6,-20,78,-2,0,55,3,1,-71,-47,-26,38,9,10,5,3
1845,-3555,2913,-1,0,71,-1,0,55,4,1,-70,-47,-26,37,9,10,5,3
-5,7,-27,-1,1,71,0,0,55,5,1,-71,-34,-11,29,9,10,5,3
-5,7,-27,0,3,70,0,0,55,0,0,-73,-34,-12,30,9,10,5,3
-5,8,-27,0,5,69,0,0,54,0,1,-73,-35,-12,30,9,10,5,3
-5,8,-27,1,-13,82,0,0,54,0,2,-72,-35,-13,31,9,10,5,3
-6,6,-28,2,-13,81,0,1,54,0,2,-72,-45,-21,39,9,10,5,3
-7,8,-27,3,-13,79,-1,0,55,1,2,-73,-48,-21,39,9,10,5,3
-8,9,-29,3,-13,77,-1,0,55,1,2,-73,-49,-21,40,9,10,5,3
-9,9,-30,5,-2,74,-2,0,55,1,0,-73,-49,-21,39,9,10,5,3
-3,6,-29,4,-1,74,-1,0,54,1,0,-73,-40,-17,36,9,10,5,3
-4,5,-28,3,-1,73,0,1,56,1,0,-71,-39,-16,36,9,10,5,3
-4,5,-28,3,-2,72,0,2,55,1,0,-71,-39,-16,36,9,10,5,3
-5,5,-28,1,-3,75,1,2,55,1,0,-72,-41,-17,36,9,10,5,3
-5,7,-27,2,-3,75,1,2,55,2,-1,-72,-40,-18,32,9,10,5,3
-5,7,-26,2,-2,75,-3,-10,53,3,-10,-73,-40,-18,33,9,10,5,3
-5,8,-25,2,-2,74,-3,-10,54,0,-13,-72,-41,-18,35,9,10,5,3
-5,9,-25,-38,-135,199,-4,-11,55,-2,-17,-72,-41,-19,35,9,10,5,3
-35,-3,0,-22,-141,192,-5,-12,54,-7,-19,-73,-75,-69,-5,9,10,5,3
-37,-7,-2,-10,-141,177,-6,33,59,73,57,-68,-75,-66,-5,9,10,5,3
-39,-14,-4,-5,-138,153,-6,33,57,56,60,-72,-75,-62,-4,9,10,5,3
-42,-19,-4,112,78,273,-6,34,58,44,61,-77,-76,-57,-1,9,10,5,3
84,-13,-78,71,56,298,-6,33,57,35,60,-79,11,-19,71,9,10,5,3
92,-4,-71,38,34,319,27,-9,47,-69,-17,-68,0,-29,69,9,10,5,3
102,3,-60,5,19,340,27,-3,49,-76,-14,-70,-9,-40,67,9,10,5,3
105,9,-50,-261,62,-44,28,3,51,-81,-12,-73,-17,-48,64,9,10,5,3
16,12,-12,-248,54,-43,28,10,54,-83,-9,-72,-63,-16,1,9,10,5,3
15,13,-15,-222,49,-40,3,21,60,15,8,-72,-64,-13,3,9,10,5,3
12,13,-18,-197,51,-40,3,22,63,19,8,-73,-64,-10,5,9,10,5,3
7,13,-19,-87,36,-16,1,21,62,23,6,-72,-62,-8,6,9,10,5,3
-17,24,-8,-89,41,-11,0,18,60,23,5,-70,-64,-17,11,9,10,5,3
-15,23,-7,-86,42,-8,3,7,55,10,7,-70,-63,-19,13,9,10,5,3
-11,21,-6,-79,40,-4,3,7,55,11,6,-71,-65,-20,14,9,10,5,3
-8,18,-6,-28,30,-3,3,5,54,11,5,-71,-66,-22,15,9,10,5,3
-7,7,-22,-28,30,-1,3,5,54,10,5,-71,-45,-19,17,9,10,5,3
-5,7,-19,-29,32,0,2,-1,53,2,-1,-73,-43,-19,15,9,10,5,3
-3,8,-17,-31,34,0,2,-1,53,1,-1,-73,-43,-18,14,9,10,5,3
-2,9,-17,-28,27,0,2,-1,53,0,-2,-73,-42,-17,14,9,10,5,3
-1,12,-19,-27,26,-1,2,-1,52,0,-2,-73,-44,-17,15,9,10,5,3
-2,12,-18,-26,26,0,1,2,54,6,1,-72,-44,-18,15,9,10,5,3
-3,11,-18,-25,26,0,1,1,53,6,2,-72,-45,-19,16,9,10,5,3
-3,11,-17,-24,30,6,0,0,52,5,2,-72,-46,-19,17,9,10,5,3
-1,7,-20,-29,31,5,0,0,52,4,2,-73,-47,-20,16,9,10,5,3
-1,6,-19,-31,27,1,0,3,54,2,1,-73,-47,-18,16,9,10,5,3
0,7,-16,-30,23,0,0,3,55,2,1,-73,-46,-17,16,9,10,5,3
2,8,-15,-17,11,-8,1,3,55,3,0,-72,-47,-17,17,9,10,5,3
-1,12,-13,-13,11,-5,1,4,56,4,0,-72,-46,-16,18,9,10,5,3
-3,12,-15,-9,13,0,-1,3,54,2,3,-73,-47,-16,18,9,10,5,3
-4,13,-18,-6,14,3,0,4,53,2,3,-73,-48,-16,18,9,10,5,3
-4,12,-20,-10,12,-6,0,5,53,4,3,-73,-47,-16,17,9,10,5,3
0,4,-20,-8,13,-3,0,5,54,5,2,-73,-44,-18,19,9,10,5,3
0,3,-18,-7,13,0,1,4,54,-2,1,-73,-44,-18,20,9,10,5,3
0,4,-17,-6,12,1,1,2,54,0,0,-73,-43,-16,20,9,10,5,3
0,4,-16,-3,10,1,1,1,54,0,0,-73,-43,-15,21,9,10,5,3
-3,7,-19,-3,12,2,0,0,54,0,0,-72,-48,-15,19,9,10,5,3
-3,7,-17,-2,12,2,0,3,55,3,2,-73,-49,-16,19,9,10,5,3
-3,7,-18,-2,12,2,1,3,55,3,2,-72,-48,-17,17,9,10,5,3
-4,7,-19,3,14,10,1,4,55,4,1,-72,-47,-17,17,9,10,5,3
0,7,-22,3,12,11,2,5,55,5,0,-72,-45,-20,15,9,10,5,3
1,6,-21,1,11,10,1,-1,54,3,0,-74,-43,-19,15,9,10,5,3
2,6,-21,-6,0,-4,1,-1,53,2,0,-74,-42,-19,16,9,10,5,3
2,7,-21,-6,3,-5,2,-1,54,2,0,-73,-42,-19,18,9,10,5,3
-2,9,-15,-5,5,-5,1,-1,53,1,0,-73,-46,-17,22,9,10,5,3
-1,11,-13,-3,5,-5,3,3,54,4,1,-73,-46,-17,22,9,10,5,3
0,15,-12,-1,5,2,2,2,54,4,0,-72,-46,-16,22,9,10,5,3
1,16,-13,-1,4,2,2,3,54,5,0,-72,-46,-16,21,9,10,5,3
3,6,-14,-2,4,3,1,4,54,5,-1,-72,-43,-11,18,9,10,5,3
2,9,-14,-2,5,3,-1,-1,51,6,4,-73,-44,-12,19,9,10,5,3
2,10,-15,57,-15,61,-1,-2,51,9,3,-73,-43,-12,19,9,10,5,3
1,8,-16,48,-18,52,-1,-3,52,10,2,-73,-44,-12,19,9,10,5,3
-6,0,-18,38,-19,41,0,-3,52,11,1,-72,-50,-24,24,9,10,5,3
-6,1,-20,27,-17,27,0,5,53,-6,14,-73,-56,-28,23,9,10,5,3
-4,0,-22,90,-10,-13,0,7,55,-3,16,-72,-62,-31,23,9,10,5,3
0,0,-24,93,-6,-6,0,10,57,0,16,-72,-67,-33,22,9,10,5,3
-8,1,-10,92,0,-1,1,13,59,2,17,-72,-13,7,21,9,10,5,3
-11,0,-12,88,10,4,-4,-8,51,-26,-1,-76,-12,5,23,9,10,5,3
-14,-1,-16,9,-25,-25,-3,-6,52,-28,1,-76,-16,2,26,9,10,5,3
-17,-2,-23,42,-29,-11,-1,-5,52,-29,3,-76,-25,-1,29,9,10,5,3
-12,-14,-26,74,-34,0,0,-3,52,-27,6,-75,-27,-3,12,9,10,5,3
-10,-14,-25,101,-39,16,2,-3,53,-24,-10,-74,-28,-3,14,9,10,5,3
-8,-12,-24,-197,-28,-141,1,-3,54,-27,-10,-74,-29,-4,16,9,10,5,3
-5,-7,-22,-230,-38,-149,0,-3,55,-28,-11,-75,-29,-5,20,9,10,5,3
46,10,-27,-264,-51,-146,0,-2,55,-28,-12,-75,-59,-46,24,9,10,5,3
45,15,-21,-299,-69,-136,16,23,56,7,13,-73,-56,-45,24,9,10,5,3
39,24,-18,368,98,0,19,23,57,9,8,-72,-56,-43,24,9,10,5,3
33,30,-16,349,97,-21,21,23,60,10,3,-72,-54,-40,26,9,10,5,3
-23,11,-10,338,94,-43,22,19,62,12,0,-72,-41,22,-5,9,10,5,3
-21,10,-11,326,91,-60,11,17,61,-13,15,-67,-56,-19,23,9,10,5,3
-18,11,-12,-3,32,186,19,14,58,-33,29,-83,-60,-25,23,9,10,5,3
-1,14,-11,-11,18,193,18,13,56,-33,31,-92,-66,-32,26,9,10,5,3
-8,10,-11,-13,9,201,18,12,55,-23,24,-103,-74,-42,32,9,10,5,3
-11,9,-9,-6,6,206,18,13,57,11,4,-71,-13,-15,19,9,10,5,3
-15,8,-10,83,-74,60,7,0,52,6,0,-70,-13,-17,23,9,10,5,3
19,7,-29,86,-70,61,9,0,51,5,0,-70,-14,-20,29,9,10,5,3
19,8,-30,90,-65,62,10,0,52,3,0,-70,-15,-23,34,9,10,5,3
19,10,-33,93,-60,62,11,2,52,1,0,-71,-7,-24,55,9,10,5,3
17,9,-36,79,-10,49,-12,-21,46,-21,-10,-76,-8,-23,53,9,10,5,3
-25,-36,-57,77,-11,47,-12,-18,47,-25,-9,-77,-8,-21,49,9,10,5,3
-22,-27,-53,74,-12,45,-13,-14,49,-26,-8,-77,-9,-20,45,9,10,5,3
-16,-19,-49,71,-12,42,-12,-11,49,-27,-8,-78,-77,-34,14,9,10,5,3
-15,-7,-47,14,-45,4,3,20,63,-2,9,-76,-77,-33,11,9,10,5,3
-16,18,-17,14,-48,5,2,21,63,2,10,-75,-78,-32,8,9,10,5,3
-15,14,-19,13,-49,6,2,22,63,8,9,-74,-76,-31,5,9,10,5,3
-13,10,-20,11,-50,7,2,23,62,12,7,-74,-44,-9,12,9,10,5,3
-10,9,-22,20,-11,34,0,0,55,23,0,-73,-44,-8,14,9,10,5,3
-4,14,-20,20,-9,34,0,1,56,23,-1,-73,-42,-7,16,9,10,5,3
-1,15,-21,21,-8,36,0,2,56,23,-1,-73,-41,-6,17,9,10,5,3
1,14,-21,20,-8,39,0,2,57,23,-1,-73,-37,-18,20,9,10,5,3
4,11,-21,19,-11,49,0,0,52,6,0,-72,-35,-17,19,9,10,5,3
1,3,-21,19,-11,50,0,-1,52,7,0,-73,-36,-16,19,9,10,5,3
0,5,-23,19,-11,51,0,-2,52,6,0,-73,-36,-16,19,9,10,5,3
-1,6,-23,20,-10,51,0,-3,52,5,0,-73,-45,-17,17,9,10,5,3
-1,9,-25,19,-8,50,4,6,55,8,0,-72,-44,-17,17,9,10,5,3
-7,3,-28,20,-10,54,4,6,55,8,0,-71,-44,-18,20,9,10,5,3
-8,3,-27,20,-12,57,3,5,55,8,0,-71,-44,-19,22,9,10,5,3
-9,2,-26,20,-13,60,2,5,56,9,1,-72,-37,-18,28,9,10,5,3
-8,1,-25,20,-8,53,2,0,52,0,-1,-74,-37,-18,26,9,10,5,3
-4,8,-27,19,-6,51,1,1,53,0,-1,-74,-37,-16,24,9,10,5,3
-4,6,-25,19,-4,50,1,1,54,-1,-1,-73,-38,-16,24,9,10,5,3
-5,6,-23,20,-4,49,0,0,54,-2,-1,-73,-41,-20,27,9,10,5,3
-5,6,-22,10,-3,50,3,2,54,8,1,-73,-38,-19,27,9,10,5,3
-2,7,-24,11,-4,49,4,2,53,7,1,-73,-35,-18,27,9,10,5,3
0,8,-24,11,-4,48,4,2,54,6,1,-73,-34,-19,27,9,10,5,3
0,9,-23,12,-3,48,3,2,54,5,2,-73,-39,-19,21,9,10,5,3
-2,9,-23,13,0,52,0,0,54,5,1,-72,-40,-19,20,9,10,5,3
-3,4,-25,13,0,52,0,0,54,4,0,-72,-40,-20,21,9,10,5,3
-3,3,-27,13,0,52,0,0,53,4,0,-71,-40,-20,22,9,10,5,3
-2,5,-26,13,0,52,1,0,52,4,0,-72,-38,-16,23,9,10,5,3
-2,7,-26,9,0,54,2,1,55,0,0,-73,-37,-16,22,9,10,5,3
-3,8,-23,9,1,55,2,2,53,0,1,-73,-38,-16,23,9,10,5,3
-3,7,-24,9,1,56,1,2,54,-1,1,-73,-39,-18,24,9,10,5,3
-3,6,-25,9,1,56,2,3,54,-1,1,-73,-40,-21,25,9,10,5,3
-3,6,-26,12,-1,50,1,4,55,-1,2,-75,-42,-21,25,9,10,5,3
-3,5,-23,10,-1,51,1,2,54,-1,2,-75,-42,-21,26,9,10,5,3
-3,4,-23,9,0,51,1,1,54,0,2,-74,-43,-21,26,9,10,5,3
-4,3,-24,8,0,50,1,0,55,1,2,-74,-42,-20,26,9,10,5,3
-4,3,-23,6,-2,51,1,0,55,2,2,-74,-40,-21,26,9,10,5,3
-4,9,-22,7,-2,52,1,1,54,1,2,-74,-41,-22,26,9,10,5,3
-4,9,-22,8,-2,52,1,0,54,2,2,-74,-39,-18,25,9,10,5,3
-2,8,-21,8,-1,53,2,0,53,2,3,-74,-42,-18,23,9,10,5,3
0,8,-20,6,0,52,3,0,54,4,0,-72,-41,-18,23,9,10,5,3
1,12,-20,6,0,51,3,2,54,3,0,-72,-41,-18,23,9,10,5,3
0,12,-20,7,0,51,2,1,53,3,1,-72,-41,-18,24,9,10,5,3
0,11,-20,7,0,51,2,0,54,2,0,-72,-40,-21,23,9,10,5,3
0,10,-22,7,3,56,2,0,53,2,-2,-72,-40,-20,22,9,10,5,3
-2,5,-22,7,3,56,0,2,54,2,-1,-72,-39,-20,22,9,10,5,3
-3,5,-23,7,3,55,0,2,54,2,-2,-72,-39,-20,22,9,10,5,3
-5,6,-24,7,3,54,1,2,54,3,-2,-72,-41,-22,23,9,10,5,3
-5,7,-24,4,3,53,1,2,54,4,0,-73,-41,-22,22,9,10,5,3
0,5,-21,4,3,53,0,1,56,3,0,-72,-41,-22,23,9,10,5,3
-2,6,-21,3,2,54,1,1,56,3,0,-73,-42,-22,24,9,10,5,3
-4,8,-22,2,2,54,0,1,55,3,0,-72,-44,-25,20,9,10,5,3
-4,11,-23,4,0,51,0,2,55,4,3,-73,-42,-23,20,9,10,5,3
-6,3,-26,5,0,52,2,0,53,5,2,-73,-41,-23,21,9,10,5,3
-5,4,-26,4,0,52,2,0,53,5,3,-74,-41,-22,22,9,10,5,3
-3,4,-25,4,0,52,3,0,53,5,3,-74,-42,-23,26,9,10,5,3
-2,4,-24,5,0,51,3,0,54,6,1,-72,-42,-24,27,9,10,5,3
-5,2,-24,5,-1,55,0,-2,52,8,0,-72,-43,-24,28,9,10,5,3
-4,3,-23,5,-1,55,0,-1,52,8,0,-72,-43,-24,29,9,10,5,3
-4,3,-22,5,0,55,1,-1,52,8,1,-74,-44,-23,27,9,10,5,3
-3,4,-22,7,2,53,0,-1,53,6,0,-72,-42,-23,25,9,10,5,3
-1,9,-22,8,5,50,3,3,54,8,0,-73,-41,-22,24,9,10,5,3
-1,9,-23,6,6,50,2,4,54,9,0,-73,-40,-21,23,9,10,5,3
-2,9,-24,4,6,51,2,5,54,8,0,-73,-39,-18,23,9,10,5,3
-2,8,-25,3,6,53,2,6,55,5,-3,-72,-38,-18,23,9,10,5,3
-13,-4,-9,-22,-7,61,-5,-10,53,3,-4,-72,-38,-18,23,9,10,5,3
-12,-2,-7,-25,-8,61,-3,-7,54,0,-5,-72,-39,-17,24,9,10,5,3
-12,0,-6,-29,-8,59,-1,-4,55,-3,-6,-71,-56,-11,15,9,10,5,3
-10,3,-5,-32,-10,56,0,0,56,59,14,-66,-34,15,5,9,10,5,3
2143,-2867,-2291,13,53,-42,13,13,55,51,17,-68,-31,17,6,9,10,5,3
53,41,30,14,61,-25,17,7,53,46,17,-70,-27,18,7,9,10,5,3
58,38,25,18,70,-10,16,8,55,2662,-505,1890,-25,17,9,9,10,5,3
60,48,32,23,79,0,12,10,59,-95,-22,-86,-10,-8,44,9,10,5,3
61,53,41,-11,-94,77,7,-16,47,-88,-22,-86,-9,-10,43,9,10,5,3
-72,-171,-96,-26,-109,82,8,-18,48,-79,-21,-83,-7,-12,42,9,10,5,3
-69,-186,-106,-36,-119,81,4,-18,49,-71,-20,-81,-8,-14,40,9,10,5,3
-66,-184,-103,-47,-122,79,-1,-15,51,0,-2,-79,-35,-29,69,9,10,5,3
-66,-162,-83,4,-5,190,3,7,57,11,8,-68,-44,-40,75,9,10,5,3
-111,-80,-201,6,-15,164,32,52,67,0,15,-72,-54,-50,82,9,10,5,3
-134,-85,-211,4,-25,135,24,48,63,-7,20,-74,-63,-60,88,9,10,5,3
-150,-68,-203,-17,0,33,19,41,60,-14,24,-74,-34,-7,60,9,10,5,3
-160,-30,-181,-14,-2,36,14,35,60,-23,7,-74,-37,-17,66,9,10,5,3
-1,28,-32,-14,-2,40,-1,2,56,-23,9,-74,-43,-27,68,9,10,5,3
-11,35,-35,-13,0,41,-2,0,56,-21,9,-75,-50,-37,67,9,10,5,3
-20,34,-33,-16,1,33,0,0,58,-21,10,-73,-34,-18,68,9,10,5,3
-24,29,-29,-17,4,31,1,0,57,4,-4,-72,-35,-19,72,9,10,5,3
-3,-10,-31,-17,9,32,0,0,56,3,-5,-72,-35,-19,74,9,10,5,3
-3,-7,-32,-16,15,36,0,1,56,2,-4,-72,-34,-16,75,9,10,5,3
-2,-5,-33,0,24,34,0,1,57,1,-4,-73,-15,-15,56,9,10,5,3
-2,-3,-35,2,23,34,1,0,56,-7,-2,-72,-16,-17,54,9,10,5,3
1,1,-27,2,22,34,2,-2,55,-5,-3,-72,-18,-18,53,9,10,5,3
0,1,-27,3,21,34,3,0,55,-4,-2,-72,-17,-19,53,9,10,5,3
-3,0,-28,-3,10,35,3,1,55,-3,-2,-72,-34,-20,54,9,10,5,3
-5,-2,-29,-4,10,34,3,1,56,4,0,-71,-32,-20,53,9,10,5,3
-3,14,-32,-6,9,34,6,8,59,4,0,-71,-31,-21,53,9,10,5,3
-2,15,-31,-7,10,33,5,7,59,4,0,-71,-30,-22,53,9,10,5,3
-1,16,-31,0,13,35,4,5,59,3,0,-71,-31,-26,52,9,10,5,3
-1,16,-30,0,14,36,3,5,58,-3,-2,-71,-32,-25,52,9,10,5,3
-5,2,-30,0,14,36,0,0,55,-4,-2,-70,-31,-23,53,9,10,5,3
-4,1,-29,0,13,36,0,0,55,-3,-2,-70,-31,-22,53,9,10,5,3
-4,1,-31,0,13,38,0,0,55,-3,-2,-71,-27,-24,52,9,10,5,3
-3,0,-31,0,13,38,0,-1,56,1,-2,-71,-27,-23,51,9,10,5,3
-5,3,-31,0,13,37,1,0,55,0,-2,-71,-28,-22,50,9,10,5,3
-5,4,-32,0,14,36,1,0,56,1,-2,-71,-29,-22,50,9,10,5,3
-5,6,-32,4,11,37,0,0,57,1,-2,-71,-30,-26,56,9,10,5,3
-7,6,-33,3,11,37,0,0,57,0,0,-71,-31,-26,56,9,10,5,3
-4,4,-31,3,11,38,4,3,58,0,0,-71,-30,-27,56,9,10,5,3
-4,5,-31,3,10,38,4,2,57,0,0,-72,-30,-28,56,9,10,5,3
-4,5,-31,5,12,35,4,2,56,0,0,-71,-28,-25,54,9,10,5,3
-2,4,-32,5,13,36,5,3,56,1,1,-71,-27,-25,54,9,10,5,3
-2,7,-31,4,13,38,4,2,57,1,0,-70,-28,-26,54,9,10,5,3
-1,7,-30,3,11,37,4,2,58,1,0,-71,-28,-27,55,9,10,5,3
-2,6,-30,4,13,36,3,3,58,1,-1,-71,-30,-28,52,9,10,5,3
-3,6,-29,4,12,36,2,3,58,0,-3,-70,-30,-28,53,9,10,5,3
-4,3,-31,4,12,36,2,2,55,0,-3,-71,-29,-27,54,9,10,5,3
-6,4,-31,3,11,37,1,2,54,0,-2,-71,-29,-27,56,9,10,5,3
-6,4,-29,5,1,35,1,1,55,0,-1,-71,-24,-27,60,9,10,5,3
-7,2,-30,9,2,34,2,1,56,-57,-39,-64,-23,-31,61,9,10,5,3
-7,2,-30,12,6,35,11,25,57,-77,-13,-74,-24,-38,65,9,10,5,3
-135,-86,-46,140,102,107,8,21,56,-88,6,-84,-62,-121,43,9,10,5,3
-52,-29,-28,152,127,88,3,18,56,34,42,-72,-51,-116,35,9,10,5,3
-30,-29,-24,157,144,76,0,14,56,33,42,-72,-38,-104,28,9,10,5,3
-7,-26,-21,146,157,79,41,5,64,33,39,-73,-27,-87,24,9,10,5,3
13,-26,-17,-129,-10,-66,34,12,68,32,35,-73,-48,-41,25,9,10,5,3
76,39,-44,-134,-4,-60,27,16,71,2,15,-74,-42,-40,28,9,10,5,3
69,48,-35,-136,3,-51,21,23,68,-1,16,-74,-41,-37,26,9,10,5,3
60,46,-32,-132,16,-43,-15,-9,49,-2,15,-75,-38,-35,23,9,10,5,3
50,41,-27,-14,40,-8,-14,-12,40,-3,12,-74,-36,-33,22,9,10,5,3
-28,86,-1,-12,39,-9,-11,-17,43,-8,-6,-75,-39,-10,14,9,10,5,3
-44,108,7,-8,39,-10,-7,-17,45,-6,-6,-75,-33,-8,10,9,10,5,3
-57,133,21,-5,38,-9,37,0,27,-4,-7,-75,-29,-6,5,9,10,5,3
-71,162,29,-49,26,40,-20,-37,50,0,-7,-74,-24,-3,2,9,10,5,3
13,-37,-10,-29,21,28,-18,-28,62,-9,18,-74,-59,-51,20,9,10,5,3
11,-52,-18,-15,16,20,-13,-20,68,-7,17,-74,-60,-55,20,9,10,5,3
6,-53,-26,-6,14,14,-8,-9,68,-5,15,-73,-59,-57,20,9,10,5,3
0,-43,-36,4,20,32,1,0,55,-2,13,-72,-56,-56,19,9,10,5,3
-6,19,-24,7,20,31,2,0,57,6,6,-73,-40,-36,28,9,10,5,3
-8,16,-25,10,21,30,2,0,55,6,7,-73,-40,-36,29,9,10,5,3
-10,13,-27,11,21,30,2,0,56,5,7,-73,-39,-36,30,9,10,5,3
-9,10,-28,10,14,38,0,-3,52,5,6,-73,-39,-36,31,9,10,5,3
-13,12,-25,9,15,37,0,-3,53,0,0,-73,-34,-26,28,9,10,5,3
-15,10,-27,8,17,37,-1,-3,53,-1,0,-74,-33,-26,28,9,10,5,3
-14,9,-29,7,17,36,-1,-4,53,-2,0,-73,-33,-26,28,9,10,5,3
-12,11,-30,9,15,38,0,0,53,-2,0,-74,-32,-25,28,9,10,5,3
-8,13,-29,8,16,38,0,0,53,4,2,-73,-1698,3186,683,9,10,5,3
-12,7,-28,8,15,37,0,0,54,4,1,-73,-37,-29,27,9,10,5,3
-10,7,-30,9,15,37,0,1,54,4,1,-73,-37,-29,27,9,10,5,3
-6,8,-29,10,7,34,-1,-1,51,4,0,-73,-36,-29,28,9,10,5,3
0,10,-26,8,9,34,-1,-1,52,0,0,-75,-36,-29,28,9,10,5,3
-1,-2,-17,7,9,33,-1,-1,53,0,0,-75,-43,-27,20,9,10,5,3
2,3,-13,8,10,31,-1,-1,53,0,-1,-75,-42,-26,21,9,10,5,3
6,10,-11,15,-6,12,3,0,52,0,-2,-75,-41,-24,20,9,10,5,3
9,18,-12,14,-5,15,3,-1,52,4,-1,-73,-39,-22,21,9,10,5,3
-5,10,-29,14,0,20,3,-3,52,3,-1,-73,-34,-28,31,9,10,5,3
-6,10,-29,16,2,25,3,-4,52,1,-1,-74,-34,-27,30,9,10,5,3
-5,12,-29,15,7,20,3,1,55,1,-1,-74,-32,-26,29,9,10,5,3
-4,13,-29,12,7,22,2,0,55,2,-1,-73,-32,-26,28,9,10,5,3
-2,10,-26,12,6,24,1,0,54,0,-1,-73,-31,-25,27,9,10,5,3
0,12,-25,12,4,26,0,-1,53,0,-2,-73,-37,-26,27,9,10,5,3
0,12,-23,8,11,36,0,0,57,-1,-1,-73,-37,-24,28,9,10,5,3
0,13,-23,5,9,38,0,1,56,1,0,-73,-36,-25,30,9,10,5,3
-6,13,-27,4,5,39,1,0,55,0,0,-73,-36,-26,31,9,10,5,3
-4,14,-27,4,3,40,1,0,55,0,1,-73,-34,-27,30,9,10,5,3
-3,14,-26,14,13,34,3,0,54,0,1,-73,-33,-26,28,9,10,5,3
-3,13,-25,14,13,35,2,0,55,-1,-1,-73,-32,-27,28,9,10,5,3
-2,9,-26,14,13,35,1,0,55,4,1,-73,-31,-28,29,9,10,5,3
0,11,-23,15,13,36,0,0,55,4,2,-73,-34,-26,30,9,10,5,3
0,12,-23,14,15,31,1,0,54,4,2,-72,-33,-25,30,9,10,5,3
-2,10,-21,12,17,33,0,1,54,0,0,-74,-33,-24,30,9,10,5,3
-6,9,-22,10,16,36,0,1,55,0,0,-74,-38,-29,28,9,10,5,3
-8,7,-24,18,4,31,0,2,55,0,-1,-74,-37,-29,28,9,10,5,3
-4,9,-26,19,6,31,0,2,56,1,0,-73,-36,-28,28,9,10,5,3
-4,8,-26,17,7,30,2,1,55,0,-1,-73,-35,-28,28,9,10,5,3
-2,6,-23,13,6,28,4,1,54,0,-1,-73,-36,-26,31,9,10,5,3
0,5,-22,11,8,38,1,3,56,-1,0,-74,-37,-27,31,9,10,5,3
-4,5,-25,12,8,37,1,2,54,5,0,-72,-37,-28,32,9,10,5,3
-4,5,-24,12,7,35,1,2,54,5,0,-73,-38,-28,33,9,10,5,3
-3,5,-21,11,6,35,2,2,54,4,0,-73,-39,-26,31,9,10,5,3
-1,4,-21,4,7,29,3,0,55,3,0,-73,-38,-26,29,9,10,5,3
1,9,-22,5,8,29,3,2,54,3,0,-73,-37,-26,28,9,10,5,3
3,10,-20,8,10,29,4,2,54,3,0,-73,-36,-26,29,9,10,5,3
5,12,-20,10,10,29,3,3,55,2,0,-73,-38,-27,34,9,10,5,3
5,12,-21,6,4,32,4,3,55,2,0,-72,-37,-27,34,9,10,5,3
1,10,-22,7,5,33,3,0,57,2,1,-74,-37,-28,34,9,10,5,3
0,10,-23,8,7,34,2,1,57,1,2,-74,-38,-28,34,9,10,5,3
-1,10,-24,9,8,35,1,2,57,0,2,-74,-35,-25,33,9,10,5,3
-3,9,-24,10,13,42,0,2,56,0,3,-74,-35,-26,34,9,10,5,3
-1,8,-21,9,14,41,1,2,54,2,0,-73,-35,-27,34,9,10,5,3
-1,9,-20,9,14,40,0,1,55,3,0,-73,-35,-28,35,9,10,5,3
0,9,-20,9,14,40,0,1,55,3,0,-74,-37,-34,34,9,10,5,3
0,11,-22,15,3,29,0,2,55,3,0,-74,-37,-35,32,9,10,5,3
-10,5,-23,20,4,13,-2,1,53,5,2,-72,-38,-37,30,9,10,5,3
-10,9,-25,21,5,10,-2,2,54,5,1,-72,-39,-38,28,9,10,5,3
-9,11,-26,23,5,8,-2,2,55,5,0,-72,-30,-26,33,9,10,5,3
-8,9,-24,25,4,7,-1,2,56,6,0,-72,-30,-27,33,9,10,5,3
-8,7,-28,20,0,27,0,3,54,1,1,-73,-31,-28,33,9,10,5,3
-9,7,-29,20,-2,24,0,3,55,8,3,-72,-38,-30,29,9,10,5,3
-8,9,-30,19,-3,23,0,3,55,9,3,-72,-38,-31,29,9,10,5,3
-2,9,-24,7,8,38,1,1,54,9,3,-72,-39,-32,30,9,10,5,3
-3,10,-25,7,7,36,1,2,54,9,2,-72,-40,-32,31,9,10,5,3
-2,12,-26,7,7,34,1,2,55,1,2,-74,-35,-27,28,9,10,5,3
-1,13,-25,7,6,33,0,1,55,1,2,-73,-34,-27,28,9,10,5,3
-4,8,-22,8,8,37,0,1,55,0,1,-73,-35,-27,28,9,10,5,3
-4,6,-22,7,7,39,1,1,54,0,0,-73,-36,-26,29,9,10,5,3
-2,5,-22,7,8,40,1,0,53,6,1,-72,-37,-29,28,9,10,5,3
0,7,-22,9,15,42,2,0,52,7,2,-72,-37,-30,27,9,10,5,3
1,-22,-9,9,16,43,0,0,51,7,2,-73,-37,-30,26,9,10,5,3
-12,-22,-16,8,18,44,-2,0,49,-6,2,-74,-65,-47,23,9,10,5,3
-26,-28,-20,9,18,44,-6,-2,48,-7,3,-74,-61,-45,31,9,10,5,3
-42,-38,-18,57,36,11,21,-1,62,-8,4,-74,-57,-41,38,9,10,5,3
-273,-519,331,51,47,18,15,2,60,-8,6,-74,-52,-34,45,9,10,5,3
5,23,-26,42,55,25,9,6,58,-3,-2,-74,-41,-39,30,9,10,5,3
2,16,-30,34,56,33,2,8,56,0,-2,-74,-43,-38,28,9,10,5,3
-4,12,-32,23,32,40,-2,-1,55,0,-2,-73,-41,-35,25,9,10,5,3
-9,21,-22,24,32,37,-1,-2,54,-3,-2,-74,-33,-27,30,9,10,5,3
-5,17,-25,23,31,32,-1,-4,52,-3,-1,-73,-34,-26,29,9,10,5,3
-1,20,-28,28,6,24,1,5,55,-2,-1,-73,-35,-26,28,9,10,5,3
0,25,-31,36,15,23,2,4,56,-2,-2,-74,-34,-25,27,9,10,5,3
-11,-2,-30,42,21,22,3,5,57,-4,-3,-73,-34,-27,28,9,10,5,3
-7,0,-28,1588,3031,-276,3,6,58,-5,-2,-73,-35,-28,28,9,10,5,3
-3,4,-24,15,5,20,4,2,55,-5,-1,-74,-35,-30,30,9,10,5,3
-9,1,-27,15,7,22,4,1,55,-1,1,-74,-35,-23,30,9,10,5,3
-7,0,-25,13,11,25,3,0,55,-2,0,-74,-35,-24,32,9,10,5,3
-6,0,-25,-3,3,31,2,5,57,-3,0,-73,-36,-23,32,9,10,5,3
-1,12,-26,-1,4,31,2,3,56,5,0,-73,-35,-30,29,9,10,5,3
-2,8,-27,1,7,31,1,2,55,4,0,-72,-36,-30,28,9,10,5,3
-2,5,-27,7,0,22,1,2,55,2,0,-72,-35,-29,28,9,10,5,3
-2,3,-27,6,-2,21,1,1,54,2,0,-73,-33,-28,29,9,10,5,3
5,8,-25,3,-4,20,3,1,55,6,2,-73,-36,-33,30,9,10,5,3
4,11,-25,0,-5,19,3,2,56,5,2,-73,-35,-32,29,9,10,5,3
3,12,-23,-21,0,49,3,2,57,3,2,-73,-35,-29,29,9,10,5,3
1,12,-22,-19,0,41,2,3,57,2,2,-73,-35,-27,29,9,10,5,3
-5,0,-20,-11,0,34,-1,0,54,13,0,-72,-33,-20,24,9,10,5,3
-4,-2,-21,0,2,29,-3,0,54,12,0,-73,-34,-22,26,9,10,5,3
-3,-4,-22,0,11,32,-4,-2,54,12,-2,-72,-36,-24,28,9,10,5,3
-5,-6,-24,0,10,34,-3,-2,54,11,-3,-72,-37,-26,31,9,10,5,3
-5,9,-26,1,11,36,3,5,55,4,0,-72,-33,-23,28,9,10,5,3
-3,11,-27,2,12,37,3,4,54,5,0,-72,-33,-23,30,9,10,5,3
0,12,-26,0,11,37,2,3,54,5,0,-73,-33,-25,31,9,10,5,3
-1,13,-26,0,11,36,2,2,54,5,0,-73,-34,-25,32,9,10,5,3
-4,5,-27,0,11,37,3,3,54,2,0,-73,-36,-29,27,9,10,5,3
-2,6,-28,3931,1013,3704,3,3,55,2,0,-73,-37,-28,29,9,10,5,3
-2,7,-28,4,2,31,3,3,57,1,-1,-73,-36,-27,31,9,10,5,3
-3,7,-26,3,2,30,2,4,56,2,-2,-72,-37,-27,33,9,10,5,3
0,5,-23,4,3,29,2,0,53,0,-1,-74,-32,-28,28,9,10,5,3
1,6,-25,6,4,29,2,0,54,0,-2,-73,-32,-28,28,9,10,5,3
4,8,-24,10,3,18,2,1,55,0,-1,-73,-32,-27,29,9,10,5,3
2109,-1528,-197,11,4,24,2,2,56,-1,-1,-73,-33,-26,28,9,10,5,3
0,12,-24,10,6,24,0,4,55,0,0,-73,-34,-28,30,9,10,5,3
0,11,-21,9,6,25,1,0,52,0,0,-73,-35,-27,32,9,10,5,3
-1,11,-20,8,7,27,1,0,53,0,0,-73,-36,-27,34,9,10,5,3
-3,10,-21,10,6,27,1,-1,55,0,0,-73,-36,-29,36,9,10,5,3
0,10,-26,10,7,27,1,0,56,-1,0,-74,-33,-28,31,9,10,5,3
-1,10,-26,11,8,28,1,3,57,-1,0,-74,-33,-30,32,9,10,5,3
-3,9,-25,11,8,28,0,3,57,-1,0,-74,-34,-31,32,9,10,5,3
-4,8,-26,11,5,27,0,2,56,-1,0,-73,-33,-32,31,9,10,5,3
1,10,-23,6,6,25,0,2,55,0,0,-74,-35,-29,30,9,10,5,3
0,12,-23,7,5,25,2,0,53,0,0,-74,-35,-28,31,9,10,5,3
-3,11,-25,7,5,26,2,1,54,1,-1,-74,-35,-28,32,9,10,5,3
-5,9,-26,9,5,27,1,2,56,1,0,-74,-35,-30,31,9,10,5,3
-7,0,-26,0,8,33,0,3,56,4,0,-74,-38,-31,32,9,10,5,3
4,12,-29,2,5,28,0,4,51,1,0,-73,-38,-31,31,9,10,5,3
16,23,-34,3,4,23,-2,0,49,2,0,-73,-39,-31,30,9,10,5,3
22,27,-38,1,2,20,-3,-2,50,4,0,-73,-41,-31,29,9,10,5,3
-28,5,-27,6,-5,29,-3,-2,54,5,0,-73,-38,-31,41,9,10,5,3
-31,-8,-36,3,-3,32,-7,1,53,2,0,-73,-38,-30,39,9,10,5,3
-30,-22,-46,-1,0,36,-8,0,52,0,0,-74,-38,-29,37,9,10,5,3
-33,-31,-54,-5,3,38,-9,-1,52,-1,0,-74,-39,-27,34,9,10,5,3
-11,10,-29,-8,0,35,-8,-1,55,-4,0,-74,-40,-32,35,9,10,5,3
-16,6,-30,-9,-2,34,0,7,59,9,1,-72,-40,-30,34,9,10,5,3
-20,3,-32,-9,-3,33,4,1,54,9,0,-71,-40,-28,34,9,10,5,3
-21,3,-36,-9,-4,31,4,0,54,9,0,-71,-40,-27,34,9,10,5,3
9,11,-28,9,14,31,4,0,55,9,0,-71,-29,-27,32,9,10,5,3
8,13,-29,13,7,18,-3466,2574,-2246,3,0,-74,-28,-26,31,9,10,5,3
7,16,-29,13,5,18,0,1,55,3,0,-73,-28,-27,31,9,10,5,3
4,18,-28,11,4,16,1,0,55,4,0,-74,-29,-27,31,9,10,5,3
-13,27,-27,10,2,16,3,0,55,4,0,-74,-49,-19,22,9,10,5,3
-16,26,-52,1,-37,45,13,5,54,8,3,-72,-49,-20,24,9,10,5,3
-13,22,-55,15,-22,47,15,9,57,11,2,-72,-49,-23,27,9,10,5,3
-9,26,-58,23,-7,43,15,13,60,13,1,-71,-38,-25,32,9,10,5,3
-3,29,-55,24,0,36,15,16,62,14,1,-70,-39,-26,31,9,10,5,3
22,13,-17,5,22,40,3,-2,53,3,0,-72,-40,-26,29,9,10,5,3
21,13,-19,5,21,42,3,-2,53,3,0,-72,-41,-26,27,9,10,5,3
18,14,-19,6,20,45,2,0,54,3,0,-73,-39,-31,31,9,10,5,3
11,14,-20,7,16,46,1,0,55,2,0,-72,-37,-28,30,9,10,5,3
6,6,-23,19,14,29,3,1,56,3,0,-72,-35,-26,29,9,10,5,3
5,10,-22,24,14,31,2,1,56,2,0,-72,-35,-25,30,9,10,5,3
2,11,-22,26,13,33,2,1,56,2,0,-72,-25,-20,29,9,10,5,3
0,11,-22,27,9,35,1,1,56,1,0,-73,-26,-21,29,9,10,5,3
0,7,-26,18,18,27,1,2,55,0,1,-74,-26,-22,29,9,10,5,3
2,6,-25,17,20,28,1,1,54,2,1,-74,-27,-22,29,9,10,5,3
2,6,-24,16,20,31,1,0,54,4,1,-74,-30,-25,33,9,10,5,3
3,7,-24,16,20,33,1,1,54,4,1,-74,-31,-26,33,9,10,5,3
-2,7,-21,0,8,45,3,4,54,6,3,-72,-32,-27,33,9,10,5,3
0,6,-24,2,6,43,4,3,55,7,2,-72,-37,-36,30,9,10,5,3
6,7,-24,4,5,41,4,3,56,7,0,-72,-38,-35,30,9,10,5,3
10,10,-23,7,5,38,4,2,56,6,0,-73,-38,-34,30,9,10,5,3
1,9,-24,10,8,30,1,3,55,2,1,-72,-38,-32,31,9,10,5,3
0,7,-24,11,9,29,0,2,55,1,0,-72,-32,-27,27,9,10,5,3
0,7,-25,12,9,27,0,2,55,1,0,-71,-32,-27,27,9,10,5,3
0,8,-24,14,9,26,0,2,55,1,0,-72,-32,-28,27,9,10,5,3
-3,10,-24,12,7,35,-1,2,55,0,0,-73,-33,-30,33,9,10,5,3
-4,8,-25,13,7,35,0,2,54,1,0,-73,-34,-31,33,9,10,5,3
-5,7,-26,11,7,35,0,1,54,1,0,-73,-34,-32,32,9,10,5,3
-4,7,-26,10,6,34,0,1,54,1,0,-74,-34,-32,32,9,10,5,3
0,8,-26,10,4,32,1,1,55,1,1,-73,-29,-33,28,9,10,5,3
0,8,-25,9,6,31,2,0,55,2,0,-72,-29,-31,27,9,10,5,3
2,10,-24,8,8,29,3,1,55,2,1,-72,-29,-29,28,9,10,5,3
5,13,-24,11,10,27,3,1,56,3,1,-72,-29,-29,28,9,10,5,3
1,-2,-27,5,14,25,0,-4,53,-3,-3,-74,-28,-23,29,9,10,5,3
3,-1,-24,5,12,26,0,-3,53,-5,-4,-74,-29,-24,29,9,10,5,3
4,1,-23,6,10,28,0,-2,54,-7,-4,-75,-31,-26,29,9,10,5,3
3,4,-21,7,6,30,0,-1,54,-8,-4,-74,-33,-27,29,9,10,5,3
7,15,-21,9,9,33,1,3,56,-6,1,-73,-39,-34,30,9,10,5,3
3,14,-23,12,13,35,0,3,57,-7,0,-74,-41,-35,29,9,10,5,3
-1,12,-25,14,16,38,0,3,57,-6,0,-75,-42,-35,30,9,10,5,3
3128,1677,2922,15,16,39,0,1,56,-5,0,-75,-44,-35,31,9,10,5,3
-1,10,-24,1,7,28,0,1,55,2,0,-73,-32,-27,32,9,10,5,3
-3,7,-25,3,5,27,3,4,56,2,0,-73,-31,-29,32,9,10,5,3
-4,7,-25,5,4,27,3,4,56,2,0,-73,-32,-31,31,9,10,5,3
-4,7,-26,8,3,27,3,4,56,3,0,-72,-33,-31,31,9,10,5,3
0,10,-25,7,4,29,3,4,55,2,1,-73,-32,-32,30,9,10,5,3
0,9,-25,8,5,29,2,1,56,2,1,-73,-32,-32,30,9,10,5,3
-1,8,-26,10,6,29,2,1,56,3,1,-73,-32,-31,31,9,10,5,3
0,7,-26,12,7,30,1,2,56,3,1,-73,-33,-32,32,9,10,5,3
-1,5,-23,7,10,33,2,2,54,2,0,-72,-30,-31,33,9,10,5,3
0,6,-24,7,10,34,1,0,55,1,0,-72,-30,-31,33,9,10,5,3
0,9,-24,8,10,34,1,0,54,1,-1,-72,-30,-30,33,9,10,5,3
2,10,-24,9,11,35,0,0,54,0,-1,-73,-31,-31,33,9,10,5,3
2,11,-24,8,10,38,0,0,54,0,0,-73,-31,-31,35,9,10,5,3
3,10,-25,8,10,38,0,0,54,0,0,-73,-31,-31,35,9,10,5,3
4,10,-25,7,11,38,0,0,55,0,0,-73,-31,-31,35,9,10,5,3
4,9,-25,6,10,38,0,0,55,0,0,-73,-31,-31,34,9,10,5,3
0,11,-25,9,6,34,0,0,55,-3,0,-73,-33,-32,31,9,10,5,3
-1,10,-25,8,6,34,-1,1,55,-3,0,-73,-33,-31,32,9,10,5,3
-1,8,-25,7,4,33,-1,0,55,-2,0,-73,-33,-31,33,9,10,5,3
-1,8,-25,7,3,32,0,0,55,-2,0,-73,-32,-31,33,9,10,5,3
1,8,-23,11,2,28,0,0,54,-1,0,-73,-33,-33,31,9,10,5,3
0,7,-26,16,6,26,0,1,55,-1,0,-73,-32,-33,30,9,10,5,3
-1,7,-27,17,6,27,0,1,56,-1,0,-73,-32,-32,30,9,10,5,3
-1,8,-28,17,7,29,0,0,56,0,0,-73,-33,-32,29,9,10,5,3
0,6,-25,16,6,30,0,0,56,-2,-1,-72,-31,-32,32,9,10,5,3
2,6,-25,10,7,36,2,1,54,-1,-1,-72,-31,-33,32,9,10,5,3
2,7,-25,9,7,35,3,1,54,-1,-1,-73,-31,-33,33,9,10,5,3
2,10,-25,8,7,34,2,1,55,-1,-1,-73,-31,-34,34,9,10,5,3
-3,11,-23,8,6,34,2,2,56,0,0,-73,-38,-39,34,9,10,5,3
-2,11,-25,5,14,34,1,3,55,0,0,-73,-37,-39,35,9,10,5,3
0,12,-26,4,10,32,1,3,55,2,0,-73,-36,-40,35,9,10,5,3
0,13,-26,4,7,30,0,1,55,3,0,-73,-34,-40,36,9,10,5,3
1,10,-23,3,5,28,1,0,55,1,0,-74,-31,-33,33,9,10,5,3
1,9,-25,10,2,30,0,2,54,2,1,-74,-31,-34,33,9,10,5,3
2,9,-26,13,3,29,1,2,54,2,1,-73,-31,-33,32,9,10,5,3
4,10,-26,16,5,29,1,2,54,3,1,-74,-31,-33,31,9,10,5,3
0,17,-25,11,4,32,0,6,57,0,2,-73,-33,-33,33,9,10,5,3
-3,17,-26,11,3,32,0,6,56,3,1,-74,-34,-32,34,9,10,5,3
-4,14,-26,11,2,31,0,6,56,2,0,-74,-34,-31,33,9,10,5,3
2,9,-23,4,7,36,0,0,53,1,0,-74,377,708,-1943,9,10,5,3
3,10,-24,3,5,35,0,1,54,0,0,-74,-31,-31,34,9,10,5,3
4,10,-25,2,5,35,0,1,55,2,0,-73,-30,-31,34,9,10,5,3
2,9,-24,2,4,34,-1,1,55,2,1,-73,-31,-32,35,9,10,5,3
15,20,-19,-5,27,83,13,-3,50,3,1,-72,-54,-60,23,9,10,5,3
19,21,-22,-11,22,74,10,-3,52,-1,13,-73,-55,-59,22,9,10,5,3
21,22,-23,-17,15,63,7,0,54,1,15,-72,-55,-55,23,9,10,5,3
9,-7,-16,37,36,34,11,-10,52,4,17,-71,-17,-31,36,9,10,5,3
9,-7,-16,30,42,44,11,-10,51,-23,-4,-77,-18,-31,40,9,10,5,3
9,-7,-18,22,47,52,11,-10,52,-24,-4,-77,-19,-31,43,9,10,5,3
-4,0,-25,26,-4,7,2866,1785,-2869,-23,-4,-77,-21,-31,46,9,10,5,3
-5,0,-25,25,-2,10,1,3,55,-21,-4,-76,-29,-40,26,9,10,5,3
-5,0,-24,24,0,13,0,2,55,-3,-1,-74,-30,-40,26,9,10,5,3
-4,0,-26,24,3,17,0,2,54,-2,-1,-73,-30,-39,26,9,10,5,3
-4,3,-24,13,14,32,0,0,53,-2,-1,-73,-31,-39,27,9,10,5,3
-6,2,-26,11,13,34,3,2,54,-1,-2,-73,-26,-36,38,9,10,5,3
-6,2,-28,10,13,38,3,2,55,1,-5,-73,-26,-36,36,9,10,5,3
-4,2,-30,9,13,42,5,2,56,2,-5,-73,-27,-36,34,9,10,5,3
2,13,-26,33,-28,4,6,2,58,2,-5,-73,-27,-36,32,9,10,5,3
3,10,-23,38,-22,6,0,-5,53,1,-4,-73,-33,-40,35,9,10,5,3
2,10,-23,40,-16,8,0,-8,51,-9,1,-73,-34,-37,37,9,10,5,3
1,13,-23,40,-11,9,3,-9,49,-9,1,-73,-33,-36,39,9,10,5,3
-8,12,-36,24,-5,11,4,-9,49,-9,1,-73,-31,-34,39,9,10,5,3
-4,15,-33,23,-1,16,7,1,55,-7,0,-73,-31,-43,31,9,10,5,3
-1,17,-29,21,4,20,5,1,55,-5,0,-73,-32,-44,32,9,10,5,3
2,20,-25,19,11,25,3,1,53,-5,0,-73,-32,-44,32,9,10,5,3
0,5,-23,8,12,35,1,1,53,-4,-1,-72,-33,-43,34,9,10,5,3
0,5,-24,10,14,38,1,0,54,-2,-1,-72,-29,-35,34,9,10,5,3
-2,6,-24,12,15,41,1,0,53,-1,0,-73,-30,-36,33,9,10,5,3
-3,8,-25,15,17,42,1,0,53,-1,0,-73,-31,-36,33,9,10,5,3
0,10,-24,10,10,35,1,0,54,0,0,-73,-31,-35,32,9,10,5,3
0,11,-26,9,10,35,0,2,55,0,0,-73,-31,-32,32,9,10,5,3
1,10,-26,8,9,35,0,2,55,0,0,-73,-30,-33,32,9,10,5,3
1,10,-27,7,8,36,0,1,54,0,0,-73,-30,-33,32,9,10,5,3
1,9,-28,6,12,30,0,1,54,0,0,-72,-30,-34,32,9,10,5,3
0,9,-27,6,13,31,1,0,54,0,1,-73,-29,-33,33,9,10,5,3
-1,10,-27,7,12,30,1,1,54,1,0,-74,-28,-34,32,9,10,5,3
-1,10,-27,9,10,30,0,1,55,0,0,-74,-28,-35,31,9,10,5,3
1,12,-27,-1,3,34,0,1,54,0,0,-73,-28,-35,29,9,10,5,3
1,12,-27,0,2,32,2,2,56,0,0,-73,-28,-34,34,9,10,5,3
2,12,-27,2,3,30,3,1,55,-1,0,-73,-29,-34,35,9,10,5,3
3,14,-27,5,3,29,3,1,55,-2,0,-73,-28,-35,35,9,10,5,3
-3,13,-24,-806,723,726,2,1,54,-2,0,-73,-28,-35,35,9,10,5,3
-2,13,-27,26,14,35,3,4,54,8,4,-72,-23,-35,36,9,10,5,3
-2,13,-28,19,15,34,3,4,53,7,2,-72,-22,-33,36,9,10,5,3
4,4,-26,13,17,32,3,4,54,6,2,-72,-22,-32,34,9,10,5,3
-2,10,-28,12,3,34,2,4,56,3,2,-73,-30,-35,33,9,10,5,3
-1,8,-28,6,10,26,1,3,56,3,2,-73,-32,-35,32,9,10,5,3
0,8,-28,6,9,24,0,2,56,3,2,-73,-33,-36,32,9,10,5,3
1,7,-24,5,8,24,1,0,56,0,-2,-73,-29,-32,31,9,10,5,3
2,8,-25,4,7,24,1,0,55,0,-1,-73,-28,-33,32,9,10,5,3
4,10,-24,0,4,30,0,0,55,0,-1,-73,-30,-34,33,9,10,5,3
6,11,-23,0,4,29,0,0,55,0,0,-73,-30,-35,33,9,10,5,3
1,7,-21,0,5,29,1,1,53,0,0,-72,-29,-32,31,9,10,5,3
0,7,-22,10,6,31,1,0,53,-1,-1,-72,-29,-32,31,9,10,5,3
0,8,-23,10,5,30,0,0,52,0,0,-73,-30,-33,32,9,10,5,3
2,11,-23,11,6,29,0,0,53,0,0,-74,-30,-33,33,9,10,5,3
0,11,-25,11,8,28,1,4,54,2,0,-72,-28,-34,32,9,10,5,3
1,12,-24,13,10,33,1,3,54,2,1,-72,-29,-35,32,9,10,5,3
2,13,-24,12,9,35,1,2,54,2,0,-72,-28,-36,32,9,10,5,3
3,15,-26,12,7,35,0,2,53,2,0,-72,-30,-36,32,9,10,5,3
-5,8,-25,11,6,35,0,0,55,0,0,-73,-27,-35,33,9,10,5,3
-5,7,-25,9,8,31,0,0,55,0,0,-74,-28,-36,33,9,10,5,3
-4,5,-25,9,7,30,0,0,54,0,0,-74,-28,-37,33,9,10,5,3
-1,5,-27,8,5,29,1,0,54,-1,0,-73,-28,-36,32,9,10,5,3
2,13,-21,8,4,29,2,3,56,1,0,-73,-29,-34,32,9,10,5,3
4,15,-22,2,15,39,3,3,55,0,0,-73,-28,-35,33,9,10,5,3
6,16,-22,3,14,38,3,3,55,0,-1,-73,-28,-35,33,9,10,5,3
7,17,-23,4,12,37,3,3,56,0,-1,-73,-28,-35,33,9,10,5,3
-8,6,-11,4,10,36,6,9,58,-13,-3,-75,-46,-34,26,9,10,5,3
-9,7,-13,-9,-17,55,4,9,58,-17,-2,-76,-46,-37,26,9,10,5,3
-9,10,-17,-9,-19,57,2,8,59,-20,-2,-76,-49,-42,27,9,10,5,3
3308,-518,-2150,-13,-19,59,0,5,58,-23,-1,-76,-52,-46,27,9,10,5,3
-36,49,-16,-20,-18,63,-15,22,60,-2,7,-73,-63,-16,7,9,10,5,3
-40,48,-18,28,54,-26,-17,23,62,-4,7,-74,-61,-11,7,9,10,5,3
-43,44,-19,19,66,-19,-20,26,64,-5,9,-74,-56,-5,7,9,10,5,3
-45,41,-22,10,73,-12,-19,27,64,-6,12,-74,-56,-2,8,9,10,5,3
18,7,-89,3,73,-9,-6,7,56,14,25,-70,-26,-77,67,9,10,5,3
21,6,-94,131,26,-10,-5,4,53,17,22,-69,-25,-85,75,9,10,5,3
27,2,-98,125,28,-2,-2,1,51,14,21,-70,-22,-90,82,9,10,5,3
122,-1,-36,118,32,6,13,-10,53,13,17,-70,-16,-93,89,9,10,5,3
105,-60,193,199,284,250,12,-3,55,152,-8,-47,-33,-6,129,9,10,5,3
81,-32,193,199,278,154,10,3,58,130,-13,-67,-33,-16,114,9,10,5,3
51,9,163,194,255,72,10,8,62,88,-11,-79,-32,-21,93,9,10,5,3
19,56,114,191,213,5,-9,-21,51,36,-6,-89,-27,-21,67,9,10,5,3
33,-91,-45,-2,-51,18,-11,-25,47,19,1,-65,-22,-21,46,9,10,5,3
39,-81,-33,0,-46,24,-13,-28,43,24,4,-66,-22,-23,43,9,10,5,3
42,-73,-18,5,-38,32,-13,-31,42,26,7,-66,-20,-27,42,9,10,5,3
39,-66,-4,11,-27,38,-13,-11,52,26,8,-66,-17,-30,42,9,10,5,3
-50,32,-71,48,13,66,-14,-14,51,-19,4,-69,-15,-59,56,9,10,5,3
-44,41,-65,54,17,70,-15,-14,50,-24,3,-69,-13,-56,54,9,10,5,3
-39,39,-50,58,22,74,-17,-15,50,-28,2,-70,-13,-54,51,9,10,5,3
-34,29,-33,63,23,77,-12,-6,59,-33,0,-71,-12,-50,47,9,10,5,3
5,42,-22,13,27,38,-10,-3,61,-24,-2,-88,-57,-17,26,9,10,5,3
0,46,-24,7,21,39,-7,-1,61,-22,-5,-88,-57,-21,30,9,10,5,3
-4,50,-26,3,15,41,-4,0,61,-22,-8,-87,-59,-26,35,9,10,5,3
-8,52,-29,0,11,44,6,22,63,-28,-8,-79,-60,-28,39,9,10,5,3
19,27,-37,-8,-24,97,5,19,62,88,4,-57,-30,-48,71,9,10,5,3
20,32,-38,3,-18,101,5,17,61,75,7,-57,-29,-46,70,9,10,5,3
20,35,-37,14,-13,100,5,16,60,62,11,-61,-29,-45,69,9,10,5,3
19,36,-35,22,-9,95,-16,-19,50,47,12,-64,-28,-44,66,9,10,5,3
-17,0,-21,64,36,52,-17,-21,49,-88,-17,-78,-18,-22,50,9,10,5,3
-17,0,-21,64,37,52,-16,-22,48,-84,-16,-78,-16,-22,50,9,10,5,3
-18,1,-23,63,37,53,-15,-23,47,-79,-15,-77,-15,-23,51,9,10,5,3
-18,0,-27,61,37,52,10,20,63,-74,-14,-77,-15,-25,50,9,10,5,3
3,35,-26,-2,-4,73,8,20,64,28,3,-69,-33,-34,53,9,10,5,3
5,36,-25,15,5,67,8,19,63,25,3,-70,-34,-35,52,9,10,5,3
7,33,-25,18,4,67,7,19,63,21,3,-69,-35,-36,52,9,10,5,3
5,30,-27,19,4,65,0,-1,56,19,2,-69,-34,-37,51,9,10,5,3
-2,13,-27,19,4,64,0,-1,56,-7,-3,-71,-25,-26,52,9,10,5,3
-2,15,-26,5,4,66,0,-1,57,-5,-3,-71,-24,-26,52,9,10,5,3
-2,16,-26,3,4,66,-1,-1,57,-3,-2,-71,-24,-26,53,9,10,5,3
-2,17,-27,3,4,66,-1,0,57,-1,-1,-71,-24,-27,53,9,10,5,3
-6,14,-32,5,5,67,-1,1,57,-6,2,-71,-25,-32,50,9,10,5,3
-4,12,-30,9,5,67,-1,1,58,-4,2,-71,-24,-31,50,9,10,5,3
-3,11,-27,9,5,67,-1,1,58,-2,2,-70,-24,-31,50,9,10,5,3
-4,11,-27,9,6,66,0,0,57,-1,1,-70,-25,-31,52,9,10,5,3
0,21,-53,10,7,65,0,0,57,-5,6,-71,-11,-26,60,9,10,5,3
1,23,-62,8,7,73,0,0,57,-4,6,-71,1,-17,57,9,10,5,3
2,24,-69,6,1,77,0,0,56,-1,5,-71,12,-10,53,9,10,5,3
4,23,-71,6,-2,78,-8,20,64,2,3,-70,19,-4,47,9,10,5,3
-11,-1,-5,8,-4,78,-5,20,65,18,-16,-69,-47,-39,32,9,10,5,3
-11,-6,-5,-4,-14,57,-1,19,65,12,-17,-70,-55,-50,35,9,10,5,3
-11,-8,-7,-3,-12,56,1,16,65,6,-16,-71,-60,-58,39,9,10,5,3
-12,-8,-11,-2,-9,53,11,-20,47,0,-14,-72,-64,-65,45,9,10,5,3
3,22,-30,0,-3,53,-10,15,63,-19,3,-71,-9,-11,56,9,10,5,3
-4,27,-19,10,-6,54,-8,16,65,-17,1,-70,-17,-15,55,9,10,5,3
-14,29,-13,9,0,52,-5,16,65,-14,0,-71,-25,-21,54,9,10,5,3
-24,29,-11,10,6,52,-3,14,64,-12,0,-71,-32,-29,55,9,10,5,3
9,13,-23,11,12,53,0,0,57,-7,-1,-72,-28,-33,59,9,10,5,3
6,16,-25,-1,-1,57,-1,1,57,-9,0,-72,-27,-31,59,9,10,5,3
3,18,-27,-3,-2,57,-4,3,57,-10,1,-72,-26,-31,60,9,10,5,3
0,21,-29,-3,-1,57,-6,4,58,-10,2,-72,-25,-30,57,9,10,5,3
61,79,411,-2,0,57,-2,-2,54,-4,0,-72,-23,-29,55,9,10,5,3
-1,11,-25,8,1,59,-2,-2,55,-5,0,-71,-23,-30,57,9,10,5,3
-3,15,-29,8,-2,60,-1,-2,55,-6,-1,-72,-25,-32,58,9,10,5,3
-4,19,-31,8,-6,60,0,-2,55,-5,-2,-72,-26,-32,59,9,10,5,3
-6,23,-32,7,-9,58,10,5,59,-29,4,-69,-31,-74,57,9,10,5,3
-31,30,-33,40,13,134,9,9,61,-27,7,-73,-31,-71,53,9,10,5,3
-39,21,-33,38,-26,123,8,15,63,-21,9,-75,-30,-68,48,9,10,5,3
-38,13,-30,45,-50,103,5,19,65,-14,10,-73,-30,-65,45,9,10,5,3
-31,10,-26,57,-56,84,3,5,60,-26,-8,-74,-14,-23,49,9,10,5,3
-18,-10,-34,-42,-127,-91,0,3,58,-24,-10,-75,-12,-23,52,9,10,5,3
-13,-7,-31,-44,-110,-79,0,0,57,-22,-11,-75,-10,-25,55,9,10,5,3
-8,-2,-32,-48,-94,-72,-1,-2,56,-19,-12,-75,-10,-27,57,9,10,5,3
-4,2,-37,-53,-79,-69,2,12,62,2,5,-71,-15,-12,22,9,10,5,3
-9,19,-25,31,33,-28,0,12,62,1,6,-71,-18,-12,25,9,10,5,3
-8,19,-22,28,19,-33,-1,13,62,1,6,-71,-21,-13,28,9,10,5,3
-9,16,-21,27,4,-39,-2,12,62,0,6,-71,-21,-15,33,9,10,5,3
-12,14,-23,24,-4,-43,6,5,58,-6,-2,-73,-20,-37,42,9,10,5,3
2,17,-25,-1,-27,-75,6,6,59,-6,-2,-72,-21,-38,40,9,10,5,3
1,18,-23,-2,-26,-81,6,7,59,-6,-1,-73,-19,-39,37,9,10,5,3
0,20,-23,-3,-24,-87,5,8,60,-6,0,-73,-20,-38,36,9,10,5,3
-1,18,-26,-3,-22,-93,3,1,56,1,10,-71,-22,-46,47,9,10,5,3
21,43,-2,-43,-64,-52,4,1,57,2,8,-71,-24,-43,43,9,10,5,3
-26,2,-61,-45,-75,-58,6,0,57,3,7,-70,-28,-41,39,9,10,5,3
-24,-1,-53,-46,-83,-64,7,0,58,3,5,-70,-28,-38,33,9,10,5,3
-23,-2,-42,-46,-91,-70,1,0,55,-11,19,-73,-15,-59,34,9,10,5,3
-19,0,-32,-135,296,57,0,2,56,12,-3,-75,-13,-50,31,9,10,5,3
32,257,-12,-117,345,121,0,4,58,20,-3,-78,-11,-39,29,9,10,5,3
-112,-212,-176,-75,408,203,-1,7,60,34,4,-68,-5,-23,26,9,10,5,3
-73,-152,-137,-16,464,297,-7,-3,60,56,11,-57,-27,-74,106,9,10,5,3
-36,-91,-88,2,-61,91,-11,-8,59,-32,10,-75,-29,-82,120,9,10,5,3
-6,-26,-32,2,-56,78,-15,-14,57,-30,10,-75,-30,-92,129,9,10,5,3
-30,-6,-27,2,-48,68,-18,-20,53,-24,9,-74,-28,-101,131,9,10,5,3
-29,-8,-29,4,-39,60,-4,-13,52,-16,7,-74,-31,-60,57,9,10,5,3
-27,-10,-30,-18,4,48,1,-7,55,2,6,-71,-28,-58,51,9,10,5,3
-25,-11,-32,-20,5,49,5,0,58,11,4,-71,-26,-56,45,9,10,5,3
9,19,-37,-20,6,49,9,4,59,19,1,-70,-24,-54,42,9,10,5,3
11,17,-37,-17,9,51,7,9,60,25,0,-70,-17,-40,61,9,10,5,3
12,17,-33,-8,-8,54,3,6,59,-18,7,-73,-16,-44,66,9,10,5,3
11,20,-27,22,-1,55,0,2,58,-14,7,-73,-18,-50,71,9,10,5,3
-38,39,-61,19,0,52,-1,0,57,-10,8,-72,-21,-55,73,9,10,5,3
-8,9,-38,15,2,50,-5,-2,55,-7,7,-71,-25,-34,51,9,10,5,3
-6,7,-37,12,7,49,-3,0,56,-4,1,-71,-25,-35,50,9,10,5,3
-4,7,-35,1,6,58,-2,2,57,-2,1,-70,-25,-36,48,9,10,5,3
-2,9,-32,0,8,59,0,4,58,0,1,-69,-25,-37,48,9,10,5,3
-2,11,-26,0,9,60,0,1,57,1,0,-69,-25,-43,46,9,10,5,3
-3,13,-25,-2,10,59,-1,2,58,-1,0,-72,-22,-40,49,9,10,5,3
-3,14,-26,1,8,59,-2,3,58,0,0,-71,-22,-39,49,9,10,5,3
-4,16,-28,7,8,57,-2,2,57,0,0,-71,-21,-37,50,9,10,5,3
-2,8,-30,6,9,57,0,0,57,1,0,-71,-21,-36,51,9,10,5,3
-3,7,-30,4,10,56,0,1,57,-3,-1,-72,-19,-36,51,9,10,5,3
-3,8,-30,2,10,54,0,2,58,-3,-1,-72,-19,-36,52,9,10,5,3
-3,10,-31,3,7,53,0,1,57,-3,-1,-72,-20,-37,52,9,10,5,3
2,9,-36,1,8,54,1,2,57,-2,-1,-71,-19,-36,52,9,10,5,3
2,10,-34,1,7,55,1,2,58,-5,-2,-72,-20,-35,56,9,10,5,3
0,13,-31,0,6,57,1,3,59,-6,-2,-72,-18,-35,57,9,10,5,3
0,16,-27,17,-5,50,0,2,59,-6,-1,-72,-17,-35,56,9,10,5,3
17,15,-24,12,-7,42,0,0,54,-6,-1,-72,-17,-36,54,9,10,5,3
18,11,-22,7,-7,37,0,0,56,10,0,-70,-19,-24,65,9,10,5,3
16,8,-18,4,-8,35,0,1,57,13,-3,-70,-20,-20,61,9,10,5,3
10,8,-16,-19,15,61,0,3,57,13,-4,-68,-22,-14,55,9,10,5,3
13,17,-12,-16,6,63,0,-6,57,12,-4,-71,-23,-9,50,9,10,5,3
9,21,-5,-14,-4,64,1,-6,57,-51,-35,-78,-27,-98,138,9,10,5,3
4,22,-6,-12,-13,65,3,-6,56,-46,-45,-71,-25,-106,133,9,10,5,3
0,22,-15,38,91,125,6,-5,56,-38,-52,-66,-24,-116,118,9,10,5,3
-62,28,-17,15,109,149,-33,-7,52,-32,-55,-65,-24,-124,100,9,10,5,3
-73,26,-18,-7,117,167,-29,-4,53,12,-2,-72,-53,-25,35,9,10,5,3
-83,19,-23,-23,126,163,-26,0,54,6,-4,-72,-52,-22,41,9,10,5,3
-95,8,-30,238,-50,-102,-20,2,57,1,-6,-72,-50,-20,44,9,10,5,3
-88,-25,-50,195,-75,-65,-22,-1,54,-1,-9,-72,-45,-21,48,9,10,5,3
46,27,-41,124,-95,-25,-24,-2,54,-7,1,-72,-12,-38,77,9,10,5,3
50,28,-37,8,-82,-96,-26,-4,53,13,-10,-69,-12,-34,69,9,10,5,3
57,27,-32,7,-89,-95,6,26,65,15,-10,-70,-12,-34,56,9,10,5,3
65,26,-26,0,-94,-89,3,23,65,19,-9,-72,-8,-30,43,9,10,5,3
60,21,-28,-11,-95,-81,0,23,64,24,-6,-71,-9,0,35,9,10,5,3
62,23,-26,19,-16,0,-3,21,61,-2,-8,-71,-16,0,41,9,10,5,3
60,23,-25,24,-20,0,-3,-1,52,-4,-6,-72,-15,-1,40,9,10,5,3
55,21,-24,29,-23,-1,11,4,57,-6,-4,-72,-9,5,42,9,10,5,3
43,32,-14,32,-23,0,14,5,57,-8,-4,-72,-6,-5,34,9,10,5,3
35,33,-17,121,45,23,16,3,58,-78,-59,-231,-5,-2,31,9,10,5,3
30,30,-18,105,20,52,17,3,56,-90,-47,-76,-10,-1,27,9,10,5,3
26,28,-20,85,-9,68,-32,-12,57,-115,-18,119,-12,1,22,9,10,5,3
-29,42,-127,63,-36,73,-35,-14,57,-108,-17,182,-38,-209,93,9,10,5,3
-21,36,-116,113,-121,-13,-39,-15,58,18,38,-75,24,-79,91,9,10,5,3
-14,29,-105,95,-110,-11,2,-79,-33,46,37,-75,28,-73,90,9,10,5,3
5,-24,-71,75,-91,-6,-5,-78,-52,75,35,-73,32,-67,87,9,10,5,3
-2,-20,-80,59,-67,1,-12,-75,-71,98,33,-69,33,-63,83,9,10,5,3
-11,-20,-88,-4,55,2,-18,-73,-92,27,-57,-69,36,-33,-2,9,10,5,3
-21,-28,-94,-6,51,3,18,23,8,26,-58,-70,-2,-51,77,9,10,5,3
-49,82,90,-5,46,6,18,35,80,20,-56,-68,-5,-43,81,9,10,5,3
-55,107,77,-1,38,10,8,44,142,13,-53,-71,-8,-40,79,9,10,5,3
-57,118,54,-47,30,-1,1,49,176,-129,-26,85,-10,-41,72,9,10,5,3
-60,109,25,-47,31,-2,4,3,66,-187,-5,263,-50,-30,65,9,10,5,3
-23,-6,-41,-47,33,7,6,3,64,-141,-17,263,-48,-41,67,9,10,5,3
-17,-22,-40,-41,37,28,8,2,64,-50,-41,184,-44,-53,64,9,10,5,3
-8,-35,-29,15,1,61,9,1,64,11,0,-70,-40,-63,57,9,10,5,3
-1,-43,-15,16,5,61,9,6,65,11,-3,-70,-22,-37,44,9,10,5,3
0,33,-19,16,10,61,8,7,64,8,-5,-68,-21,-35,42,9,10,5,3
5,33,-16,15,14,60,7,7,64,4,-7,-71,-23,-35,40,9,10,5,3
8,34,-16,-9,12,55,6,7,64,0,-2,-71,-23,-36,38,9,10,5,3
9,33,-19,-9,13,58,9,6,62,0,-1,-71,-14,-35,49,9,10,5,3
-4,15,-24,-7,13,60,10,6,62,1,-1,-70,-12,-35,47,9,10,5,3
-2,12,-26,-4,11,61,9,7,63,2,0,-71,-11,-36,47,9,10,5,3
0,8,-28,13,10,56,8,7,64,-10,0,-72,-10,-35,46,9,10,5,3
0,5,-29,10,7,56,2,4,65,-9,0,-72,-14,-33,48,9,10,5,3
2,16,-27,9,5,56,3,4,65,-7,0,-72,-13,-34,45,9,10,5,3
1,17,-25,9,5,55,4,5,64,-6,0,-71,-14,-36,46,9,10,5,3
0,17,-24,10,7,55,0,0,64,-2,0,-70,-15,-37,47,9,10,5,3
0,18,-24,9,6,55,0,-1,63,-3,0,-70,-16,-38,48,9,10,5,3
0,17,-33,10,6,55,0,-1,64,-3,0,-70,-16,-37,44,9,10,5,3
0,16,-32,10,6,55,0,-1,63,-2,0,-69,-16,-37,44,9,10,5,3
-1,15,-30,8,8,57,2,1,63,-1,0,-70,-15,-37,44,9,10,5,3
-2,15,-30,8,7,57,1,1,63,-2,0,-69,-15,-36,44,9,10,5,3
-1,16,-31,8,7,57,0,0,63,-2,-1,-69,-15,-36,41,9,10,5,3
-2,15,-29,8,7,56,1,0,64,-2,0,-70,-16,-36,42,9,10,5,3
-1,15,-27,5,9,58,1,3,64,-2,0,-70,-15,-36,43,9,10,5,3
-1,15,-26,5,7,60,1,3,62,-1,0,-70,-15,-36,43,9,10,5,3
                                                                                                                                                                                                                                                                                                                                                                                                                                                                                                                                                                                                                                                                                                                                                                                                                                                                                                                                                                                                                                                                                                                                                                                                                                                                                                                                                                                                                                                                                                                                                                                                                                                                                                                                                                                                                                                                                                                                                                                                                                                                                                                                                                                                                                                                                                                                                                                                                                                                                                                                                                                                                                                                                                                                                                                                                                                                                                                                                                                                                                                                                                                                                                                                                                                                                                                                                  