-243,-232,550,-107,198,265,-231,129,151,-788,-296,165,-112,234,233,9,10,5,3
-238,-286,528,-101,201,275,-240,153,178,-877,-149,140,-67,228,254,9,10,5,3
-242,-340,506,-90,202,285,-256,186,211,-956,-17,114,-30,221,270,9,10,5,3
96,263,-542,-376,-114,-104,128,9,-196,-106,392,-216,147,-218,-49,9,10,5,3
125,266,-536,-358,-100,-106,80,66,-172,198,-44,-110,139,-214,-32,9,10,5,3
151,266,-522,-336,-90,-98,55,107,-131,221,-90,-107,132,-216,-12,9,10,5,3
173,270,-504,-313,-83,-84,42,136,-108,229,-101,-99,117,-218,0,9,10,5,3
22,192,411,-12,-104,128,-567,-348,386,231,-80,-95,80,-11,323,9,10,5,3
-161,111,664,0,-81,179,-332,-46,412,-686,314,-96,170,27,408,9,10,5,3
-190,152,616,14,-54,217,-28,61,358,-618,411,-38,242,46,458,9,10,5,3
-215,213,563,24,-32,246,271,21,259,-518,510,8,275,48,469,9,10,5,3
-234,287,513,11,302,-68,-58,-89,-68,-403,593,42,-348,-166,-87,9,10,5,3
279,-277,-413,10,305,-102,-107,-131,-76,-351,-303,-117,-380,-142,-108,9,10,5,3
262,-304,-405,0,305,-131,-164,-159,-59,-321,-278,-54,-402,-82,-119,9,10,5,3
249,-330,-393,-14,314,-144,-229,-136,-38,-227,-234,-51,-427,-9,-125,9,10,5,3
233,-356,-376,124,189,-244,-461,92,-62,-101,-201,-71,-220,272,-335,9,10,5,3
41,-109,506,148,171,-257,-402,305,-150,-100,994,164,-208,278,-318,9,10,5,3
105,-55,524,154,149,-272,-543,523,-250,151,1055,57,-192,281,-283,9,10,5,3
141,1,549,146,129,-274,-802,697,-69,317,1120,-98,-172,281,-229,9,10,5,3
151,51,575,191,20,150,-346,-131,38,442,1174,-271,-176,304,49,9,10,5,3
-145,-395,-420,238,10,114,-316,-71,9,-273,75,-362,-171,317,1,9,10,5,3
-164,-382,-457,273,-6,68,-273,-7,-33,-266,239,-354,-162,336,-48,9,10,5,3
-183,-363,-491,307,-16,19,-229,76,-49,-259,390,-282,-128,339,-93,9,10,5,3
-205,-342,-518,132,-145,-196,-88,358,-17,-251,491,-191,190,187,-180,9,10,5,3
-328,169,-92,109,-147,-235,-20,277,-77,964,526,-109,166,183,-225,9,10,5,3
-350,115,-34,81,-142,-277,262,176,-210,1080,347,-161,144,173,-276,9,10,5,3
-371,50,32,56,-130,-317,550,242,-356,1099,97,-217,135,155,-326,9,10,5,3
-387,-14,110,19,-121,312,-369,109,305,1043,-157,-262,170,173,311,9,10,5,3
-145,-194,-337,28,-148,271,-353,117,217,236,119,-231,194,174,267,9,10,5,3
-159,-183,-389,32,-169,229,-318,133,129,270,130,-245,226,144,223,9,10,5,3
-173,-168,-438,38,-184,184,-271,146,57,296,139,-243,237,126,161,9,10,5,3
-183,-136,-480,-97,-132,-58,431,32,159,307,149,-221,244,-192,-46,9,10,5,3
46,362,-162,-103,-140,-76,493,-10,146,218,112,-113,232,-202,-66,9,10,5,3
87,355,-129,-108,-146,-94,540,-47,127,208,52,-149,217,-211,-84,9,10,5,3
139,344,-92,-109,-152,-111,580,-69,97,206,-19,-167,204,-215,-106,9,10,5,3
195,335,-54,9,256,207,40,197,211,216,-118,-140,39,-6,247,9,10,5,3
-394,64,228,35,223,208,97,186,208,-218,55,106,53,-32,228,9,10,5,3
-369,76,218,51,185,211,152,180,206,28,-152,237,59,-52,221,9,10,5,3
-344,81,206,58,149,213,194,176,212,100,-231,415,71,-70,232,9,10,5,3
-314,83,182,-244,116,-47,295,28,-163,54,-179,434,-129,-328,-25,9,10,5,3
400,-195,-262,-234,110,-30,305,54,-127,112,-240,-150,-124,-321,-22,9,10,5,3
386,-207,-258,-218,109,-11,302,48,-76,155,-244,-160,-125,-304,-20,9,10,5,3
372,-215,-256,-202,109,-1,283,5,-10,203,-245,-162,-126,-293,-19,9,10,5,3
361,-221,-253,146,147,208,-192,-336,189,225,-243,-149,45,-7,269,9,10,5,3
136,540,641,182,149,240,-154,-307,258,963,256,358,-37,-26,409,9,10,5,3
120,588,557,223,151,267,-114,-285,283,1051,312,273,-62,-48,416,9,10,5,3
99,615,471,260,153,288,-59,-264,321,1093,378,157,-81,-72,416,9,10,5,3
82,622,397,274,257,-82,-5,43,-133,1075,427,50,-95,-88,415,9,10,5,3
-19,-361,-338,268,235,-76,34,-17,-103,-179,-134,-146,-218,160,-15,9,10,5,3
-29,-360,-306,247,216,-63,77,-71,-76,-177,-126,-139,-231,155,-29,9,10,5,3
-37,-352,-280,214,199,-47,100,-121,-43,-180,-116,-125,-224,162,-47,9,10,5,3
-44,-336,-262,71,-13,-16,330,338,426,-176,-106,-112,-226,178,-71,9,10,5,3
-100,-215,800,71,-53,59,173,122,390,696,-125,6,-223,-134,354,9,10,5,3
-56,-178,828,57,-87,118,-19,38,324,634,-211,90,-194,-96,361,9,10,5,3
0,-139,847,41,-111,168,-204,57,219,578,-283,164,-166,-57,379,9,10,5,3
69,-106,860,198,-142,-26,-3,73,-107,513,-359,228,-134,-23,404,9,10,5,3
-277,-50,-276,213,-137,-14,53,100,-107,-111,68,59,476,304,118,9,10,5,3
-291,-14,-267,227,-150,5,107,115,-80,16,69,-59,491,297,112,9,10,5,3
-300,12,-262,236,-186,29,186,123,-52,178,155,-132,491,291,97,9,10,5,3
-308,35,-260,38,-93,-320,506,-247,-90,342,271,-116,479,257,90,9,10,5,3
-341,144,247,37,-82,-316,732,-391,-120,684,-638,-61,61,-66,186,9,10,5,3
-354,138,392,43,-73,-311,991,-526,42,571,-772,-82,40,-35,270,9,10,5,3
-355,152,537,50,-70,-305,1155,-651,178,442,-878,-106,26,-8,319,9,10,5,3
-338,183,668,-136,-31,276,318,414,183,266,-943,-133,24,18,326,9,10,5,3
-353,34,-393,-154,-47,237,255,342,117,312,-54,-219,295,-165,-262,9,10,5,3
-340,78,-435,-177,-55,188,180,260,74,317,-66,-251,291,-197,-287,9,10,5,3
-318,129,-469,-194,-58,132,120,170,32,307,-48,-251,284,-229,-297,9,10,5,3
-292,181,-492,-215,16,-27,235,-167,87,267,-3,-233,283,-260,-296,9,10,5,3
325,122,-16,-215,24,-28,200,-191,97,195,-26,-54,-91,-250,-117,9,10,5,3
344,-68,253,-213,31,-35,165,-211,100,-93,-577,-21,-100,-239,-138,9,10,5,3
353,-29,285,38,59,274,86,-421,99,-219,-723,-33,-106,-227,-163,9,10,5,3
368,34,309,56,26,285,30,-436,177,-347,-786,-65,-114,-217,-188,9,10,5,3
376,115,321,66,2,288,3,-392,280,-474,-762,-108,0,-245,100,9,10,5,3
300,297,-200,70,0,288,0,-334,381,12,-267,139,-41,-243,86,9,10,5,3
322,234,-209,-37,405,-48,63,298,-130,-246,-100,-127,-88,-242,78,9,10,5,3
334,172,-224,-25,405,-38,71,182,-149,-239,-105,-80,-135,-247,75,9,10,5,3
347,98,-242,-11,406,-27,68,62,-180,-192,-113,-56,-265,115,-113,9,10,5,3
-38,-364,-128,5,403,-22,74,-49,-202,-114,-122,-68,-267,124,-109,9,10,5,3
-54,-349,-77,75,91,-189,-184,1757,198,-486,510,-30,-265,138,-99,9,10,5,3
-77,-333,-26,79,48,-93,54,1738,320,-618,771,-19,-261,147,-83,9,10,5,3
-102,-317,20,98,-12,18,206,1239,482,-614,935,-32,-84,-134,333,9,10,5,3
499,-161,50,127,-82,130,186,611,497,-427,1009,-81,-94,-126,334,9,10,5,3
481,-197,-4,321,112,43,-128,146,2,-219,345,27,-102,-115,320,9,10,5,3
454,-224,-59,354,90,18,-49,186,-19,-9,357,-109,-108,-101,292,9,10,5,3
418,-246,-109,386,59,-10,39,193,-31,-59,212,-121,136,258,-56,9,10,5,3
-341,29,-370,412,16,-45,196,184,-71,-142,46,-140,94,212,-20,9,10,5,3
-363,23,-339,94,-12,-360,1444,-97,150,1142,441,11,67,177,7,9,10,5,3
-372,23,-303,89,-3,-331,1346,-209,251,1297,213,21,47,157,28,9,10,5,3
-371,36,-255,88,6,-267,1106,-272,386,1349,-87,-5,-10,79,511,9,10,5,3
113,-225,555,93,6,-177,810,-253,482,1275,-394,-83,12,87,530,9,10,5,3
69,-209,500,-74,-382,-59,-39,-347,-170,544,83,-206,36,92,516,9,10,5,3
20,-217,435,-84,-387,-62,-39,-282,-154,499,95,-157,62,95,484,9,10,5,3
-19,-245,345,-95,-387,-67,0,-197,-163,433,88,-112,252,-92,19,9,10,5,3
-55,296,-376,2971,-365,-2872,54,-110,-178,352,86,-107,246,-115,14,9,10,5,3
-44,301,-378,-121,-148,-315,113,-719,-121,159,72,-121,244,-136,6,9,10,5,3
-37,309,-380,-119,-157,-308,36,-923,79,155,-2,-103,244,-154,-12,9,10,5,3
-35,320,-381,-129,-157,-282,-40,-1079,135,142,-87,-85,-23,120,379,9,10,5,3
-671,-213,498,-4,161,347,454,121,284,-97,483,371,-25,128,410,9,10,5,3
-691,-228,439,-2,142,352,-182,-141,15,-161,371,345,-4,128,428,9,10,5,3
-688,-226,389,-11,120,348,-304,-184,32,-214,308,175,-144,-418,-100,9,10,5,3
233,86,-391,-194,150,-6,-458,-138,16,51,-38,-94,-130,-397,-82,9,10,5,3
232,80,-374,-181,149,-2,-601,-29,-33,22,-62,-84,-110,-380,-70,9,10,5,3
231,78,-358,-169,145,-3,-369,-159,126,1,-83,-79,1044,1239,3907,9,10,5,3
238,76,-340,-157,138,-4,-357,-158,95,-16,-103,-72,-298,-64,-294,9,10,5,3
331,-109,145,-20,6,39,-348,-173,59,-1233,132,-184,-284,-44,-324,9,10,5,3
334,-87,232,3,34,98,-335,-187,10,-1042,425,-95,-261,-30,-347,9,10,5,3
322,-82,317,38,51,141,106,-230,237,-848,625,-92,-87,-65,319,9,10,5,3
96,401,45,24,230,140,111,-233,260,-165,-145,183,-114,-73,311,9,10,5,3
115,379,-27,40,238,120,134,-250,284,-150,-159,167,-143,-83,301,9,10,5,3
135,349,-101,53,248,95,-24,-90,-120,-130,-138,112,-393,291,-52,9,10,5,3
153,313,-158,66,255,69,-46,-113,-77,-139,-115,-9,-347,288,-14,9,10,5,3
-91,-295,-327,82,175,-98,-57,-126,-43,-205,-89,-122,-316,263,9,9,10,5,3
-99,-315,-368,81,186,-117,-72,-128,-18,-260,-119,-119,-299,230,19,9,10,5,3
-102,-344,-407,82,194,-129,-181,167,-88,-328,-130,-113,80,-46,312,9,10,5,3
141,-200,972,162,-358,255,-168,221,-76,15,-1046,308,46,-72,279,9,10,5,3
256,-156,924,127,-342,254,-166,226,51,19,-1017,334,9,-91,234,9,10,5,3
373,-106,856,84,-321,258,109,180,-34,48,-981,335,63,266,-165,9,10,5,3
-163,-83,-497,245,-167,-114,282,138,-67,-274,-128,-134,73,278,-209,9,10,5,3
-171,-60,-484,224,-158,-103,463,54,-147,-54,111,-144,77,302,-242,9,10,5,3
-174,-38,-467,204,-150,-83,245,54,181,-30,157,-122,242,135,-57,9,10,5,3
-175,-19,-446,186,-135,-64,297,42,158,-22,186,-98,227,128,-69,9,10,5,3
-305,99,220,-125,-216,-20,333,30,129,-15,212,-87,213,127,-84,9,10,5,3
-315,70,307,-165,-195,43,356,33,87,-137,-771,-123,205,118,-106,9,10,5,3
-317,46,392,-198,-161,103,-292,381,289,-253,-685,-10,87,94,326,9,10,5,3
-313,35,472,-223,-118,155,-251,371,273,-382,-584,108,127,93,297,9,10,5,3
20,-286,-378,-128,-300,16,-219,355,242,-524,-481,181,163,84,265,9,10,5,3
2,-267,-417,-150,-290,15,-179,333,200,-69,67,-124,202,57,240,9,10,5,3
-27,-247,-433,-169,-275,16,33,108,82,-66,94,-145,234,-149,-23,9,10,5,3
-60,-217,-432,-186,-258,16,41,96,82,-48,111,-153,226,-163,-29,9,10,5,3
121,384,-257,-189,-54,-301,56,74,84,-14,122,-145,225,-174,-43,9,10,5,3
158,375,-212,-188,-38,-297,70,43,88,-629,-732,-86,213,-187,-59,9,10,5,3
174,364,-161,-180,-26,-280,154,-84,416,-804,-551,-38,30,23,367,9,10,5,3
172,358,-99,-165,-17,-247,191,-6,340,-917,-313,-75,18,8,365,9,10,5,3
-264,-8,335,-62,138,185,212,49,267,-967,-118,-126,9,-2,357,9,10,5,3
-261,14,300,-56,140,145,221,75,237,-28,-233,-200,11,-18,348,9,10,5,3
-260,43,247,-54,134,105,-50,-249,-262,15,-207,-226,-251,-322,-89,9,10,5,3
-259,65,178,-53,118,68,-112,-287,-10,63,-170,-230,-234,-312,-75,9,10,5,3
307,-100,-411,-112,97,-101,-155,-253,19,100,-133,-221,-221,-295,-67,9,10,5,3
306,-85,-378,-123,104,-101,-184,-211,40,-557,-439,-134,-202,-289,-59,9,10,5,3
304,-69,-329,-128,114,-108,-200,-168,58,-769,-429,-129,-107,38,370,9,10,5,3
303,-65,-270,-124,128,-131,-219,-246,311,-905,-320,-117,-79,28,398,9,10,5,3
84,418,493,0,51,291,-164,-268,322,-1067,-152,-103,-44,8,388,9,10,5,3
75,433,449,-22,49,296,-118,-282,328,-108,-213,277,-13,-13,359,9,10,5,3
71,435,415,-34,58,295,-81,-295,338,-39,-184,108,-394,111,-256,9,10,5,3
73,420,392,-34,77,284,-12,-36,-82,-51,-154,-130,-400,139,-270,9,10,5,3
-7,-291,-304,181,90,-48,-18,-81,-64,-132,-121,-283,-389,167,-274,9,10,5,3
-26,-300,-278,189,93,-67,-25,-99,-36,-159,40,-99,-381,193,-266,9,10,5,3
-47,-306,-257,198,100,-82,-32,-102,-6,-159,26,-90,1,294,-176,9,10,5,3
-69,-306,-242,207,110,-89,577,44,438,-147,48,-75,28,295,-191,9,10,5,3
-241,-279,498,82,-259,286,427,35,473,-129,74,-80,55,293,-199,9,10,5,3
-182,-282,536,85,-283,294,269,80,437,503,-740,23,88,286,-204,9,10,5,3
-115,-278,563,84,-304,289,135,156,361,373,-866,-3,-47,70,282,9,10,5,3
-41,-266,584,75,-320,278,110,-24,2,177,-999,-26,-42,94,274,9,10,5,3
-176,-176,-293,144,-204,-92,135,-124,30,-58,-1106,-21,-31,120,269,9,10,5,3
-213,-161,-334,141,-226,-96,125,-224,56,-190,120,-159,-12,148,258,9,10,5,3
-235,-143,-381,138,-241,-95,102,-308,45,-157,138,-165,294,62,-47,9,10,5,3
-246,-121,-426,137,-247,-92,308,-176,-15,-123,157,-159,291,52,-56,9,10,5,3
-208,481,79,12,79,-340,315,-174,-75,-81,175,-160,284,45,-63,9,10,5,3
-198,453,140,-122,-64,205,327,-157,-146,-43,-1130,-188,275,39,-70,9,10,5,3
-210,405,215,-143,-50,242,300,-145,-152,-194,-1088,-141,-64,10,462,9,10,5,3
-244,331,305,-156,-29,274,328,316,306,-344,-1011,-75,-62,6,499,9,10,5,3
-179,-81,-140,-168,-13,299,351,286,256,-485,-897,27,-51,11,524,9,10,5,3
-215,-63,-173,-226,-180,-52,356,259,188,164,30,-166,-33,13,528,9,10,5,3
-260,-46,-219,-250,-163,-41,364,209,115,112,116,-141,218,-196,19,9,10,5,3
-298,-20,-261,-267,-146,-27,42,-195,64,56,184,-124,207,-183,23,9,10,5,3
206,174,-304,-277,-127,-10,13,-217,72,14,222,-116,198,-180,30,9,10,5,3
229,171,-286,-216,10,-266,-22,-245,79,178,-101,-56,184,-185,33,9,10,5,3
253,169,-269,-208,34,-258,-62,-276,80,91,-223,-72,48,30,303,9,10,5,3
270,168,-253,-195,60,-242,-35,-203,304,-26,-477,-96,83,101,383,9,10,5,3
-401,57,519,-180,83,-212,-37,-223,257,-172,-736,-108,126,142,422,9,10,5,3
-435,68,466,17,39,164,-24,-226,212,395,394,-78,167,152,424,9,10,5,3
-460,84,408,-12,37,161,8,-208,199,386,-81,9,-147,-267,-58,9,10,5,3
-475,105,356,-43,45,154,211,235,-211,270,-300,260,-388,-323,-152,9,10,5,3
246,-126,-285,-46,206,72,217,87,-215,15,-180,-102,-427,-305,-102,9,10,5,3
246,-143,-269,-34,171,75,165,-43,-213,-22,-177,-105,-448,-260,-47,9,10,5,3
251,-160,-252,-20,144,73,81,-140,-213,-60,-171,-111,-444,-208,2,9,10,5,3
255,-171,-238,-7,122,67,346,1198,194,-80,-165,-129,-120,78,9,9,10,5,3
209,-266,541,136,-42,224,412,972,250,486,962,-245,-86,53,48,9,10,5,3
209,-263,566,142,-35,244,447,703,300,624,860,-207,-63,12,86,9,10,5,3
215,-248,579,161,-26,258,412,457,330,727,747,-176,-50,-28,120,9,10,5,3
222,-212,580,183,-21,262,229,117,-83,819,607,-106,-215,383,-136,9,10,5,3
106,-206,-403,434,105,-57,375,-10,-99,-164,323,-148,-168,390,-148,9,10,5,3
63,-221,-405,434,74,-57,456,-169,-141,-157,225,-136,-144,405,-148,9,10,5,3
24,-227,-404,431,52,-55,447,-287,-158,-151,135,-124,-135,423,-138,9,10,5,3
-14,-228,-404,420,28,-49,476,166,85,-148,56,-117,37,276,-26,9,10,5,3
-427,38,303,75,-38,-114,494,144,73,426,384,59,39,272,-39,9,10,5,3
-441,56,357,61,-47,-92,485,132,58,518,317,66,50,257,-57,9,10,5,3
-443,51,412,52,-59,-58,441,107,67,634,232,55,64,236,-74,9,10,5,3
-422,23,463,48,-77,-21,-278,404,212,759,117,-18,93,132,225,9,10,5,3
-175,-123,-240,14,-254,-73,-208,401,168,127,239,-261,122,142,184,9,10,5,3
-181,-117,-268,3,-274,-88,-88,390,106,254,234,-232,163,158,142,9,10,5,3
-189,-123,-309,-5,-296,-95,73,348,81,372,223,-187,208,167,88,9,10,5,3
-200,-120,-341,-13,-322,-99,87,-104,103,406,210,-176,279,-96,-3,9,10,5,3
8,303,-95,-31,-145,-165,71,-131,110,251,67,-133,264,-96,-6,9,10,5,3
35,280,-52,-38,-122,-183,51,-152,109,226,43,-133,249,-95,-13,9,10,5,3
65,267,0,-44,-99,-203,39,-178,105,214,-41,-160,236,-92,-24,9,10,5,3
98,266,57,-49,-80,-218,337,3,395,258,-225,-200,-10,19,407,9,10,5,3
-238,-127,116,-119,23,111,370,59,326,171,57,146,2,6,393,9,10,5,3
-218,-108,53,-128,1,78,382,88,262,130,52,48,18,-15,367,9,10,5,3
-199,-80,-18,-141,-17,46,376,109,213,105,17,-67,41,-36,328,9,10,5,3
-183,-50,-71,-154,-35,17,121,-19,30,115,-39,-174,16,-287,-3,9,10,5,3
260,112,-209,-193,56,-87,129,-13,33,136,-180,-114,0,-295,-11,9,10,5,3
262,105,-217,-200,63,-99,132,-12,27,144,-207,-103,-17,-303,-24,9,10,5,3
264,100,-224,-205,71,-111,123,-18,25,145,-247,-96,-40,-306,-39,9,10,5,3
263,99,-232,-206,77,-128,-570,-7,233,146,-290,-91,234,31,341,9,10,5,3
109,322,653,80,29,252,-523,161,407,228,845,-18,237,17,360,9,10,5,3
83,343,572,67,44,240,-389,169,561,378,801,-19,228,-1,382,9,10,5,3
49,367,489,63,65,227,-253,44,600,535,719,-10,212,-30,395,9,10,5,3
4,387,406,63,85,217,-95,0,-277,703,607,11,-468,3,-185,9,10,5,3
186,-247,-427,89,208,-10,-191,12,-286,-56,-230,-168,-437,7,-144,9,10,5,3
189,-262,-415,87,189,-5,-264,17,-285,-77,-218,-162,-416,14,-102,9,10,5,3
190,-274,-403,85,172,-5,-316,12,-265,-91,-206,-156,-397,24,-63,9,10,5,3
186,-289,-388,83,159,-6,1062,-23,394,-105,-180,-144,-31,142,25,9,10,5,3
35,-129,631,132,-117,219,687,-164,472,800,-177,-222,-30,132,93,9,10,5,3
23,-154,680,147,-129,230,341,-140,427,730,-242,-159,-33,115,150,9,10,5,3
10,-183,723,164,-141,228,67,-27,281,659,-290,-87,-24,95,187,9,10,5,3
0,-212,756,171,-150,211,144,377,-39,582,-328,-12,-32,404,69,9,10,5,3
-70,-361,-406,403,-146,-145,246,318,-92,22,158,-241,3,408,14,9,10,5,3
-128,-344,-425,396,-194,-149,307,182,-142,-33,104,-239,45,390,-39,9,10,5,3
-181,-319,-443,381,-237,-160,319,18,-185,-91,65,-226,67,375,-92,9,10,5,3
-225,-291,-463,362,-271,-176,274,-262,151,-148,42,-213,253,145,64,9,10,5,3
-242,319,194,56,-233,-47,267,-285,131,231,96,-74,401,-35,-151,9,10,5,3
-232,330,209,-98,-169,-293,269,-303,105,275,77,-114,405,-54,-194,9,10,5,3
-213,335,210,-114,-156,-274,274,-333,82,341,62,-153,395,-79,-232,9,10,5,3
-3916,-2174,-3594,-133,-147,-240,217,206,254,427,54,-197,370,-112,-263,9,10,5,3
-164,-389,295,-155,-141,-196,237,213,303,76,179,180,126,60,410,9,10,5,3
-191,-363,252,-116,-56,55,245,257,332,242,270,401,136,71,390,9,10,5,3
-215,-326,215,-104,-72,19,253,317,341,161,285,558,152,74,358,9,10,5,3
-240,-280,179,-91,-96,-5,247,-47,-248,-11,230,500,174,64,310,9,10,5,3
146,222,-139,-84,-121,-25,284,-70,-220,135,-36,-105,125,-265,-43,9,10,5,3
144,200,-138,-148,-41,-235,297,-110,-200,155,-59,-102,116,-273,-44,9,10,5,3
140,178,-137,-135,-35,-256,289,-149,-172,173,-79,-89,109,-278,-47,9,10,5,3
-141,71,-1295,-120,-31,-271,-274,-321,-3,191,-95,-87,90,-280,-53,9,10,5,3
56,273,671,-109,-28,-278,-369,-235,64,708,745,180,-30,-33,188,9,10,5,3
-28,249,618,8,156,150,-347,-111,215,760,686,197,-48,-47,168,9,10,5,3
-124,210,565,-18,169,153,-232,-11,350,742,621,206,-64,-62,149,9,10,5,3
-222,171,517,-38,179,153,-8,317,101,666,552,202,-75,-72,134,9,10,5,3
136,82,-272,-52,182,149,72,395,61,24,-133,-152,-162,-307,-102,9,10,5,3
147,67,-272,-104,-71,-141,175,461,-12,176,-60,-177,-123,-301,-110,9,10,5,3
159,55,-270,-103,-101,-148,234,470,-99,305,-13,-178,-91,-283,-122,9,10,5,3
168,47,-264,-108,-114,-149,-196,393,69,397,6,-179,-67,-268,-132,9,10,5,3
206,-249,-18,-114,-108,-145,-134,363,-17,-929,475,-203,-205,74,-144,9,10,5,3
234,-238,-18,212,73,230,-37,374,-144,-933,656,-271,-191,42,-71,9,10,5,3
270,-215,-17,250,70,248,44,528,-237,-800,827,-304,-173,25,11,9,10,5,3
315,-184,-10,297,76,255,-266,26,230,-2896,1703,1380,-146,15,95,9,10,5,3
248,261,-13,337,78,253,-259,36,223,-154,184,-238,-278,31,-80,9,10,5,3
281,245,-65,283,245,-142,-255,32,217,-209,264,-234,-282,39,-129,9,10,5,3
304,225,-111,311,237,-120,-251,2,179,-239,314,-212,-281,61,-159,9,10,5,3
312,197,-155,334,224,-95,126,167,112,-254,336,-204,-303,83,-189,9,10,5,3
-422,-200,-278,342,207,-73,154,172,120,-198,438,-86,59,269,-211,9,10,5,3
-419,-185,-276,159,-74,-267,187,173,126,-157,464,-43,93,286,-251,9,10,5,3
-409,-179,-271,143,-83,-190,222,166,124,-72,479,-44,111,307,-288,9,10,5,3
-389,-179,-264,130,-93,-99,-244,358,288,66,550,-88,128,324,-322,9,10,5,3
375,-25,388,115,-109,-16,-210,362,263,-69,77,307,65,153,236,9,10,5,3
378,-27,340,140,-171,-57,-168,366,246,-130,40,369,59,166,225,9,10,5,3
383,-29,283,153,-168,-79,-115,365,236,-151,-31,336,57,165,208,9,10,5,3
387,-33,221,161,-167,-92,219,73,-105,-139,-81,210,60,163,178,9,10,5,3
-225,145,-340,163,-176,-97,195,100,-73,206,198,-152,261,60,-34,9,10,5,3
-226,144,-335,26,-63,-302,177,103,-26,217,253,-170,242,56,-44,9,10,5,3
-230,146,-332,20,-61,-334,1559,-886,3728,227,310,-181,220,52,-61,9,10,5,3
-235,153,-332,11,-54,-352,275,-86,264,233,325,-167,198,54,-88,9,10,5,3
-259,-274,293,6,-53,-352,253,-54,273,-291,829,175,32,-32,146,9,10,5,3
-238,-357,206,-157,-39,166,237,-20,275,-225,804,172,43,-31,134,9,10,5,3
-223,-415,139,-173,-53,176,223,4,280,-192,757,161,48,-28,131,9,10,5,3
-214,-439,95,-179,-63,182,-305,593,-155,-187,715,137,41,-41,140,9,10,5,3
150,231,-328,-179,-77,191,-210,507,-128,9,131,-125,194,-270,15,9,10,5,3
168,222,-310,-123,-58,10,-151,372,-95,20,116,-105,165,-274,14,9,10,5,3
185,213,-290,-119,-54,7,-131,206,-82,39,90,-80,151,-289,14,9,10,5,3
201,207,-270,-118,-52,6,-509,787,-47,57,63,-72,145,-305,15,9,10,5,3
-184,131,102,-118,-52,5,-521,896,40,-1112,365,-226,-186,-84,192,9,10,5,3
-199,-52,442,42,210,331,-502,936,163,-1077,604,-322,-135,-75,233,9,10,5,3
-188,-30,452,45,197,340,-452,901,196,-931,819,-403,-91,-51,265,9,10,5,3
-179,-4,449,45,189,352,183,307,-17,-753,974,-422,-56,-12,298,9,10,5,3
-182,17,435,44,186,361,296,448,-68,-38,-223,-183,-252,-198,-182,9,10,5,3
-1020,-553,-1004,-41,217,-25,375,534,-139,-11,-115,-87,-261,-190,-150,9,10,5,3
198,-71,-321,-38,194,-29,-85,552,180,-71,-114,-82,-265,-177,-110,9,10,5,3
205,-75,-342,-32,176,-36,-70,584,134,-134,-117,-81,-201,64,-218,9,10,5,3
215,-79,-364,44,40,26,-49,596,98,43,473,-149,-177,67,-178,9,10,5,3
226,-83,-378,37,7,70,31,551,40,124,444,-138,-150,63,-126,9,10,5,3
121,242,532,21,-24,123,-92,254,175,203,376,-127,-124,36,-63,9,10,5,3
137,277,479,9,-53,164,-79,248,156,322,281,-108,-83,-20,62,9,10,5,3
157,308,428,123,59,35,-65,228,140,10,-470,116,-95,-21,58,9,10,5,3
181,330,371,127,89,23,-55,197,123,-90,-241,90,-108,-19,62,9,10,5,3
-182,-300,-253,136,116,8,58,115,-173,-215,1,92,-116,-11,76,9,10,5,3
-205,-287,-238,146,143,-8,111,193,-175,-286,191,146,-134,274,-77,9,10,5,3
-229,-273,-218,156,22,-168,109,242,-168,-33,306,-136,-132,279,-92,9,10,5,3
-252,-256,-195,159,26,-182,70,275,-142,-24,317,-134,-129,288,-102,9,10,5,3
-264,-76,405,162,31,-193,43,-833,236,-16,323,-134,-107,293,-110,9,10,5,3
-235,-102,429,168,36,-198,-140,-519,274,-2,328,-117,-142,43,227,9,10,5,3
-201,-117,439,-167,-43,224,-268,-278,336,-1294,-79,240,-180,39,246,9,10,5,3
-166,-120,440,-154,-11,229,-290,-80,364,-1326,-85,178,-205,28,259,9,10,5,3
-29,-280,-253,-126,11,231,-326,156,-98,-1259,-158,56,-236,29,265,9,10,5,3
-55,-274,-291,-92,23,230,-291,190,-103,-1123,-226,-78,302,99,-73,9,10,5,3
-81,-258,-315,5,-154,-28,-213,208,-122,97,105,-137,296,84,-41,9,10,5,3
-113,-237,-328,14,-136,-35,-111,191,-149,99,80,-127,291,76,-16,9,10,5,3
-102,313,-217,22,-123,-44,-712,-406,10,109,56,-110,284,69,-1,9,10,5,3
-105,326,-186,31,-118,-56,-859,-439,55,124,38,-98,16,-152,125,9,10,5,3
-115,338,-151,-206,45,295,-1008,-426,52,-738,957,11,-26,-98,216,9,10,5,3
-135,343,-107,-208,51,292,-1081,-344,123,-550,1165,98,-57,-39,290,9,10,5,3
-98,-190,140,-198,60,293,-175,-49,40,-390,1313,184,-77,17,339,9,10,5,3
-91,-164,74,-180,67,296,-194,71,47,-300,1354,253,147,-294,-84,9,10,5,3
-97,-162,8,-219,-13,-10,-163,204,33,126,-38,-152,132,-300,-79,9,10,5,3
-108,-155,-71,-233,3,-7,-87,326,0,125,-43,-138,116,-301,-75,9,10,5,3
167,157,-149,-242,15,-5,-256,362,123,123,-52,-124,108,-301,-73,9,10,5,3
174,144,-162,-249,25,-5,-278,368,95,107,-76,-107,-275,-197,-185,9,10,5,3
177,135,-179,-57,80,-91,-290,359,60,-1119,395,-157,-273,-181,-198,9,10,5,3
178,129,-194,-30,88,-45,-282,333,40,-973,625,-219,-279,-151,-210,9,10,5,3
37,184,686,-2,90,0,-159,-196,252,-805,789,-294,-257,-133,-217,9,10,5,3
-13,212,657,25,88,45,-199,-94,282,-629,875,-397,-72,-190,225,9,10,5,3
-63,248,619,-182,268,91,-243,-63,268,194,-243,-275,-107,-202,229,9,10,5,3
-110,289,579,-157,280,47,-289,-14,239,183,-312,-425,-141,-187,239,9,10,5,3
132,-155,-354,-130,286,2,497,-847,2661,109,-333,-418,-179,-160,260,9,10,5,3
125,-154,-343,-110,288,-34,-195,199,78,-19,-281,-322,-288,58,-31,9,10,5,3
127,-156,-328,92,175,-119,-129,216,90,-136,86,-38,-289,77,-31,9,10,5,3
135,-162,-312,92,179,-127,-57,232,104,-161,117,-41,-287,99,-30,9,10,5,3
40,-305,284,93,181,-141,18,242,124,-198,146,-34,-283,120,-25,9,10,5,3
13,-324,329,92,181,-160,171,215,337,-227,173,-22,-66,-192,264,9,10,5,3
-20,-347,358,68,-20,157,143,232,342,-92,-982,49,-84,-192,266,9,10,5,3
-47,-372,384,85,9,156,104,234,342,-86,-916,57,-101,-186,270,9,10,5,3
352,67,-221,113,38,154,39,236,323,-68,-824,66,-101,-179,272,9,10,5,3
351,22,-274,149,61,151,37,88,-260,-62,-716,84,129,430,-68,9,10,5,3
338,-22,-312,182,-156,-59,108,129,-242,-35,234,-150,161,406,-33,9,10,5,3
308,-60,-337,166,-153,-71,147,188,-227,-23,229,-145,179,378,-7,9,10,5,3
-321,48,-199,153,-154,-87,174,236,-198,-6,224,-142,178,353,8,9,10,5,3
-323,73,-187,147,-157,-105,-265,-217,337,11,221,-136,42,-47,185,9,10,5,3
-327,97,-175,-151,-69,211,-33,-81,227,-1052,349,62,-23,-44,262,9,10,5,3
-334,109,-164,-170,-69,216,148,1,119,-1016,477,141,-76,-22,309,9,10,5,3
98,-333,254,-185,-51,216,272,17,36,-961,539,209,-111,-3,323,9,10,5,3
72,-297,192,-188,-13,211,-100,-32,-47,-910,536,255,292,79,-143,9,10,5,3
51,-268,127,-186,-371,-124,-198,74,-64,182,64,-111,306,76,-180,9,10,5,3
27,-243,57,-190,-366,-111,-327,191,-72,167,114,-121,322,61,-208,9,10,5,3
-3,232,-314,-190,-356,-90,-211,-84,132,161,162,-140,228,-216,-6,9,10,5,3
6,223,-314,-187,-342,-64,-233,-60,109,159,191,-151,211,-221,-2,9,10,5,3
13,214,-310,-159,12,-234,-262,-36,83,-90,-500,25,190,-226,-4,9,10,5,3
14,209,-304,-138,9,-177,-304,-13,59,-208,-409,131,178,-232,-14,9,10,5,3
-175,0,560,-129,-7,-91,-93,-204,213,-328,-312,120,-34,46,334,9,10,5,3
-187,-57,596,-139,-13,-10,-57,-207,204,-449,-225,42,-35,29,328,9,10,5,3
-207,-110,613,-179,18,165,-21,-214,206,76,19,91,-32,14,316,9,10,5,3
-237,-151,611,-197,15,130,12,-227,210,67,41,-102,-26,-1,302,9,10,5,3
30,117,-366,-206,14,83,-108,46,-225,54,-3,-252,-109,-342,-22,9,10,5,3
52,126,-354,-208,17,27,-194,37,-218,-8,-104,-280,-151,-281,-40,9,10,5,3
81,132,-336,-137,131,-155,-248,1,-201,-145,-293,-152,-161,-269,-42,9,10,5,3
113,131,-316,-128,136,-174,-275,-38,-165,-161,-319,-161,-167,-256,-43,9,10,5,3
295,-60,229,-121,133,-193,439,264,302,-164,-343,-166,-173,-245,-41,9,10,5,3
289,-26,301,-118,122,-211,239,280,200,-156,-362,-173,28,6,199,9,10,5,3
282,-8,362,173,-41,326,83,315,84,569,-666,273,48,12,238,9,10,5,3
273,-2,416,157,-36,336,-17,342,8,504,-628,258,61,0,278,9,10,5,3
18,224,-74,143,-20,343,47,138,-46,461,-539,228,77,0,315,9,10,5,3
37,234,-106,131,2,347,159,93,-71,447,-423,186,-420,140,-231,9,10,5,3
53,244,-150,117,287,-39,286,-23,-97,-115,-25,-157,-442,164,-211,9,10,5,3
71,246,-196,109,260,-23,374,-196,-143,-130,5,-152,-466,188,-180,9,10,5,3
-95,-366,-211,100,231,-6,325,-77,-13,-142,39,-130,-84,253,-165,9,10,5,3
-113,-360,-195,93,202,5,285,-35,-66,-149,72,-111,-67,250,-203,9,10,5,3
-133,-355,-184,77,-169,107,196,-7,-104,686,-421,-282,-54,251,-242,9,10,5,3
-155,-354,-180,46,-175,145,125,-58,-209,636,-454,-263,-41,256,-277,9,10,5,3
235,141,338,40,-182,177,163,324,286,572,-480,-225,-44,144,313,9,10,5,3
251,190,322,57,-193,200,239,268,283,514,-491,-165,-51,161,327,9,10,5,3
248,221,313,183,-115,-58,315,223,274,301,215,-222,-70,194,333,9,10,5,3
231,231,312,191,-131,-58,397,178,264,-11,91,-131,-63,221,321,9,10,5,3
-157,-116,-363,198,-150,-52,85,-29,163,-17,82,-136,222,163,0,9,10,5,3
-177,-103,-346,201,-170,-45,58,-60,175,-6,80,-131,238,157,-4,9,10,5,3
-198,-93,-332,8,-92,-449,32,-89,179,11,77,-123,251,158,-10,9,10,5,3
-214,-86,-321,4,-90,-428,3,-115,172,-491,-818,-223,264,142,-24,9,10,5,3
-371,240,891,6,-92,-368,314,-234,419,-609,-709,-233,-78,42,454,9,10,5,3
-359,189,908,17,-102,-274,411,-174,362,-690,-603,-184,-63,43,492,9,10,5,3
-340,133,899,-99,-241,77,478,-127,326,1634,2192,3663,-26,41,509,9,10,5,3
-317,82,861,-106,-253,62,509,-109,315,165,-72,-179,25,41,498,9,10,5,3
-178,-105,-377,-115,-260,43,-53,-165,-71,157,-6,-164,251,-30,-94,9,10,5,3
-187,-86,-361,-131,-262,24,-73,-154,-45,147,47,-171,243,-32,-83,9,10,5,3
-191,-59,-344,-114,-156,-81,-94,-140,-18,145,86,-179,230,-43,-66,9,10,5,3
-190,-25,-330,-131,-150,-101,-114,-122,8,199,-191,-80,225,-59,-48,9,10,5,3
126,472,-148,-144,-141,-120,193,-58,230,74,-268,-94,-66,-62,98,9,10,5,3
142,481,-118,-157,-131,-139,20,-166,157,-104,-407,-153,-60,-2,140,9,10,5,3
163,479,-87,63,151,175,-153,-151,70,-300,-551,-274,-38,51,170,9,10,5,3
189,471,-49,50,127,185,-289,-32,30,-63,-117,309,-12,92,191,9,10,5,3
-218,68,152,33,103,197,-138,-133,67,-17,-199,434,17,-291,-74,9,10,5,3
-210,83,75,15,77,209,-59,-20,37,46,-133,465,15,-301,-137,9,10,5,3
-203,90,-2,-262,157,-53,41,119,15,94,-17,376,2,-308,-192,9,10,5,3
-196,89,-78,-253,157,-32,192,245,-10,-188,-35,-66,-21,-314,-233,9,10,5,3
325,-128,-78,-239,156,-9,346,176,115,-174,-20,-56,-306,-51,12,9,10,5,3
302,-152,-63,-220,155,11,366,173,93,-157,-6,-55,-298,-38,8,9,10,5,3
280,-178,-50,161,198,-292,375,163,76,-136,-1,-57,-293,-29,1,9,10,5,3
258,-201,-35,158,191,-253,371,153,63,977,655,-241,-293,-19,-7,9,10,5,3
30,160,560,158,185,-197,-340,205,466,947,423,-217,-26,-99,497,9,10,5,3
29,207,584,158,177,-130,-443,229,420,886,181,-107,-56,-98,511,9,10,5,3
23,249,596,231,136,0,-448,252,393,815,-60,48,-96,-109,495,9,10,5,3
12,284,597,261,137,-12,-403,275,368,-139,79,-126,-120,-96,452,9,10,5,3
-58,-372,-277,287,139,-21,15,235,39,-158,16,-93,-113,232,29,9,10,5,3
-95,-369,-258,306,142,-30,45,221,49,-170,-27,-85,-104,216,20,9,10,5,3
-126,-363,-240,153,104,-207,78,194,64,-220,156,-124,-117,201,12,9,10,5,3
-154,-358,-220,151,82,-227,109,161,77,-211,189,-130,-126,194,12,9,10,5,3
-150,-275,337,146,59,-243,144,-45,172,-194,234,-120,-34,-50,144,9,10,5,3
-164,-267,386,139,37,-249,155,-50,230,-159,278,-101,-48,-43,134,9,10,5,3
-158,-267,433,-37,-156,173,172,-38,247,-577,-354,-41,-58,-41,130,9,10,5,3
-133,-265,481,-17,-159,169,183,-38,242,-455,-340,-90,-60,-50,143,9,10,5,3
146,-185,-323,0,-160,160,-435,162,-63,-345,-255,-95,169,298,-151,9,10,5,3
107,-194,-349,20,-158,143,-454,263,-99,-241,-81,-38,202,294,-150,9,10,5,3
61,-199,-366,99,-166,-10,-405,362,-117,24,143,-141,236,288,-137,9,10,5,3
9,-194,-375,88,-149,-25,-288,425,-125,54,159,-133,268,283,-116,9,10,5,3
-182,258,-100,78,-136,-44,-465,-294,-16,76,165,-124,267,-33,-100,9,10,5,3
-176,269,-68,67,-128,-64,-465,-281,6,84,161,-126,111,-57,79,9,10,5,3
-168,287,-36,-162,91,295,-404,-244,21,-580,-981,-287,66,-18,141,9,10,5,3
-159,308,-4,-160,105,287,-378,-130,24,-757,-842,-285,17,15,190,9,10,5,3
11,-349,54,-155,117,277,-183,-160,93,-907,-672,-247,-22,43,227,9,10,5,3
4,-332,38,-144,126,269,-242,-122,71,-1003,-499,-217,345,-322,-64,9,10,5,3
-5,-309,27,-361,-123,-5,-277,-89,57,56,-218,-89,327,-314,-87,9,10,5,3
-16,-289,27,-361,-109,-8,-298,-66,51,72,-156,-70,306,-291,-100,9,10,5,3
11,253,-226,-359,-99,-12,-177,123,69,90,-91,-65,303,-250,-109,9,10,5,3
15,249,-218,-353,-89,-17,-149,136,65,102,-38,-81,8,-335,-58,9,10,5,3
21,248,-210,-371,2,-35,-126,142,58,-137,-248,-43,2,-354,-52,9,10,5,3
31,247,-204,-356,24,-2,-114,145,44,-169,-304,-12,-3,-371,-49,9,10,5,3
-96,71,577,-333,41,28,-73,0,221,-207,-334,29,-24,-378,-50,9,10,5,3
-162,33,585,-301,52,54,-117,-42,233,-260,-352,60,191,13,306,9,10,5,3
-226,-3,587,-24,8,102,-131,-38,245,658,-47,109,179,-10,286,9,10,5,3
-277,-36,586,-58,28,80,-131,-28,252,599,27,75,154,-36,263,9,10,5,3
196,228,-340,-86,56,60,283,-514,-9,543,118,23,127,-61,244,9,10,5,3
190,200,-349,-108,89,39,215,-608,5,468,189,-44,-395,-174,-6,9,10,5,3
190,171,-353,-58,215,-21,97,-687,-3,-121,-63,-109,-392,-156,4,9,10,5,3
198,146,-354,-54,204,-29,-58,-694,-39,-150,-48,-108,-385,-145,10,9,10,5,3
151,-402,91,-50,195,-39,668,-758,205,-180,-32,-105,-376,-134,12,9,10,5,3
167,-409,122,-47,191,-52,533,-754,191,-219,-18,-108,14,-36,199,9,10,5,3
189,-407,147,125,-107,185,356,-703,237,-342,-1078,248,37,-67,213,9,10,5,3
215,-399,163,82,-108,187,197,-646,288,-274,-954,235,52,-100,220,9,10,5,3
190,123,80,43,-102,192,55,268,40,-159,-795,190,66,-128,220,9,10,5,3
220,122,12,12,-88,197,83,204,-11,-24,-630,138,-267,254,-93,9,10,5,3
241,129,-62,248,56,-1,112,106,-50,-212,28,-165,-266,303,-72,9,10,5,3
1214,-1472,1862,181,-46,-38,130,-319,9,-222,52,-174,-249,350,-51,9,10,5,3
-209,-209,-391,189,-33,-53,91,-386,22,-213,85,-179,39,189,-193,9,10,5,3
-201,-202,-353,193,-22,-72,54,-448,27,873,-320,-220,84,166,-163,9,10,5,3
-206,-188,-312,190,-11,-95,40,-502,8,819,-454,-255,123,148,-113,9,10,5,3
-213,-172,-269,-194,-88,143,169,78,246,665,-596,-245,150,133,-52,9,10,5,3
268,-223,149,-171,-65,130,193,52,237,505,-677,-246,57,174,197,9,10,5,3
264,-223,119,-139,-41,113,222,6,225,-67,206,-248,69,191,184,9,10,5,3
256,-219,81,-105,-17,94,253,-53,213,105,144,-216,77,206,169,9,10,5,3
230,-214,38,67,-295,21,-193,-240,-70,255,78,-146,83,233,155,9,10,5,3
-207,204,-89,55,-278,32,-165,-222,-58,348,26,-105,319,-48,0,9,10,5,3
-195,208,-94,42,-263,42,-144,-202,-40,131,-35,-79,280,-89,-49,9,10,5,3
-185,213,-99,28,-248,47,-131,-183,-15,143,-63,-69,271,-86,-57,9,10,5,3
-176,218,-99,-188,-111,-78,-94,778,271,149,-94,-63,265,-83,-63,9,10,5,3
-174,-30,406,-198,-68,-44,107,546,362,-896,-54,-235,-53,147,261,9,10,5,3
-162,-42,437,-210,-26,-7,195,320,387,-886,118,-203,-46,145,272,9,10,5,3
-147,-64,467,0,-62,209,-278,-127,187,-844,292,-162,-44,140,282,9,10,5,3
-133,-85,492,-14,-83,183,-292,-86,152,-769,465,-109,-38,136,295,9,10,5,3
-157,125,-507,-28,-102,155,-292,-39,113,151,-171,-184,175,-399,-251,9,10,5,3
-135,134,-509,-44,-121,127,-276,2,73,173,-159,-170,160,-413,-223,9,10,5,3
-114,145,-504,-189,-13,-130,33,179,126,192,-147,-153,132,-413,-182,9,10,5,3
-93,159,-498,-188,-11,-141,52,194,115,201,-131,-148,104,-405,-134,9,10,5,3
172,255,144,-185,-10,-151,80,206,79,-436,669,-90,-67,-21,186,9,10,5,3
159,236,225,-180,-9,-161,119,196,37,-325,736,-57,-36,27,265,9,10,5,3
161,208,311,95,69,248,-212,78,303,-203,776,-58,-8,64,326,9,10,5,3
182,177,403,73,61,251,-225,111,314,-84,787,-87,26,87,361,9,10,5,3
-129,264,-223,47,56,254,-231,177,317,-292,3,-305,-227,-212,-219,9,10,5,3
-98,279,-308,20,60,253,-244,217,315,-359,9,-272,-248,-229,-256,9,10,5,3
-65,288,-377,-15,246,18,73,239,16,-399,9,-234,-275,-240,-282,9,10,5,3
-36,286,-430,-41,127,-52,83,224,45,-413,-2,-214,-309,-239,-296,9,10,5,3
121,-284,-66,-53,137,-72,84,204,70,-356,229,-118,-212,64,-264,9,10,5,3
112,-290,-54,-66,152,-88,76,183,81,-309,265,-132,-205,79,-299,9,10,5,3
111,-295,-34,-78,168,-101,229,-8,258,-238,307,-138,-207,83,-326,9,10,5,3
114,-298,-8,195,-91,156,201,19,254,28,-474,95,4,103,181,9,10,5,3
388,294,20,205,-91,164,191,36,236,26,-474,87,2,90,170,9,10,5,3
375,239,-20,219,-92,172,199,35,219,14,-499,67,0,74,160,9,10,5,3
353,184,-59,237,-93,177,-286,0,-199,-19,-538,48,-9,61,155,9,10,5,3
332,144,-97,284,-73,-10,-196,43,-188,-59,114,-131,-42,263,29,9,10,5,3
-312,-189,-427,254,-71,-1,-115,80,-164,-45,119,-137,-55,249,11,9,10,5,3
-309,-191,-429,225,-73,0,-41,122,-129,-26,130,-131,-69,243,-3,9,10,5,3
-301,-189,-420,198,-78,-2,149,27,98,0,148,-119,-76,241,-13,9,10,5,3
-285,-183,-400,-128,-145,288,177,-135,-118,-875,-453,94,-175,24,243,9,10,5,3
177,-283,279,-132,-131,256,57,-283,-123,-1010,-211,126,-151,32,256,9,10,5,3
249,-256,204,-131,-99,222,-111,-425,40,-1127,45,165,-121,42,268,9,10,5,3
296,-230,149,-125,-62,191,-147,532,-3,-1207,292,197,-92,70,276,9,10,5,3
323,-206,116,42,-255,-109,-88,604,-52,93,181,-145,302,89,-80,9,10,5,3
-173,113,-245,37,-252,-103,13,641,-53,63,233,-144,305,95,-84,9,10,5,3
-169,125,-244,32,-251,-94,145,679,-37,56,264,-143,312,98,-90,9,10,5,3
-164,135,-245,1921,2556,583,-191,225,-81,54,267,-144,320,96,-94,9,10,5,3
-158,142,-249,-74,-83,37,-111,263,-152,-720,-723,-57,34,-185,226,9,10,5,3
-69,147,857,-131,-93,120,-114,388,-176,-883,-691,-76,22,-113,278,9,10,5,3
-78,129,915,-206,-79,176,-188,634,-21,-1051,-586,-160,-11,-68,302,9,10,5,3
-88,122,959,-280,-36,192,-354,-80,179,-1159,-371,-230,-29,-25,302,9,10,5,3
-109,124,988,-324,-72,-66,-357,-110,173,31,-123,-245,64,-357,-109,9,10,5,3
8,66,-353,-347,97,-52,-351,-123,157,-82,-177,-170,50,-362,-145,9,10,5,3
25,67,-348,-331,108,-42,-179,237,-41,-157,-206,-136,43,-375,-169,9,10,5,3
41,72,-341,-312,113,-31,-148,249,-31,-205,-218,-142,44,-391,-189,9,10,5,3
51,75,-338,-291,113,-22,-112,263,-18,-71,-195,-78,-201,-186,-84,9,10,5,3
442,-17,52,4,31,-73,-63,280,-4,-69,-215,-59,-206,-180,-107,9,10,5,3
442,7,97,11,14,-14,632,276,183,-77,-207,-33,-212,-173,-128,9,10,5,3
424,45,157,18,5,38,556,297,212,-97,-175,-17,-219,-160,-145,9,10,5,3
397,92,224,37,7,67,460,311,227,37,-376,235,-173,-110,305,9,10,5,3
-169,204,-79,5,219,-18,411,313,239,-20,-311,404,-201,-119,289,9,10,5,3
-150,226,-114,-6,228,-39,-199,-441,-208,51,-316,415,-229,-134,257,9,10,5,3
-131,247,-143,-13,242,-57,-269,-359,-192,137,-309,319,-246,-138,209,9,10,5,3
-109,258,-168,-13,258,-75,-296,-237,-159,-223,84,-150,-280,126,-85,9,10,5,3
71,-285,-308,86,144,-204,-270,-121,-135,-231,93,-147,-271,138,-83,9,10,5,3
56,-279,-309,91,128,-218,-331,-971,102,-237,101,-141,-257,150,-82,9,10,5,3
44,-273,-311,94,111,-231,-344,-857,136,-248,108,-146,-246,153,-82,9,10,5,3
41,-262,-303,98,94,-240,-330,-698,202,-126,-676,-9,25,-52,247,9,10,5,3
298,285,558,62,-54,217,-291,-529,243,-179,-682,5,22,-41,256,9,10,5,3
295,348,545,72,-27,237,333,0,37,-213,-679,25,11,-21,264,9,10,5,3
290,390,532,91,-6,256,182,-59,4,-232,-693,50,8,5,270,9,10,5,3
283,418,516,114,7,273,22,-106,-12,-101,204,-215,-10,298,-23,9,10,5,3
-62,-148,-358,155,-74,26,-190,-99,-22,-99,192,-181,-30,282,5,9,10,5,3
-69,-157,-315,141,-64,31,-309,-154,165,-86,169,-150,-45,266,20,9,10,5,3
-77,-166,-275,131,-52,33,-358,-185,129,-70,144,-133,-57,256,26,9,10,5,3
-85,-178,-242,124,-40,31,-382,-202,79,75,-1317,-204,139,-9,56,9,10,5,3
-324,-33,445,-123,-184,135,-357,-191,29,-206,-1357,-267,106,-17,83,9,10,5,3
-304,-22,494,-130,-170,144,226,-408,155,-469,-1308,-353,77,-7,105,9,10,5,3
-286,0,537,-130,-146,148,-80,-382,166,-683,-1204,-347,57,0,116,9,10,5,3
-273,38,571,-122,-117,154,-66,-370,164,150,49,-188,214,193,-148,9,10,5,3
31,-214,-374,-45,-299,-78,-61,-353,162,161,12,-185,241,160,-151,9,10,5,3
27,-195,-386,-53,-294,-76,-48,-337,112,167,-39,-186,277,120,-152,9,10,5,3
15,-170,-395,-60,-287,-72,-218,144,41,187,-96,-164,304,82,-151,9,10,5,3
2,-145,-407,-71,-281,-65,-191,178,55,16,-113,-44,211,-203,-44,9,10,5,3
4,265,-85,-151,-68,-154,-153,214,76,27,-134,-37,201,-200,-46,9,10,5,3
18,273,-83,-141,-40,-166,-110,239,101,42,-149,-38,189,-195,-49,9,10,5,3
16,276,-84,-126,-13,-173,-133,94,246,70,-174,-38,168,-196,-52,9,10,5,3
1,272,-74,-103,7,-165,-124,110,258,548,518,25,17,-75,239,9,10,5,3
-385,-206,331,-141,124,155,-118,119,257,498,485,20,5,-80,242,9,10,5,3
-380,-54,-64,-141,128,150,-138,96,252,454,451,19,-3,-82,242,9,10,5,3
-361,-34,-118,-143,126,151,338,-260,-168,413,420,22,-12,-79,236,9,10,5,3
-337,-7,-155,-147,121,153,338,-371,-238,109,-207,-162,-297,-349,-114,9,10,5,3
-311,32,-180,-144,222,-33,289,-416,-263,137,-222,-183,-274,-322,-72,9,10,5,3
277,-16,-166,-115,203,-29,173,-394,-246,133,-229,-181,-247,-301,-42,9,10,5,3
287,-12,-153,-94,182,-30,425,-1181,161,104,-217,-187,-215,-287,-24,9,10,5,3
300,-4,-134,-81,163,-36,364,-1258,138,293,907,-427,-74,-48,220,9,10,5,3
310,1,-109,183,106,168,281,-1230,119,420,815,-335,-49,-60,231,9,10,5,3
-9,422,288,182,87,160,190,-1141,170,521,673,-253,-20,-78,232,9,10,5,3
-4,437,231,180,64,150,161,346,259,571,523,-191,7,-90,234,9,10,5,3
13,447,184,172,38,137,179,380,252,-117,90,-65,-294,78,-50,9,10,5,3
45,453,153,315,201,-94,198,391,258,-119,117,-165,-288,112,-112,9,10,5,3
-67,-308,-350,304,201,-88,208,403,235,-123,151,-231,-302,141,-173,9,10,5,3
-76,-312,-316,282,193,-80,-74,-128,142,-119,220,-250,-332,166,-221,9,10,5,3
-85,-316,-285,264,186,-71,-108,-116,151,91,327,-64,-7,269,-152,9,10,5,3
-95,-319,-260,76,-21,-192,-128,-105,155,132,347,-39,-2,260,-182,9,10,5,3
15,-124,453,80,-25,-142,-137,-99,166,214,355,-13,16,250,-209,9,10,5,3
5,-121,511,89,-29,-81,336,-160,279,326,332,-2,37,233,-227,9,10,5,3
5,-119,570,100,-42,-18,354,-182,269,-110,254,440,61,178,271,9,10,5,3
18,-120,622,148,-208,-10,330,-220,246,-110,167,458,91,212,248,9,10,5,3
-131,-152,-348,160,-211,-25,291,-265,223,-136,93,322,146,207,204,9,10,5,3
-144,-141,-345,169,-217,-36,-234,-188,-151,-160,52,151,163,217,152,9,10,5,3
-151,-119,-346,174,-229,-46,-218,-218,-129,302,-209,-107,312,78,-16,9,10,5,3
-150,-92,-345,72,-59,-196,-215,-222,-98,312,-254,-96,305,62,-14,9,10,5,3
-258,114,74,55,-55,-217,-215,-203,-57,326,-289,-88,293,53,-17,9,10,5,3
-280,40,169,34,-48,-242,-129,-63,137,346,-310,-95,276,44,-27,9,10,5,3
-311,-34,266,16,-37,-270,-116,-76,262,257,1287,-4,195,-43,468,9,10,5,3
-340,-102,364,-140,-138,275,-143,-117,357,507,1114,73,204,-35,451,9,10,5,3
-98,-191,-246,-176,-131,226,-220,-189,405,696,810,205,198,-39,436,9,10,5,3
-114,-183,-302,-200,-129,172,-220,217,-137,790,480,369,188,-51,421,9,10,5,3
-136,-160,-345,-210,-138,125,-273,209,-148,-41,-135,-89,170,-256,-26,9,10,5,3
-158,-123,-362,-306,-61,-84,-285,230,-149,-95,-153,-87,133,-274,-19,9,10,5,3
236,269,-263,-309,-58,-91,-270,258,-134,-133,-163,-101,101,-290,-14,9,10,5,3
258,257,-240,-305,-55,-101,827,-839,70,-153,-175,-101,73,-308,-10,9,10,5,3
273,251,-213,-304,-49,-112,599,-789,112,841,846,-372,71,16,273,9,10,5,3
281,252,-177,97,277,113,318,-708,215,967,686,-341,85,7,253,9,10,5,3
-300,126,386,107,261,107,71,-583,288,1062,498,-295,90,-6,225,9,10,5,3
-281,150,352,112,240,102,307,295,114,1120,281,-229,87,-20,195,9,10,5,3
-257,178,318,113,215,99,306,248,59,-288,309,-244,-281,-103,-244,9,10,5,3
-236,205,275,109,401,-113,296,154,49,-262,299,-229,-310,-105,-252,9,10,5,3
207,-183,-219,130,388,-109,265,35,-4,-230,243,-229,-350,-103,-245,9,10,5,3
214,-213,-201,136,369,-97,42,-277,0,-203,173,-217,-396,-86,-224,9,10,5,3
219,-237,-195,128,345,-76,-4,-310,9,-2,269,-30,-148,269,-133,9,10,5,3
222,-252,-197,295,55,45,-55,-331,16,113,336,-85,-124,282,-141,9,10,5,3
299,-215,414,303,16,68,-94,-328,16,261,435,-158,-98,288,-142,9,10,5,3
295,-104,411,296,-27,81,460,-4,231,404,500,-216,-79,284,-133,9,10,5,3
277,10,417,271,-66,97,465,-21,220,-300,90,268,-85,268,65,9,10,5,3
251,123,431,239,46,-78,461,-46,210,-344,55,95,-75,282,17,9,10,5,3
25,-203,-430,258,39,-77,440,-78,187,-339,70,-94,-80,296,-25,9,10,5,3
10,-192,-431,271,26,-78,1,-194,72,-245,113,-243,-86,302,-69,9,10,5,3
1,-184,-426,276,13,-81,-18,-190,79,116,149,-131,242,266,-90,9,10,5,3
-4,-182,-418,71,-115,-303,-36,-182,81,380,84,-135,245,254,-101,9,10,5,3
-258,-339,365,44,-100,-308,-62,-179,81,444,-78,-143,238,238,-117,9,10,5,3
-249,-328,425,21,-82,-298,20,-192,397,512,-270,-131,224,223,-135,9,10,5,3
-252,-307,490,2,-65,-271,78,-299,340,587,-500,-84,44,104,293,9,10,5,3
-259,-284,557,-21,-226,60,91,-351,313,81,318,1,75,94,268,9,10,5,3
-87,-191,-308,-23,-256,32,68,-373,329,95,310,-74,105,87,240,9,10,5,3
-107,-167,-340,-29,-283,5,-238,-100,-49,115,234,-149,138,77,212,9,10,5,3
-128,-143,-366,-35,-306,-18,-434,82,-80,129,100,-178,263,-93,-48,9,10,5,3
-151,-116,-383,-125,-227,-68,-437,133,-90,-6,-151,-73,263,-122,-50,9,10,5,3
82,386,194,-150,-227,-69,-427,197,-102,-1,-129,-72,265,-152,-55,9,10,5,3
101,376,203,-172,-223,-73,-395,262,-96,0,-108,-57,261,-183,-61,9,10,5,3
120,364,209,-192,-217,-78,222,392,58,-14,-92,-40,154,180,355,9,10,5,3
139,353,215,31,17,136,469,355,37,640,814,-123,269,-14,229,9,10,5,3
-332,240,-119,38,-3,120,584,262,174,821,642,-48,257,-37,217,9,10,5,3
-302,264,-129,41,-19,102,26,-74,14,974,423,29,249,-62,205,9,10,5,3
-269,283,-134,38,-32,90,-261,-312,-273,1087,164,93,243,-83,189,9,10,5,3
-233,300,-133,-250,295,-16,-223,-161,-244,-99,-207,-158,-320,-223,-34,9,10,5,3
214,-16,-124,-231,300,-9,-153,-29,-219,-125,-156,-169,-327,-120,14,9,10,5,3
222,-17,-91,-209,300,-7,-72,71,-189,-148,-110,-161,-316,-107,0,9,10,5,3
225,-18,-62,-784,-2287,3047,-511,-265,293,-159,-42,-134,-297,-86,-22,9,10,5,3
229,-25,-36,119,42,223,-359,-162,296,456,-827,48,-272,-71,-55,9,10,5,3
88,302,236,145,51,215,-170,-121,266,337,-878,22,-40,56,137,9,10,5,3
85,318,222,170,50,203,3902,-166,2410,213,-920,-4,-45,63,157,9,10,5,3
83,338,211,187,38,191,-63,-113,-76,89,-942,-10,-50,70,183,9,10,5,3
78,356,199,343,190,-61,-186,-47,-114,35,155,-123,-172,469,-25,9,10,5,3
-111,-257,-243,141,69,-9,-327,72,-134,-15,123,-123,-155,207,-18,9,10,5,3
-115,-252,-233,138,60,-15,-178,9,68,-60,92,-138,-159,201,-29,9,10,5,3
-118,-247,-229,134,58,-26,-159,10,6,-86,82,-144,-157,201,-38,9,10,5,3
-119,-243,-229,128,60,-42,-98,17,-53,-241,-1127,-129,-152,205,-50,9,10,5,3
-175,-344,900,-9,-254,329,-1,102,-133,-416,-1050,-135,-21,-33,429,9,10,5,3
-109,-340,797,-32,-246,322,-86,-436,236,-542,-953,-90,-18,-19,474,9,10,5,3
-25,-322,681,-53,-224,316,-192,272,-111,-656,-832,-39,-17,8,502,9,10,5,3
64,-297,569,-67,-190,314,-62,407,-148,168,59,-146,-4,25,505,9,10,5,3
-96,-156,-317,98,-241,-10,104,483,-176,137,112,-125,220,143,19,9,10,5,3
-124,-153,-299,80,-231,-1,269,457,-204,115,143,-123,225,137,7,9,10,5,3
-152,-147,-282,65,-223,3,154,451,-12,100,158,-139,240,137,5,9,10,5,3
-177,-136,-267,48,-214,4,140,443,-23,-218,-894,-322,260,133,6,9,10,5,3
-404,300,94,-148,84,43,119,405,-44,-485,-987,-357,-57,121,268,9,10,5,3
-400,331,124,-241,103,228,66,341,-64,-831,-999,-300,-34,168,279,9,10,5,3
-386,373,168,-192,123,239,-456,158,265,-1139,-796,-223,-16,187,284,9,10,5,3
-377,401,226,-134,132,254,-437,240,264,438,-16,1,-5,181,289,9,10,5,3
-136,4,-300,-78,131,268,-410,318,258,457,9,-255,96,-396,-218,9,10,5,3
-137,39,-309,-290,14,-59,170,393,-274,399,-45,-383,76,-393,-190,9,10,5,3
-141,69,-319,-287,31,-44,172,428,-288,275,-97,-354,65,-390,-165,9,10,5,3
-141,91,-332,-287,54,-40,196,443,-285,-128,-47,-80,57,-386,-144,9,10,5,3
293,127,-297,-284,78,-43,220,444,-235,-156,-71,-78,-227,-167,-199,9,10,5,3
329,93,-240,-5,208,67,-219,-207,510,-186,-94,-66,-250,-181,-209,9,10,5,3
370,48,-183,36,200,112,-123,35,484,-220,-107,-48,-291,-156,-211,9,10,5,3
402,11,-126,83,179,146,24,132,392,566,-854,122,-320,-126,-191,9,10,5,3
-136,391,157,128,138,180,174,70,269,456,-1011,123,-148,-157,143,9,10,5,3
-105,382,126,-13,309,-129,-218,55,-61,368,-1114,119,-192,-153,86,9,10,5,3
-69,362,92,-10,329,-148,-229,68,-41,328,-1134,98,-254,-148,35,9,10,5,3
-35,330,49,-11,355,-150,-250,71,-16,-90,76,-122,-303,-127,-17,9,10,5,3
132,-330,-257,222,199,-102,-224,-199,110,-70,92,-99,-215,280,-71,9,10,5,3
-42,-326,-109,233,198,-131,-223,-168,109,-46,108,-93,-208,285,-73,9,10,5,3
-67,-328,-67,242,204,-165,-228,-170,91,-30,111,-89,-194,288,-79,9,10,5,3
-92,-328,-26,250,217,-199,-263,-202,70,-438,-1138,-171,-177,291,-88,9,10,5,3
-113,-329,3,31,-99,163,41,-265,167,-617,-991,-45,48,115,264,9,10,5,3
389,-62,64,39,-77,160,-1,-273,154,-786,-814,61,50,125,259,9,10,5,3
60,-257,-208,53,-67,161,-53,-281,147,-922,-612,132,61,127,255,9,10,5,3
4,-282,-206,74,-64,168,-110,-296,158,225,18,-204,71,124,247,9,10,5,3
-46,-295,-203,92,-140,-2,-271,11,-6,166,111,-180,251,151,-36,9,10,5,3
-96,-299,-212,73,-131,0,-231,80,50,175,44,-190,228,151,-37,9,10,5,3
-267,43,-177,62,-119,0,-189,132,95,194,-20,-169,213,156,-39,9,10,5,3
-319,106,370,-116,-217,65,331,252,391,-998,-36,-120,-55,-104,309,9,10,5,3
-326,79,449,-166,-193,123,252,266,400,-1017,123,-91,-104,-57,371,9,10,5,3
-327,64,521,-200,-151,176,148,284,337,-1010,287,-99,-128,-3,401,9,10,5,3
-324,-307,-131,-307,-9,45,-131,139,-30,-343,-106,-239,244,-33,-74,9,10,5,3
-338,-258,-203,-296,2,9,-63,-630,-183,-242,-328,-236,265,-59,-127,9,10,5,3
-353,-194,-263,-283,10,-26,-144,-458,-197,-121,-527,-187,269,-96,-172,9,10,5,3
144,297,-229,-79,-99,-44,-117,-235,-199,3,-608,-82,270,-142,-207,9,10,5,3
147,307,-215,-55,-99,-46,-57,-36,-220,-41,-171,-135,23,-257,-159,9,10,5,3
155,312,-199,-41,-101,-48,281,-810,587,-75,-193,-147,1,-253,-171,9,10,5,3
171,308,-182,-35,-104,-46,169,-530,520,-138,-203,-148,-26,-250,-181,9,10,5,3
-173,131,743,84,180,174,109,-277,370,-210,-187,-147,-58,-244,-186,9,10,5,3
-245,143,682,78,171,168,102,-117,200,631,-364,131,41,-101,260,9,10,5,3
-307,140,611,71,159,165,373,85,-14,560,-221,131,41,-147,253,9,10,5,3
-354,132,534,59,148,160,375,-115,-54,455,-63,126,25,-175,238,9,10,5,3
185,40,-429,-98,259,-10,321,-302,-79,296,102,72,2,-182,211,9,10,5,3
186,29,-422,-89,245,8,182,-458,-136,-87,87,-74,-281,-55,5,9,10,5,3
192,18,-408,-77,233,22,-81,-267,49,-70,86,-75,-293,-34,-3,9,10,5,3
200,11,-388,-62,223,34,-98,-276,41,-62,73,-81,-306,-20,-12,9,10,5,3
216,-125,199,68,9,-63,-107,-285,40,-59,57,-82,-319,-12,-22,9,10,5,3
241,-100,260,73,13,-5,-100,-293,45,703,-387,-4,61,-54,276,9,10,5,3
248,-76,318,87,11,44,218,-92,202,613,-454,54,47,-32,268,9,10,5,3
239,-57,365,105,5,85,234,-111,213,503,-528,116,40,3,266,9,10,5,3
98,4,-173,237,57,-53,244,-133,217,165,291,-221,-219,272,-173,9,10,5,3
-30,-87,-451,239,61,-72,-240,29,-199,260,332,-159,-215,284,-210,9,10,5,3
-34,-96,-461,247,65,-83,-289,-19,-201,281,334,-150,-218,296,-234,9,10,5,3
-34,-103,-457,111,-88,9,-301,-64,-183,11,77,-101,14,255,-17,9,10,5,3
-246,-172,-23,107,-76,-14,-138,1242,422,1,52,-98,13,251,-24,9,10,5,3
-224,-175,-1,99,-59,-32,17,1131,346,-10,37,-97,15,248,-30,9,10,5,3
-195,-175,36,89,-46,-41,157,924,242,-22,32,-95,26,245,-31,9,10,5,3
-166,-173,90,-52,-125,-30,208,695,147,120,-268,-226,1,11,-17,9,10,5,3
-76,-67,-71,-51,-126,-19,20,-35,100,46,-229,-181,-1,3,-4,9,10,5,3
-65,-51,-63,-49,-122,-8,13,-55,100,-44,-157,-114,5,-12,15,9,10,5,3
-55,-31,-57,-45,-114,0,12,-63,101,-117,-83,-62,12,-25,42,9,10,5,3
-50,-5,-52,20,-154,82,10,-61,100,24,28,-50,144,155,104,9,10,5,3
-33,198,64,10,-146,96,105,115,67,32,1,-49,141,158,104,9,10,5,3
-6,190,50,5,-143,104,101,102,90,38,-16,-47,137,163,95,9,10,5,3
9,184,30,6,-145,106,89,88,116,45,-38,-34,133,167,82,9,10,5,3
-12,177,30,-11,-164,82,84,80,122,9,-54,-61,155,88,67,9,10,5,3
17,-2,-58,-6,-140,83,73,40,73,9,-49,-56,157,89,74,9,10,5,3
17,2,-55,-4,-117,88,79,53,65,9,-44,-51,156,89,80,9,10,5,3
25,13,-56,-6,-101,93,87,59,59,10,-39,-53,156,88,85,9,10,5,3
32,26,-57,12,-82,40,88,70,59,22,-49,-74,150,77,38,9,10,5,3
17,-21,-41,12,-71,40,82,44,81,24,-42,-78,146,74,31,9,10,5,3
23,-15,-34,9,-62,42,87,50,82,23,-35,-81,145,70,29,9,10,5,3
31,-6,-24,2,-55,44,90,57,83,24,-26,-83,145,64,31,9,10,5,3
37,1,-18,-22,-15,44,91,64,82,24,19,-75,132,49,36,9,10,5,3
4,-6,-45,-19,-15,39,92,47,78,23,9,-76,130,49,37,9,10,5,3
1,-8,-46,-13,-17,37,94,45,80,23,0,-75,128,50,37,9,10,5,3
-1,-10,-45,2011,1350,-1195,96,41,83,23,-8,-70,127,51,36,9,10,5,3
-2,-12,-46,1,-22,37,95,38,80,24,-3,-76,156,71,43,9,10,5,3
6,-3,-61,-1,-16,43,106,46,70,28,-4,-76,158,71,45,9,10,5,3
7,2,-62,-4,-14,47,106,44,72,28,-3,-76,161,73,45,9,10,5,3
7,7,-60,-5,-14,48,105,42,71,29,-5,-71,162,76,44,9,10,5,3
5,10,-57,-26,-19,66,104,38,68,20,12,-70,166,85,37,9,10,5,3
-9,4,-45,0,-27,49,101,38,72,22,11,-69,167,82,37,9,10,5,3
-9,0,-44,-2,-24,52,102,40,73,19,10,-70,166,79,38,9,10,5,3
-9,-3,-43,-5,-21,52,101,42,73,18,11,-72,166,76,39,9,10,5,3
-7,-7,-41,-7,-19,51,103,42,71,17,-4,-72,168,74,40,9,10,5,3
14,-12,-51,-16,-13,52,104,31,71,17,-5,-75,167,74,40,9,10,5,3
11,-14,-51,-13,-13,48,104,32,69,17,-6,-72,166,74,39,9,10,5,3
10,-17,-54,-10,-11,45,104,36,66,18,-4,-73,167,74,38,9,10,5,3
9,-20,-59,-8,-8,42,106,40,68,18,0,-74,171,77,42,9,10,5,3
2,4,-45,-7,-11,53,112,35,75,19,1,-75,170,78,41,9,10,5,3
1,4,-43,-8,-8,54,111,33,72,18,2,-75,169,78,41,9,10,5,3
1,4,-42,-8,-7,55,109,32,72,16,4,-73,169,78,41,9,10,5,3
                                                                                                                                                                                                                                                                                                                                                                                                                                                                                                                                                                                                                                                                                                                                                                                                                                                                                                                                                                                                                                                                                                                                                                                                                                                                                                                                                                                                                                                                                                                                                                                                                                                                                                                                    