-14,40,-11,5,-6,47,-3,0,81,-13,0,-71,-199,-61,27,9,10,5,3
-8,-98,74,90,-74,71,-2,1,82,-15,0,-70,-197,-55,29,9,10,5,3
3,-97,75,112,-82,80,-2,1,84,-17,0,-69,-196,-50,32,9,10,5,3
23,-96,73,129,-88,87,0,9,80,-22,-5,-69,-192,-64,13,9,10,5,3
134,4,-319,381,211,291,1,9,80,-20,-6,-67,-191,-70,15,9,10,5,3
125,9,-333,331,219,322,4,8,78,-17,-7,-67,-192,-74,19,9,10,5,3
119,20,-339,291,217,347,6,10,78,-15,-8,-67,-201,-71,22,9,10,5,3
109,27,-345,253,206,361,-5,-1,76,-18,0,-75,-196,-52,31,9,10,5,3
-63,194,106,-280,-299,-601,-8,0,76,-19,1,-74,-199,-61,32,9,10,5,3
-58,159,93,-231,-268,-641,-9,1,78,-18,1,-70,-199,-71,32,9,10,5,3
-57,135,104,-187,-230,-671,-9,3,80,-16,0,-66,-201,-77,28,9,10,5,3
-76,118,128,-152,-188,-694,0,-2,83,-16,6,-71,-180,-49,43,9,10,5,3
-457,-347,214,79,-146,477,1,-2,82,-17,7,-71,-174,-59,28,9,10,5,3
-404,-381,184,214,-195,518,1,-2,79,-18,7,-71,-169,-62,15,9,10,5,3
-348,-381,151,283,-258,586,0,-4,78,-21,9,-70,-165,-59,10,9,10,5,3
-300,-362,109,296,-321,657,-6,3,76,-18,-2,-77,-194,-71,47,9,10,5,3
428,-21,-130,131,97,165,-6,4,78,-21,-5,-78,-192,-76,49,9,10,5,3
448,3,-145,137,109,161,-7,5,78,-19,-6,-78,-183,-79,48,9,10,5,3
465,30,-153,150,118,140,-3,9,80,-16,-8,-77,-172,-76,40,9,10,5,3
472,50,-161,158,127,113,-19,-17,85,-35,9,-73,-211,-156,41,9,10,5,3
-17,-178,151,-631,-274,440,-20,-14,83,-28,12,-75,-208,-149,37,9,10,5,3
-3,-159,173,-666,-331,347,-22,-11,83,-21,13,-75,-198,-137,39,9,10,5,3
5,-127,199,-686,-379,238,-22,-9,83,-14,14,-74,-189,-119,43,9,10,5,3
11,-69,231,-699,-409,156,0,-3,80,-15,2,-73,-240,-109,-12,9,10,5,3
-201,71,187,267,172,-889,0,0,81,-16,1,-73,-234,-118,-20,9,10,5,3
-186,87,196,225,199,-846,-1,1,83,-15,2,-72,-238,-117,-18,9,10,5,3
-159,113,186,184,232,-804,-1,3,83,-14,2,-70,-231,-119,-7,9,10,5,3
-124,136,162,139,272,-761,8,-2,81,-21,1,-78,-184,-96,21,9,10,5,3
-147,-246,109,376,-150,265,6,0,80,-18,-1,-70,-173,-100,21,9,10,5,3
-161,-240,114,473,-161,245,5,4,79,-15,-6,-63,-154,-96,27,9,10,5,3
-173,-241,132,518,-211,199,2,5,76,-12,-7,-62,-162,-83,26,9,10,5,3
-187,-253,147,469,-242,130,-1,4,81,-20,-1,-68,-189,-67,35,9,10,5,3
181,181,-465,334,-40,112,6,4,81,-24,-2,-68,-188,-72,31,9,10,5,3
159,184,-471,285,13,111,6,5,80,-26,-3,-69,-187,-74,23,9,10,5,3
135,188,-489,256,48,141,5,5,79,-26,-5,-69,-191,-87,4,9,10,5,3
110,190,-509,234,65,185,3,7,79,-10,13,-78,-185,-81,32,9,10,5,3
144,109,57,-501,-168,-181,7,7,79,-12,13,-76,-186,-78,48,9,10,5,3
120,114,82,-436,-213,-174,8,9,80,-12,11,-73,-194,-87,46,9,10,5,3
110,97,96,-362,-259,-158,10,11,81,-10,8,-72,-201,-88,43,9,10,5,3
121,70,95,-303,-299,-173,10,13,81,-15,4,-69,-178,-75,19,9,10,5,3
115,34,-86,-73,286,-300,-11,-16,81,-14,3,-70,-184,-76,19,9,10,5,3
147,71,-63,-67,263,-256,-12,-16,80,-14,1,-71,-187,-78,22,9,10,5,3
165,106,-33,-75,242,-208,-10,-15,79,-15,1,-71,-189,-79,23,9,10,5,3
163,124,0,-101,228,-166,-8,-13,80,-30,-3,-63,-218,-88,18,9,10,5,3
-112,-218,210,201,-77,150,-4,-8,82,-26,-7,-66,-222,-95,7,9,10,5,3
-82,-231,199,258,-48,126,-2,-11,80,-20,-10,-69,-214,-103,3,9,10,5,3
-54,-237,188,276,-42,121,0,-11,80,-98,-2501,-2814,-203,-105,4,9,10,5,3
-25,-233,188,251,-41,140,0,-9,81,-13,3,-67,-190,-81,29,9,10,5,3
249,197,-515,52,14,91,2,1,78,-12,2,-66,-188,-81,26,9,10,5,3
211,196,-544,92,127,170,3,0,79,-11,1,-65,-191,-80,22,9,10,5,3
163,183,-557,78,131,178,4,0,79,-9,0,-66,-189,-84,20,9,10,5,3
104,161,-561,70,134,186,3,-1,81,7,2,-70,-190,-92,34,9,10,5,3
161,295,160,65,138,194,5,10,77,10,1,-69,-188,-93,37,9,10,5,3
-51,64,155,-214,-256,-159,3,10,78,12,2,-66,-190,-91,37,9,10,5,3
-64,29,161,-212,-255,-208,1,11,80,-25,6,-71,-181,-87,8,9,10,5,3
-77,13,165,-204,-246,-258,0,1,84,-25,5,-68,-183,-89,3,9,10,5,3
-93,22,158,-190,-236,-307,0,0,83,-27,3,-66,-193,-92,0,9,10,5,3
-170,-145,180,-152,77,-359,0,0,81,-28,1,-68,-195,-97,0,9,10,5,3
-161,-158,144,-127,43,-306,0,-2,79,-13,1,-67,-228,-106,14,9,10,5,3
-152,-179,120,-144,-1,-254,4,-6,87,-13,0,-69,-221,-130,6,9,10,5,3
-138,-200,108,-203,-53,-201,0,-14,84,-14,0,-71,-211,-145,-6,9,10,5,3
84,-208,-86,47,90,36,0,-18,82,-16,2,-70,-193,-145,-12,9,10,5,3
104,-175,-125,86,88,37,-1,-18,80,-3,2,-67,-190,-97,14,9,10,5,3
107,-125,-158,106,76,38,6,1,79,-1,0,-67,-185,-89,11,9,10,5,3
97,-71,-174,111,59,51,1,-3,80,0,0,-68,-185,-84,13,9,10,5,3
38,-95,-161,119,235,312,-2,-8,79,3,-1,-69,-188,-82,11,9,10,5,3
63,-119,-102,118,236,346,-6,-13,80,2,3,-62,-186,-87,40,9,10,5,3
96,-128,-41,96,225,366,0,6,82,0,3,-64,-184,-87,29,9,10,5,3
130,-114,20,46,212,363,3,9,82,-1,4,-67,-177,-84,25,9,10,5,3
-58,-60,-9,-50,-16,-525,4,11,82,-4,4,-71,-185,-78,21,9,10,5,3
-50,-86,-7,-27,15,-559,6,13,81,-22,1,-72,-197,-96,4,9,10,5,3
-39,-102,-9,4,38,-584,-5,-1,82,-24,1,-71,-198,-98,1,9,10,5,3
-28,-106,-18,27,58,-596,-5,0,83,-25,0,-70,-203,-99,0,9,10,5,3
-159,-161,165,-97,-58,-136,-5,0,85,-24,0,-68,-210,-99,-2,9,10,5,3
-149,-186,146,-64,-75,-93,-6,1,84,-17,1,-66,-185,-63,23,9,10,5,3
-135,-200,135,-46,-85,-58,0,6,81,-13,0,-65,-194,-67,20,9,10,5,3
-126,-204,127,-51,-101,-15,0,5,81,-11,-1,-67,-197,-79,17,9,10,5,3
187,-141,26,371,208,206,0,2,81,-11,-1,-69,-198,-91,13,9,10,5,3
203,-118,-3,346,227,169,0,-1,82,2,4,-70,-177,-85,9,9,10,5,3
208,-94,-36,293,237,162,-11,-20,81,1,4,-69,-179,-79,9,9,10,5,3
209,-79,-72,239,241,170,-13,-21,79,0,3,-69,-176,-74,5,9,10,5,3
144,-61,-238,-286,167,213,-15,-20,80,-4,4,-68,-178,-68,1,9,10,5,3
154,-30,-154,-322,139,201,-15,-17,80,-30,-2,-69,-196,-102,11,9,10,5,3
149,34,-56,-331,107,184,10,10,81,-28,-3,-68,-198,-107,6,9,10,5,3
129,91,25,-323,71,163,10,9,79,-23,-4,-67,-203,-108,5,9,10,5,3
39,4,14,7,-9,-543,9,9,78,-20,-4,-66,-206,-107,8,9,10,5,3
48,20,32,51,7,-535,7,7,78,-13,0,-72,-191,-102,15,9,10,5,3
55,51,44,88,12,-539,-6,-2,81,-13,0,-71,-182,-101,10,9,10,5,3
52,85,50,116,27,-547,-4,-1,83,-15,2,-68,-177,-97,8,9,10,5,3
-19,-179,-43,-313,148,-195,-4,-1,84,-16,4,-67,-182,-91,10,9,10,5,3
-3,-172,-35,-290,122,-129,-4,0,83,-24,3,-67,-173,-85,21,9,10,5,3
8,-166,-19,-212,72,-70,7,4,83,-20,0,-68,-188,-61,41,9,10,5,3
14,-161,0,-119,15,-18,3,2,82,-15,-2,-69,-198,-52,52,9,10,5,3
111,-93,-193,205,2,171,0,0,81,-12,-4,-70,-200,-57,46,9,10,5,3
112,-73,-236,184,4,154,-2,-3,80,-7,1,-70,-177,-76,0,9,10,5,3
116,-52,-273,148,21,131,-10,-14,82,-10,3,-72,-195,-103,20,9,10,5,3
116,-26,-298,115,41,113,-12,-11,81,-14,3,-71,-196,-110,15,9,10,5,3
124,48,108,-231,147,128,-13,-9,81,2108,-1234,210,-195,-111,13,9,10,5,3
159,66,98,-253,121,112,-14,-6,81,-20,-7,-67,-195,-113,11,9,10,5,3
194,85,85,-273,99,91,1,-9,79,-22,-5,-66,-177,-93,25,9,10,5,3
216,119,83,-284,80,70,0,-11,79,-26,-4,-67,-174,-94,27,9,10,5,3
-4,43,52,37,-108,-551,0,-11,80,-28,-2,-68,-172,-95,22,9,10,5,3
0,51,66,60,-86,-570,0,-10,81,-11,7,-70,-172,-98,14,9,10,5,3
2,57,64,83,-52,-575,-5,-8,85,-13,8,-70,-193,-97,-2,9,10,5,3
6,68,51,107,-21,-572,-5,-6,85,-15,8,-69,-198,-101,1,9,10,5,3
-91,-232,149,-67,77,-329,-4,-2,82,-16,7,-70,-195,-107,7,9,10,5,3
-70,-245,136,-61,71,-308,-3,-1,79,-19,-6,-67,-188,-108,18,9,10,5,3
-61,-248,119,-72,69,-294,9,17,79,-16,-7,-68,-205,-100,36,9,10,5,3
-68,-242,92,-103,76,-294,9,16,76,-16,-7,-69,-204,-107,32,9,10,5,3
121,-32,-203,284,94,286,11,15,76,-15,-5,-70,-194,-114,27,9,10,5,3
125,-7,-231,282,200,290,5,-2,82,-13,5,-71,-175,-87,-1,9,10,5,3
128,17,-263,240,210,291,5,-5,82,-12,5,-72,-179,-85,9,9,10,5,3
89,-85,-77,209,219,288,0,-8,80,-12,7,-72,-179,-88,15,9,10,5,3
102,-52,-31,182,219,284,-3,-10,79,-14,8,-71,-192,-92,16,9,10,5,3
111,1,34,-247,-22,-136,3,6,82,-11,-2,-65,-182,-103,14,9,10,5,3
112,58,89,-233,-34,-124,7,0,82,-11,-2,-65,-184,-103,10,9,10,5,3
88,93,46,-218,-45,-109,6,1,82,-14,-1,-67,-184,-105,8,9,10,5,3
89,109,14,232,13,-577,5,1,82,-16,0,-70,-187,-105,6,9,10,5,3
94,120,-18,258,39,-579,3,1,82,-16,5,-67,-182,-97,10,9,10,5,3
96,116,-32,273,81,-599,-6,-6,82,-18,5,-70,-184,-99,16,9,10,5,3
-84,-182,36,-89,-72,-59,-4,-9,81,-19,6,-74,-189,-103,19,9,10,5,3
-71,-206,41,-55,-109,-51,-2,-11,79,-15,4,-64,-164,-50,42,9,10,5,3
-68,-193,48,-21,-134,-54,-19,-15,81,-16,5,-65,-166,-47,44,9,10,5,3
-58,-184,63,2,-145,-64,-18,-14,82,-18,7,-67,-170,-56,40,9,10,5,3
-38,-182,77,185,94,138,-17,-12,81,-20,6,-68,-174,-68,31,9,10,5,3
140,21,-367,212,104,135,-14,-6,80,-37,-7,-64,-176,-100,-10,9,10,5,3
105,52,-371,217,94,140,-5,-12,80,-37,-8,-70,-179,-100,-16,9,10,5,3
80,83,-379,211,63,173,-1,3,82,-39,-7,-74,-185,-100,-14,9,10,5,3
73,110,-397,-257,74,65,0,5,81,-42,-4,-77,-191,-99,-10,9,10,5,3
162,57,204,-273,76,45,3,8,80,659,329,710,-186,-114,27,9,10,5,3
161,97,213,-295,80,24,3,10,79,-13,4,-69,-183,-113,25,9,10,5,3
163,123,205,-317,81,3,2,2,81,-15,5,-69,-184,-116,21,9,10,5,3
162,125,195,-27,-89,-516,1,0,80,-16,6,-70,-180,-120,17,9,10,5,3
-89,99,101,-21,-70,-537,1,0,80,-18,6,-69,-205,-125,17,9,10,5,3
-94,90,136,-11,-61,-533,0,0,82,-13,4,-70,-189,-128,15,9,10,5,3
-96,84,175,14,-61,-517,-6,2,83,-12,4,-68,-175,-125,9,9,10,5,3
-98,91,206,-351,54,-307,-2,3,86,-12,3,-68,-174,-115,4,9,10,5,3
-94,-364,35,-371,-14,-193,0,3,86,-11,2,-71,-176,-123,-12,9,10,5,3
-78,-374,57,-303,-94,-95,2,3,82,-13,1,-65,-182,-112,3,9,10,5,3
-56,-389,73,-189,-163,-23,-11,-8,81,-11,3,-67,-194,-102,18,9,10,5,3
-30,-401,67,331,98,252,-10,-5,82,-9,4,-69,-199,-97,28,9,10,5,3
-4,74,-319,382,88,264,-7,-3,80,-8,4,-71,-186,-122,5,9,10,5,3
-3,79,-315,463,59,278,-4,-3,78,-16,5,-70,-186,-120,5,9,10,5,3
-4,89,-308,491,30,271,-1,0,82,-13,0,-66,-185,-118,8,9,10,5,3
-9,97,-302,-386,-52,-39,-1,1,80,-15,-1,-65,-182,-117,12,9,10,5,3
-18,0,140,-401,-61,-68,0,3,79,-18,0,-67,-187,-130,14,9,10,5,3
-71,78,214,-398,-74,-93,3,5,82,-19,-2,-66,-186,-128,13,9,10,5,3
-75,84,189,230,122,-666,2,6,81,-19,-3,-64,-184,-126,9,9,10,5,3
-73,95,148,259,153,-637,3,6,80,-16,-3,-64,-150,-86,11,9,10,5,3
-65,101,101,263,182,-630,1,5,80,-15,-3,-65,-151,-82,11,9,10,5,3
23,-236,232,242,212,-632,11,3,78,-9,-1,-68,-162,-82,10,9,10,5,3
12,-252,221,114,-265,228,12,5,78,-11,0,-67,-181,-89,6,9,10,5,3
-12,-278,211,138,-231,201,12,7,79,-12,2,-69,-157,-84,30,9,10,5,3
-41,-310,202,148,-189,153,10,6,80,-12,2,-69,-146,-88,31,9,10,5,3
123,59,-307,144,-154,107,14,9,81,-11,-2,-64,-150,-92,33,9,10,5,3
110,80,-287,132,164,277,15,7,81,-10,-4,-64,-187,-130,17,9,10,5,3
91,97,-263,87,168,263,14,5,81,-10,-5,-66,-193,-130,19,9,10,5,3
80,102,-242,63,156,264,13,5,79,-12,-4,-68,-178,-129,21,9,10,5,3
158,192,95,54,144,267,6,12,82,-12,-2,-66,-183,-126,20,9,10,5,3
169,211,89,-164,-188,-244,5,11,82,-11,-3,-67,-182,-113,12,9,10,5,3
180,195,78,-144,-214,-224,5,10,81,-10,-2,-68,-180,-111,17,9,10,5,3
179,147,83,-133,-236,-222,6,12,81,-9,-1,-68,-176,-114,19,9,10,5,3
-95,91,136,-122,-250,-235,-8,-6,84,-32,0,-65,-172,-120,16,9,10,5,3
-117,119,138,218,380,-180,-8,-4,84,-32,-1,-68,-180,-89,21,9,10,5,3
-130,143,141,-196,30,-207,-7,-2,81,-32,-2,-73,-177,-103,13,9,10,5,3
-132,170,149,-135,-55,-179,-6,0,79,-33,-2,-76,-166,-114,3,9,10,5,3
22,-269,-36,-79,-116,-171,5,5,79,-3,4,-69,-157,-118,0,9,10,5,3
48,-253,-27,-61,-143,-172,2,1,79,-7,5,-70,-140,-91,51,9,10,5,3
71,-233,-23,154,94,201,1,0,79,-10,5,-71,-145,-89,46,9,10,5,3
87,-217,-24,167,105,197,0,-1,79,-13,6,-70,-151,-90,41,9,10,5,3
0,55,-355,195,113,198,0,-9,80,-39,4,-71,-153,-94,37,9,10,5,3
-12,52,-341,237,104,216,-1,-9,80,-37,2,-74,-174,-127,13,9,10,5,3
-25,46,-329,-258,15,-20,-3,-8,81,-36,0,-74,-179,-129,13,9,10,5,3
-37,37,-321,-243,2,-32,-4,-5,81,-33,-2,-72,-176,-131,18,9,10,5,3
49,151,105,-234,-11,-48,-3,-5,81,-27,2,-68,-178,-131,22,9,10,5,3
45,111,109,-231,-15,-59,-3,-4,80,-26,2,-68,-170,-135,7,9,10,5,3
28,70,121,-61,-152,-386,-4,-3,80,-26,2,-67,-172,-135,11,9,10,5,3
3,43,142,-22,-133,-421,-4,-2,80,-26,2,-67,-172,-134,10,9,10,5,3
-112,55,165,16,-113,-453,-2,-5,84,-20,3,-71,-173,-133,7,9,10,5,3
-104,28,157,51,-91,-484,-3,-6,83,-21,4,-69,-179,-136,0,9,10,5,3
-99,19,126,-16,148,-221,-5,-7,82,-22,5,-70,-168,-134,-2,9,10,5,3
-97,34,91,-65,145,-200,-7,-9,81,-23,6,-72,-156,-121,0,9,10,5,3
-22,-165,110,-133,144,-184,8,-1,78,-26,-1,-71,-156,-101,5,9,10,5,3
-31,-172,107,-194,148,-151,8,3,79,-28,-1,-70,-179,-112,30,9,10,5,3
-37,-189,100,117,-35,164,7,7,81,-29,-1,-67,-171,-110,26,9,10,5,3
-42,-206,90,56,-28,126,7,10,83,-29,-1,-67,-162,-108,23,9,10,5,3
47,85,-406,-13,-19,90,13,4,81,-21,6,-71,-155,-105,23,9,10,5,3
26,89,-427,-84,-7,64,13,1,80,-21,7,-70,-172,-133,9,9,10,5,3
7,88,-446,-253,20,127,12,-2,79,-21,9,-71,-172,-133,13,9,10,5,3
-9,81,-458,-279,13,98,11,-6,78,-24,11,-70,-174,-136,19,9,10,5,3
141,100,-1,-296,9,76,-1,-4,79,-11,6,-71,-172,-141,22,9,10,5,3
-80,60,230,-163,-155,-201,-1,-7,78,-12,7,-72,-167,-135,6,9,10,5,3
-95,75,250,-150,-166,-229,0,-9,80,-12,6,-70,-165,-135,5,9,10,5,3
-102,93,244,-141,-175,-259,2,0,80,-12,1,-68,-168,-136,3,9,10,5,3
-99,109,218,-133,-180,-299,0,1,80,-14,0,-69,-172,-139,0,9,10,5,3
-82,177,180,-106,210,-348,0,1,80,-16,1,-69,-182,-123,0,9,10,5,3
-89,188,207,-79,194,-293,-1,0,80,-20,1,-69,-174,-136,-1,9,10,5,3
-103,182,232,-38,181,-251,4,14,80,-6,-1,-66,-161,-145,-4,9,10,5,3
-126,159,254,-20,172,-228,8,14,79,-4,-2,-68,-148,-144,-9,9,10,5,3
175,-284,-45,223,16,190,11,16,79,-3,-2,-69,-158,-140,22,9,10,5,3
188,-249,-76,244,17,173,15,17,80,-4,0,-70,-158,-144,17,9,10,5,3
199,-204,-105,246,22,164,2,0,80,-35,1,-71,-158,-147,15,9,10,5,3
205,-164,-129,234,32,170,0,-3,81,-39,0,-70,-154,-145,16,9,10,5,3
-17,78,-283,-90,142,177,0,-8,83,-42,0,-68,-170,-150,15,9,10,5,3
-14,68,-307,-85,141,184,-1,-11,83,-43,0,-68,-165,-146,15,9,10,5,3
-12,54,-329,-87,139,190,-5,2,80,-29,-5,-67,-163,-143,13,9,10,5,3
-15,32,-334,-94,126,198,-4,1,80,-26,-4,-65,-164,-138,13,9,10,5,3
9,57,187,-128,-101,-371,-3,0,81,-21,-5,-64,-158,-144,4,9,10,5,3
-20,55,196,-102,-104,-386,0,0,80,-15,-3,-65,-157,-144,-5,9,10,5,3
-44,79,197,-75,-101,-399,2,-7,83,-26,5,-71,-157,-146,-8,9,10,5,3
-55,105,179,-40,-97,-411,2,-2,83,-19,1,-69,-159,-150,-6,9,10,5,3
-58,118,175,-41,264,-385,2,0,83,-18,1,-70,-152,-160,-17,9,10,5,3
-49,118,188,-57,255,-358,0,0,82,-16,1,-70,-150,-148,-9,9,10,5,3
-49,129,190,-82,236,-336,-2,-8,83,-16,1,-68,-152,-129,6,9,10,5,3
-65,132,191,-118,209,-309,0,-7,81,-24,-4,-63,-162,-110,18,9,10,5,3
75,-252,35,204,-42,334,3,-3,80,-23,-3,-65,-147,-104,30,9,10,5,3
65,-248,39,215,-7,353,4,0,80,-22,-1,-69,-146,-109,30,9,10,5,3
66,-239,40,226,22,354,12,11,80,-20,0,-71,-143,-118,31,9,10,5,3
77,-230,35,232,49,339,11,9,81,-30,0,-68,-140,-124,32,9,10,5,3
-71,148,-555,3,67,176,12,7,81,-32,0,-67,-163,-130,15,9,10,5,3
-78,135,-546,6,68,179,12,5,80,-35,0,-68,-159,-130,12,9,10,5,3
-80,115,-513,10,68,181,-2,3,81,-34,-1,-73,-165,-131,7,9,10,5,3
-74,90,-469,10,69,181,-1,4,79,-15,0,-65,-159,-132,7,9,10,5,3
-79,97,264,-207,-77,-154,0,5,78,-15,1,-69,-152,-161,7,9,10,5,3
-114,83,257,-208,-86,-156,0,7,78,-14,-1,-71,-151,-162,6,9,10,5,3
-119,79,234,-204,-83,-153,0,-3,80,-13,-2,-73,-157,-162,6,9,10,5,3
-100,86,196,-189,-76,-146,1,-2,80,-23,0,-69,-161,-162,5,9,10,5,3
21,59,31,34,231,-500,0,-2,80,-21,1,-66,-151,-129,7,9,10,5,3
14,77,71,25,234,-467,-1,-3,81,-19,1,-64,-164,-125,7,9,10,5,3
-4,106,96,34,195,-395,0,5,80,-23,1,-66,-171,-131,8,9,10,5,3
-3,-213,74,60,-216,183,0,6,80,-20,0,-66,-175,-150,11,9,10,5,3
-4,-196,79,134,-222,199,0,5,80,-17,-1,-69,-170,-159,4,9,10,5,3
-13,-178,84,182,-226,218,2,4,81,-14,-2,-71,-161,-166,0,9,10,5,3
-18,-169,89,198,-223,249,4,-2,83,-21,0,-68,-149,-168,1,9,10,5,3
179,-14,-207,38,86,39,5,-1,83,-19,1,-70,-150,-137,10,9,10,5,3
166,2,-225,68,87,39,5,-1,83,-19,1,-72,-153,-141,10,9,10,5,3
159,16,-247,80,85,42,5,-1,80,-19,2,-72,-152,-145,10,9,10,5,3
146,30,-270,87,79,55,-1,4,81,-21,-3,-70,-153,-149,10,9,10,5,3
21,-38,113,-254,-9,-33,0,5,81,-20,-3,-68,-147,-149,21,9,10,5,3
40,-13,125,-203,11,-115,-1,5,81,-18,-4,-67,-154,-146,18,9,10,5,3
58,7,124,-189,14,-106,-1,4,81,-17,-4,-67,-153,-141,21,9,10,5,3
74,25,125,-178,14,-103,0,-4,80,-21,4,-74,-155,-139,22,9,10,5,3
-81,79,122,-169,11,-105,0,-6,79,-21,4,-73,-154,-155,8,9,10,5,3
-77,67,98,92,-12,-413,0,-6,79,-20,4,-71,-154,-156,12,9,10,5,3
-76,42,84,96,-4,-417,1,-5,80,-18,4,-69,-152,-157,16,9,10,5,3
-78,13,89,94,10,-418,0,5,80,-14,-2,-72,-149,-157,15,9,10,5,3
-133,9,122,96,27,-423,0,6,80,-15,0,-72,-158,-162,-1,9,10,5,3
-101,-19,103,-129,-145,15,2,7,81,-18,0,-71,-152,-167,0,9,10,5,3
-76,-55,94,-136,-187,57,3,6,84,-20,0,-68,-148,-166,6,9,10,5,3
-56,-88,86,-128,-219,101,-7,-16,81,-23,3,-68,-149,-160,15,9,10,5,3
147,-247,83,-90,-234,146,-3,-14,83,-23,3,-71,-136,-127,28,9,10,5,3
145,-225,77,164,87,139,-2,-10,79,-24,5,-74,-137,-128,27,9,10,5,3
138,-204,66,168,72,133,-3,-5,79,-26,7,-74,-134,-129,31,9,10,5,3
137,-190,43,164,59,126,-7,-9,81,-31,1,-70,-142,-132,29,9,10,5,3
-32,38,-246,156,49,123,-8,-10,81,-29,1,-71,-157,-137,22,9,10,5,3
-38,27,-220,-149,55,175,-8,-10,82,-28,0,-71,-157,-138,27,9,10,5,3
-45,16,-197,-177,56,162,-8,-10,82,-27,0,-71,-161,-139,29,9,10,5,3
-55,6,-179,-199,51,151,2,4,82,-18,-2,-65,-158,-143,28,9,10,5,3
179,132,-5,-215,42,140,2,4,82,-17,-1,-66,-150,-164,12,9,10,5,3
185,113,-22,-83,6,-332,2,4,82,-17,-1,-68,-144,-165,11,9,10,5,3
174,97,-21,-81,0,-339,2,5,81,-17,-2,-70,-139,-165,8,9,10,5,3
149,99,0,-78,-7,-350,2,-4,80,-20,2,-73,-144,-163,6,9,10,5,3
-44,-55,-10,-63,-15,-363,2,-5,80,-22,2,-73,-144,-147,16,9,10,5,3
57,133,52,-277,195,-590,0,-6,80,-25,3,-72,-143,-151,9,9,10,5,3
58,167,81,-313,153,-498,0,-5,81,-27,3,-70,-141,-157,0,9,10,5,3
51,208,112,-308,102,-383,0,7,80,-11,3,-69,-137,-160,-5,9,10,5,3
38,244,142,-276,50,-279,-2,2,79,-12,5,-69,-129,-158,7,9,10,5,3
21,-295,53,116,-81,60,-5,-4,81,-14,7,-67,-128,-159,1,9,10,5,3
5,-301,38,116,-89,63,-6,-12,85,-17,9,-65,-126,-155,8,9,10,5,3
-6,-307,32,107,-99,72,2,4,79,-12,-1,-68,-131,-146,20,9,10,5,3
-8,-313,29,93,-114,79,1,3,78,-11,-2,-69,-144,-159,15,9,10,5,3
87,70,-273,58,16,235,2,2,78,-12,-2,-70,-147,-162,14,9,10,5,3
72,78,-280,41,34,241,1,2,78,-13,0,-70,-145,-162,14,9,10,5,3
59,84,-280,25,52,241,0,-1,80,-17,0,-71,-147,-161,15,9,10,5,3
55,92,-273,6,72,239,1,-1,80,-16,-1,-72,-151,-186,10,9,10,5,3
88,1,22,-211,15,-194,1,0,78,-16,-1,-73,-151,-184,11,9,10,5,3
112,31,41,-195,20,-204,1,0,77,-18,-1,-72,-153,-182,12,9,10,5,3
128,55,52,-177,25,-214,0,-3,80,-21,5,-67,-154,-182,12,9,10,5,3
141,72,54,-161,29,-221,0,-6,79,-18,4,-67,-146,-156,12,9,10,5,3
-162,-116,0,191,143,-589,0,-7,78,-16,3,-68,-147,-158,15,9,10,5,3
-131,-131,-32,179,162,-579,0,-8,78,-14,3,-70,-145,-161,15,9,10,5,3
-93,-134,-53,167,169,-565,1,-6,79,-17,-2,-69,-143,-161,10,9,10,5,3
-54,-125,-62,152,170,-559,-2,6,80,-16,-3,-68,-135,-167,0,9,10,5,3
-38,-158,137,12,-33,279,-1,5,82,-15,-4,-68,-127,-157,0,9,10,5,3
-43,-172,123,87,-21,262,-1,4,82,-14,-4,-69,-123,-139,7,9,10,5,3
-47,-179,110,167,-17,237,-2,2,84,-1,-6,-67,-126,-115,19,9,10,5,3
-50,-184,100,224,-34,199,-3,4,82,-3,-5,-68,-138,-155,25,9,10,5,3
67,-164,-23,128,-52,100,-2,1,83,-5,-3,-69,-142,-153,26,9,10,5,3
63,-160,-16,126,-45,106,-1,-2,83,-7,0,-72,-141,-150,27,9,10,5,3
61,-159,-12,125,-38,114,-2,-5,83,-10,4,-72,-140,-148,26,9,10,5,3
58,-158,-16,122,-31,119,0,-5,81,-10,4,-71,-141,-139,18,9,10,5,3
-25,53,-304,-342,42,97,-1,-5,81,-10,4,-70,-142,-135,24,9,10,5,3
-28,46,-302,-364,42,57,-2,-6,81,-11,3,-68,-143,-132,28,9,10,5,3
-31,36,-295,-377,42,21,-2,-7,81,-13,-4,-68,-140,-133,31,9,10,5,3
-38,21,-280,-376,36,-6,10,6,80,-10,-5,-69,54,58,50,9,10,5,3
27,110,157,28,12,-395,10,2,80,-8,-3,-71,-148,-161,8,9,10,5,3
-46,132,186,44,-7,-405,7,0,80,-6,-2,-71,-149,-160,7,9,10,5,3
-124,150,231,62,-28,-400,4,-1,78,-7,6,-68,-151,-161,5,9,10,5,3
-186,157,268,79,-50,-381,-1,3,79,-19,3,-72,-154,-166,1,9,10,5,3
52,77,268,-1407,-782,-1479,-1,5,81,-21,1,-71,-144,-99,40,9,10,5,3
63,30,255,265,65,315,-2,4,82,-22,0,-68,-151,-114,36,9,10,5,3
70,-21,241,204,26,296,2,4,77,-26,-1,-72,-152,-136,25,9,10,5,3
-14,-235,-105,164,-9,282,0,3,77,-26,-2,-71,-143,-150,14,9,10,5,3
-13,-229,-109,108,-120,48,-1,2,78,-26,-2,-69,-146,-150,16,9,10,5,3
-7,-220,-108,89,-88,42,-7,-6,81,-24,4,-68,-145,-149,17,9,10,5,3
-1,-209,-106,70,-53,45,-8,-9,82,-26,3,-68,-145,-150,19,9,10,5,3
-53,35,-233,56,-26,55,-9,-12,82,-27,2,-69,-143,-161,21,9,10,5,3
-55,16,-235,-337,-54,-25,-8,-14,81,-28,2,-70,-138,-168,18,9,10,5,3
-58,-2,-251,-331,-58,-45,20,15,78,-14,-6,-71,-133,-171,16,9,10,5,3
-62,-17,-265,-327,-59,-63,19,11,79,-18,-4,-72,-132,-172,14,9,10,5,3
12,278,174,-328,-57,-80,17,8,79,-22,-2,-70,-149,-166,-5,9,10,5,3
-13,276,189,154,-21,-475,15,5,80,-26,-1,-67,-146,-166,8,9,10,5,3
-41,249,231,149,-31,-478,0,0,81,-6,6,-70,-144,-169,18,9,10,5,3
-61,224,284,153,-24,-491,1,3,81,0,5,-67,-147,-171,20,9,10,5,3
16,103,151,175,-5,-517,3,4,82,1,5,-65,-133,-133,9,9,10,5,3
17,112,161,403,-161,567,3,5,81,2,4,-64,-138,-132,11,9,10,5,3
18,114,174,364,-186,483,-15,-8,79,-23,-2,-73,-142,-133,16,9,10,5,3
19,108,191,334,-173,418,-15,-6,78,-23,-2,-73,-143,-134,20,9,10,5,3
141,-182,-92,31,38,4,-14,-5,80,-22,-2,-72,-119,-130,18,9,10,5,3
136,-185,-91,9,59,27,-3,0,81,-34,0,-67,-121,-130,20,9,10,5,3
135,-182,-91,-5,84,46,-3,-1,82,-33,0,-67,-124,-131,25,9,10,5,3
135,-171,-93,-9,101,60,-3,-1,83,-32,-1,-67,-122,-133,31,9,10,5,3
-114,17,-463,-141,17,118,-3,-2,83,-29,-2,-68,-149,-170,21,9,10,5,3
-116,-15,-431,-156,25,132,-5,6,80,3,4,-72,-149,-175,29,9,10,5,3
-115,-48,-385,-161,30,146,-2,8,81,1,5,-71,-147,-180,32,9,10,5,3
-110,-82,-337,-156,29,150,0,10,81,-1,6,-71,-144,-187,31,9,10,5,3
-112,116,260,-75,14,-252,0,11,81,-3,6,-71,-146,-160,2,9,10,5,3
-156,145,249,-67,0,-265,1,0,82,-18,-3,-69,-152,-155,1,9,10,5,3
-197,161,224,-51,-15,-279,1,0,81,-15,-4,-68,-152,-151,3,9,10,5,3
-228,161,194,-32,-31,-291,0,0,82,-11,-5,-67,-152,-151,3,9,10,5,3
79,-6,105,4,100,138,0,3,82,-9,-5,-68,-133,-126,38,9,10,5,3
74,-13,104,82,64,220,-2,-4,78,-23,0,-72,-123,-136,26,9,10,5,3
70,-20,111,163,26,263,-2,-5,78,-24,0,-71,-115,-142,13,9,10,5,3
64,-28,124,211,2,269,-2,-5,80,-26,-1,-70,-107,-139,10,9,10,5,3
78,-211,-128,72,-125,-34,0,-4,83,-27,-1,-68,-127,-147,15,9,10,5,3
82,-199,-137,38,-110,12,-8,-2,82,-24,0,-68,-128,-144,21,9,10,5,3
80,-181,-140,13,-87,43,-10,-3,82,-26,0,-68,-130,-143,26,9,10,5,3
74,-163,-137,6,-58,58,-11,-3,82,-27,-1,-67,-125,-144,32,9,10,5,3
-5,-44,-573,-49,-21,237,-13,-6,81,-27,-1,-68,-141,-191,11,9,10,5,3
-8,-74,-523,-57,-8,241,-2,3,81,2,3,-70,-138,-185,17,9,10,5,3
-1,-104,-465,-63,0,244,1,3,82,-4,2,-70,-130,-181,26,9,10,5,3
10,-146,-419,-74,0,248,5,5,81,-13,0,-68,-123,-179,32,9,10,5,3
-196,221,198,-61,-134,-510,7,6,80,-22,-1,-67,-147,-179,0,9,10,5,3
-181,226,184,-38,-103,-535,-10,2,82,-6,-3,-68,-147,-179,5,9,10,5,3
-154,222,171,-11,-68,-559,-12,-1,81,-4,-3,-70,-147,-178,9,9,10,5,3
-128,208,164,14,-42,-582,-15,-4,81,-4,-2,-71,-148,-178,12,9,10,5,3
133,-137,120,36,51,28,-14,-7,82,-4,0,-72,-119,-128,30,9,10,5,3
135,-164,107,-5,46,55,7,9,80,-19,-2,-69,-125,-132,30,9,10,5,3
139,-179,86,-6,36,96,6,7,83,-21,-4,-65,-126,-143,23,9,10,5,3
144,-176,62,35,12,120,4,4,84,-21,-5,-65,-123,-153,12,9,10,5,3
4,-60,-267,72,-88,-5,5,3,83,-20,-4,-67,-132,-151,7,9,10,5,3
7,-36,-291,48,-85,30,-2,-13,82,-28,1,-68,-125,-145,12,9,10,5,3
13,-14,-311,24,-75,64,-4,-12,82,-26,1,-68,-129,-143,11,9,10,5,3
13,1,-324,6,-61,85,-5,-9,81,-26,2,-69,-129,-143,12,9,10,5,3
-92,-248,-100,-123,-123,194,-7,-7,80,-26,1,-69,-130,-186,17,9,10,5,3
-102,-229,-45,-135,-130,185,2,1,78,-19,-2,-67,-135,-186,11,9,10,5,3
-108,-197,-3,-152,-133,170,4,3,78,-15,-2,-68,-135,-185,12,9,10,5,3
-122,-169,28,-175,-130,153,7,7,77,-11,-2,-67,-130,-185,15,9,10,5,3
-10,40,65,-15,211,-567,9,10,80,-8,-1,-66,-127,-193,3,9,10,5,3
-2,61,81,27,213,-593,11,11,80,0,1,-68,-126,-193,1,9,10,5,3
7,88,81,52,219,-603,9,9,80,0,2,-68,-129,-193,0,9,10,5,3
15,112,71,61,226,-597,7,8,81,-2,3,-68,-131,-194,-3,9,10,5,3
90,-61,235,-2747,-649,3644,5,6,80,-4,4,-70,-125,-137,23,9,10,5,3
77,-96,248,82,-218,73,0,2,80,-16,-5,-72,-131,-145,27,9,10,5,3
64,-140,251,51,-226,116,0,3,81,-17,-4,-71,-130,-152,30,9,10,5,3
54,-187,250,24,-211,122,0,3,83,-17,-4,-70,-125,-160,29,9,10,5,3
74,-28,-294,13,-177,89,0,4,83,-18,-4,-71,-123,-134,18,9,10,5,3
66,0,-322,231,73,232,-14,-14,81,-33,0,-70,-121,-138,17,9,10,5,3
57,29,-344,198,90,236,-14,-15,81,-34,0,-69,-120,-143,16,9,10,5,3
49,57,-364,156,99,240,-13,-15,82,-35,0,-69,-121,-144,14,9,10,5,3
66,5,218,120,91,252,-11,-16,83,-35,0,-70,-125,-206,24,9,10,5,3
78,16,227,-293,-83,-196,13,10,79,-1,3,-70,-122,-212,26,9,10,5,3
78,7,220,-286,-67,-230,11,8,78,-5,2,-70,-121,-218,25,9,10,5,3
62,-7,215,-284,-52,-264,12,5,78,-8,1,-70,-119,-222,23,9,10,5,3
-18,80,42,-275,-45,-292,11,5,78,-9,0,-67,-124,-168,16,9,10,5,3
-15,64,52,34,167,-455,-9,-5,82,-20,6,-69,-126,-172,16,9,10,5,3
-9,58,58,-11,185,-483,-10,-4,82,-22,2,-73,-126,-178,14,9,10,5,3
-2,65,59,-54,195,-476,-10,-6,84,-25,2,-71,-126,-183,8,9,10,5,3
-40,5,135,-78,191,-432,-9,-8,83,-28,1,-67,-91,-186,-1,9,10,5,3
-37,-13,139,116,120,81,8,2,83,-30,-2,-66,-109,-166,13,9,10,5,3
-35,-31,150,172,145,72,7,2,81,-15,-5,-68,-118,-145,28,9,10,5,3
-35,-45,162,200,152,61,5,5,80,-13,-3,-67,-124,-130,37,9,10,5,3
180,-133,-91,193,143,32,4,6,79,-12,-1,-67,-114,-136,32,9,10,5,3
183,-119,-105,218,-113,172,-2,0,80,-10,0,-68,-108,-140,36,9,10,5,3
193,-111,-120,207,-92,160,-3,-1,80,-39,-4,-65,-108,-145,36,9,10,5,3
205,-105,-133,200,-66,150,-3,-2,80,-37,-3,-67,-104,-148,33,9,10,5,3
-35,46,-256,198,-44,147,-3,-2,81,-36,-3,-67,-119,-180,28,9,10,5,3
-36,34,-236,-222,-130,-11,-1,2,81,-34,-2,-69,-122,-186,26,9,10,5,3
-40,14,-220,-231,-129,-20,-2,3,81,-23,0,-70,-122,-192,23,9,10,5,3
-43,-4,-205,-239,-130,-28,-1,1,82,-26,0,-67,-116,-196,20,9,10,5,3
45,91,114,-243,-129,-33,0,0,81,-28,2,-67,-123,-203,-8,9,10,5,3
49,114,115,-42,-3,-347,6,-2,79,-28,2,-66,-124,-202,-5,9,10,5,3
47,112,109,-20,-16,-346,6,-4,80,-17,3,-68,-124,-207,-2,9,10,5,3
37,89,101,1,-29,-343,7,-4,80,-17,1,-69,-121,-212,3,9,10,5,3
-32,92,74,21,-30,-332,7,-5,80,-17,1,-71,-115,-171,15,9,10,5,3
-12,84,57,-9,231,-407,1,2,83,-18,1,-71,-116,-173,12,9,10,5,3
2,76,42,-36,231,-363,1,1,82,-22,-3,-68,-116,-175,4,9,10,5,3
15,70,29,-51,229,-300,2,1,82,-20,-4,-67,-109,-176,0,9,10,5,3
9,0,234,-52,216,-238,3,2,80,-19,-5,-68,-121,-153,21,9,10,5,3
16,-30,240,132,-2,84,-1,3,77,-19,-4,-69,-129,-159,21,9,10,5,3
19,-54,234,135,-7,113,-1,0,79,-22,1,-73,-130,-164,23,9,10,5,3
16,-72,222,128,-4,130,0,0,80,-23,0,-69,-121,-165,26,9,10,5,3
95,-157,-161,103,10,118,1,-1,81,-23,0,-65,-105,-157,13,9,10,5,3
98,-134,-179,260,-15,229,-5,-7,80,-23,-1,-65,-101,-154,15,9,10,5,3
100,-104,-195,251,-27,245,-4,-7,80,-34,0,-71,-115,-158,17,9,10,5,3
102,-77,-206,227,-39,269,-4,-9,81,-36,0,-71,-118,-158,23,9,10,5,3
7,-25,-190,190,-48,286,-4,-10,82,-37,0,-70,-128,-188,25,9,10,5,3
4,-43,-157,-235,-28,-44,0,6,80,-38,-2,-68,-129,-186,29,9,10,5,3
0,-55,-115,-234,-22,-43,1,2,82,-25,0,-68,-129,-186,33,9,10,5,3
-2,-58,-71,-227,-15,-52,1,2,82,-25,0,-68,-126,-188,32,9,10,5,3
-104,47,135,-213,-9,-62,1,2,82,-26,-2,-68,-107,-195,-6,9,10,5,3
-120,52,149,87,-29,-309,0,2,81,-26,-2,-68,-114,-190,-7,9,10,5,3
-141,61,159,119,-19,-326,0,3,79,-24,-1,-69,-113,-183,2,9,10,5,3
-151,83,152,143,-5,-366,0,5,80,-22,-1,-68,-116,-176,11,9,10,5,3
12,85,18,149,12,-411,3,7,81,-20,-2,-68,-93,-170,1,9,10,5,3
19,97,11,157,222,262,4,7,81,-17,-1,-70,-84,-171,-1,9,10,5,3
22,102,15,236,238,258,1,-2,83,-33,0,-69,-86,-164,0,9,10,5,3
24,106,27,289,223,221,1,-3,83,-32,-1,-70,-95,-149,8,9,10,5,3
73,-295,111,306,173,179,0,-1,81,-29,-2,-70,-108,-183,32,9,10,5,3
82,-311,80,24,-167,33,0,0,79,-25,-4,-71,-112,-182,34,9,10,5,3
86,-318,49,54,-164,10,-2719,-3504,3902,-36,1,-70,-112,-181,31,9,10,5,3
83,-319,14,75,-168,-1,5,1,82,-38,1,-69,-114,-184,10,9,10,5,3
41,52,-259,55,-77,241,7,1,81,-36,0,-69,-114,-183,8,9,10,5,3
36,58,-279,22,-82,237,8,2,80,-20,0,-67,-114,-182,5,9,10,5,3
30,68,-295,-15,-86,236,8,2,80,-18,0,-68,-115,-182,4,9,10,5,3
23,78,-303,-52,-91,233,-1,6,80,-15,0,-68,-108,-213,7,9,10,5,3
56,140,180,-177,15,-136,0,7,80,-13,0,-68,-108,-213,15,9,10,5,3
65,150,177,-81,44,-295,2,7,81,-29,0,-71,-111,-213,23,9,10,5,3
67,136,182,-50,52,-318,4,9,80,-29,0,-71,-112,-211,25,9,10,5,3
67,114,190,-25,58,-335,-3,-4,82,-30,0,-69,-107,-178,15,9,10,5,3
11,102,30,48,162,-457,-3,-3,81,-15,0,-68,-104,-173,16,9,10,5,3
11,113,46,22,173,-453,-3,-2,81,-18,0,-67,-105,-168,18,9,10,5,3
4,119,62,-11,178,-440,2,0,82,-19,0,-68,-119,-159,16,9,10,5,3
-7,115,73,-45,172,-423,2,0,82,-19,0,-68,-121,-164,19,9,10,5,3
15,-93,229,170,0,171,3,1,82,-31,-6,-69,-121,-173,19,9,10,5,3
15,-116,240,141,-18,167,3,2,81,-30,-7,-68,-114,-182,17,9,10,5,3
17,-138,244,113,-28,142,10,0,82,-28,-7,-68,-110,-199,8,9,10,5,3
21,-161,248,92,-29,99,8,0,82,-26,-8,-68,-107,-202,12,9,10,5,3
107,32,-245,80,-90,206,6,0,82,-26,6,-70,-107,-203,14,9,10,5,3
94,51,-248,63,-82,219,5,2,82,-29,5,-71,-104,-199,15,9,10,5,3
81,59,-248,48,-78,226,1,1,81,-30,5,-70,-110,-199,20,9,10,5,3
79,65,-247,31,-71,230,1,3,80,-32,4,-70,-106,-200,18,9,10,5,3
35,-8,16,-229,15,-180,1,5,80,-20,0,-68,-103,-196,18,9,10,5,3
52,18,31,-210,26,-192,0,7,80,-21,0,-69,-106,-191,17,9,10,5,3
74,45,46,-188,38,-203,1,-6,79,-21,0,-70,-105,-183,8,9,10,5,3
96,64,53,-170,48,-210,2,-9,79,-20,0,-70,-101,-184,9,9,10,5,3
-164,-21,101,92,-50,-481,2,-8,79,-15,1,-70,-95,-184,11,9,10,5,3
-155,-31,83,85,-30,-474,3,-6,80,-28,-3,-70,-98,-183,11,9,10,5,3
-144,-44,65,76,-17,-471,0,-1,80,-26,-4,-71,-110,-180,11,9,10,5,3
-129,-56,51,62,-14,-481,0,-1,79,-24,-3,-71,-103,-185,1,9,10,5,3
-7,49,136,142,-51,300,1,0,79,-22,-3,-70,-96,-184,-4,9,10,5,3
3,41,152,147,-64,292,3,1,79,-17,-1,-68,-94,-177,0,9,10,5,3
9,27,171,171,-67,272,-4,5,83,-16,-1,-67,-99,-185,17,9,10,5,3
8,11,189,211,-69,242,-4,3,82,-13,0,-68,-100,-180,15,9,10,5,3
149,-134,-220,74,41,103,-4,0,80,-10,0,-69,-105,-181,15,9,10,5,3
149,-116,-210,83,57,122,-2,-2,81,-21,0,-68,-104,-181,23,9,10,5,3
147,-101,-193,98,71,134,0,-3,81,-19,0,-67,-100,-170,9,9,10,5,3
148,-82,-179,116,86,141,0,-4,80,-18,0,-67,-99,-172,8,9,10,5,3
-31,-25,-329,-359,-55,-69,0,-3,81,-17,0,-67,-103,-176,7,9,10,5,3
-18,-41,-312,-356,-45,-87,0,-3,82,-6,-1,-66,-103,-180,6,9,10,5,3
-11,-54,-291,-351,-35,-108,2,4,82,-8,-3,-68,-102,-210,19,9,10,5,3
-7,-65,-262,-338,-25,-132,3,5,81,-11,-2,-71,-99,-211,19,9,10,5,3
-132,213,170,125,-27,-439,4,7,80,-13,-1,-72,-90,-210,17,9,10,5,3
-145,191,179,126,-31,-430,6,7,81,-17,0,-70,-89,-206,17,9,10,5,3
-147,153,187,124,-26,-425,-2,-5,80,-16,0,-72,-86,-189,0,9,10,5,3
-131,111,183,122,-20,-428,-1,-4,81,-16,0,-72,-89,-184,4,9,10,5,3
18,172,61,218,151,236,-1,-2,82,-16,2,-72,-96,-181,10,9,10,5,3
16,167,71,185,144,236,-1,-1,81,-22,0,-69,-102,-180,14,9,10,5,3
19,155,82,141,121,244,-1,8,84,-22,-1,-71,-98,-190,20,9,10,5,3
25,142,91,99,97,271,0,9,83,-24,-3,-71,-105,-191,14,9,10,5,3
38,-315,40,117,-98,47,2,9,81,-23,-5,-71,-103,-192,12,9,10,5,3
40,-319,6,134,-84,50,4,10,80,-21,6,-70,-103,-192,6,9,10,5,3
37,-320,-28,146,-78,62,-1,0,80,-23,6,-69,-101,-193,6,9,10,5,3
37,-316,-63,150,-74,81,0,1,82,-24,5,-69,-99,-181,10,9,10,5,3
24,34,-222,-189,-88,70,0,1,81,-20,-1,-71,-98,-184,11,9,10,5,3
26,44,-239,-209,-81,55,0,1,80,-20,-1,-71,-97,-185,14,9,10,5,3
26,51,-254,-229,-70,41,0,1,80,-22,-2,-71,-94,-184,18,9,10,5,3
25,57,-262,-243,-60,22,5,4,80,-23,-3,-71,-93,-212,4,9,10,5,3
30,241,170,6,71,-157,6,4,80,-32,2,-72,-92,-207,9,9,10,5,3
29,233,171,2,74,-157,6,2,80,-33,2,-72,-90,-201,13,9,10,5,3
28,210,174,-10,79,-160,7,0,82,-32,2,-71,-91,-198,16,9,10,5,3
28,185,172,-19,81,-171,3,2,79,-31,2,-70,-94,-198,11,9,10,5,3
4,23,-15,1,30,-526,2,1,79,-18,0,-74,-92,-197,14,9,10,5,3
0,59,0,-29,3,-535,3,0,80,-19,0,-74,-89,-193,15,9,10,5,3
0,80,11,-71,-14,-542,1,1,81,-19,0,-73,-89,-188,14,9,10,5,3
-7,89,26,-117,-24,-528,0,-4,82,-21,-1,-70,-105,-160,17,9,10,5,3
-11,-30,228,137,61,280,0,-5,80,-24,0,-69,-95,-166,11,9,10,5,3
-14,-46,229,184,22,294,1,-5,81,-22,1,-69,-87,-170,11,9,10,5,3
-15,-67,239,235,-18,277,1,-3,81,-20,1,-70,-81,-173,13,9,10,5,3
-11,-93,247,247,-40,222,2,2,80,-17,1,-71,-88,-169,21,9,10,5,3
126,-117,-176,91,-9,187,1,0,82,-32,0,-68,-90,-171,20,9,10,5,3
122,-91,-195,-58,-78,191,0,-4,83,-33,0,-70,-88,-177,26,9,10,5,3
127,-65,-214,-81,-75,183,-1,-7,83,-35,1,-71,-82,-174,30,9,10,5,3
136,-37,-229,-94,-76,172,-1,3,80,-34,2,-71,-92,-203,16,9,10,5,3
-37,25,-263,-102,-80,159,-1,4,80,-20,-1,-69,-93,-205,12,9,10,5,3
-27,-7,-252,-138,22,-194,0,4,81,-18,-2,-69,-93,-206,6,9,10,5,3
-23,-32,-230,-125,26,-192,0,4,80,-17,-2,-69,-96,-204,4,9,10,5,3
-25,-45,-200,-115,30,-191,3,0,81,-16,-4,-69,-85,-187,9,9,10,5,3
-69,230,142,-110,38,-190,3,0,78,-27,-2,-72,-84,-184,17,9,10,5,3
-78,229,141,89,-157,-405,3,-2,78,-29,-2,-73,-91,-187,23,9,10,5,3
-90,203,149,79,-165,-400,2,-5,77,-30,-1,-73,-88,-188,28,9,10,5,3
-106,157,159,68,-170,-395,-1,2,81,-31,-1,-72,-97,-153,35,9,10,5,3
-4,177,103,57,-173,-394,-2,-2,83,-10,2,-69,-111,-155,41,9,10,5,3
-7,174,129,180,19,241,-2,-8,84,-10,2,-69,-115,-165,38,9,10,5,3
5,166,151,268,-24,240,-2,-11,84,-11,2,-70,-108,-182,30,9,10,5,3
25,153,165,333,-72,235,0,5,78,-13,1,-70,-77,-218,8,9,10,5,3
66,-317,-105,357,-114,218,0,6,78,-16,0,-70,-78,-215,9,9,10,5,3
77,-291,-112,187,-76,155,0,9,80,-18,0,-70,-77,-210,11,9,10,5,3
83,-262,-120,186,-91,168,1,9,81,-20,0,-69,-77,-207,12,9,10,5,3
87,-236,-134,172,-102,182,2,-1,81,-22,0,-69,-87,-174,18,9,10,5,3
-12,51,-255,150,-108,197,0,-1,81,-33,-10,-71,-85,-176,17,9,10,5,3
-12,52,-259,-225,-1,-184,-1,-2,81,-30,-10,-70,-86,-175,17,9,10,5,3
-7,54,-264,-214,-4,-183,-3,-3,81,-26,-11,-69,-87,-173,18,9,10,5,3
-1,56,-264,-210,-7,-184,2,0,80,-22,-10,-69,-84,-205,17,9,10,5,3
103,97,148,-202,-6,-188,1,0,80,-13,4,-70,-83,-206,21,9,10,5,3
97,132,154,104,44,-368,2,0,82,-13,4,-69,-80,-205,23,9,10,5,3
84,176,166,151,-74,-407,1,0,84,-12,3,-70,-81,-204,18,9,10,5,3
68,219,179,142,-77,-415,-7,-11,80,-13,3,-70,-80,-168,28,9,10,5,3
-25,-26,3,134,-72,-436,-10,-12,80,-28,1,-73,-80,-171,27,9,10,5,3
88,142,31,124,-70,-453,-12,-12,80,-25,1,-71,-82,-174,27,9,10,5,3
91,139,32,234,132,246,-13,-12,81,-22,0,-69,-81,-179,27,9,10,5,3
86,133,32,218,118,256,-4,-7,84,-19,-1,-69,-86,-194,26,9,10,5,3
79,124,29,186,82,257,-3,-2,82,-20,-4,-68,-77,-201,19,9,10,5,3
61,-301,87,153,30,264,-4,1,79,-16,-2,-68,-69,-197,16,9,10,5,3
69,-307,43,64,-125,61,-5,3,78,-13,-1,-69,-72,-196,13,9,10,5,3
79,-315,-1,72,-104,57,0,0,82,-10,0,-70,-36,99,-11,9,10,5,3
93,-320,-43,83,-94,58,-1,0,83,-28,-2,-71,-79,-185,17,9,10,5,3
31,43,-272,-220,-52,173,-4,-1,82,-29,-1,-72,-78,-185,17,9,10,5,3
20,43,-277,-244,-50,164,2,4,81,-29,-1,-71,-76,-186,17,9,10,5,3
11,46,-275,-260,-46,151,3,10,81,-28,-2,-71,-76,-187,17,9,10,5,3
5,51,-274,-266,-43,130,3,11,80,-13,0,-68,-63,-226,9,9,10,5,3
138,-13,9,11,119,-374,2,11,80,-13,0,-70,-61,-219,9,9,10,5,3
134,6,10,45,138,-400,2,10,80,-14,0,-71,-63,-211,10,9,10,5,3
119,32,20,74,156,-418,0,-2,82,-16,0,-72,-70,-210,12,9,10,5,3
95,56,38,102,164,-434,0,-4,81,-21,4,-71,-74,-181,15,9,10,5,3
41,74,20,-139,159,-413,0,-5,80,-21,3,-71,-75,-184,16,9,10,5,3
46,62,7,-144,187,-344,-1,-6,80,-22,3,-70,-72,-186,18,9,10,5,3
48,53,-2,-109,197,-275,0,10,83,-22,3,-70,-71,-186,18,9,10,5,3
49,48,-9,-53,189,-233,0,10,84,-13,-7,-65,-62,-187,23,9,10,5,3
-7,-244,156,136,-73,52,0,9,83,-16,-7,-67,-73,-181,27,9,10,5,3
-7,-260,157,159,-76,17,-1,5,83,-20,-5,-71,-77,-170,29,9,10,5,3
-3,-272,156,190,-88,26,10,0,81,-24,-3,-71,-82,-157,34,9,10,5,3
13,-279,151,215,-102,63,7,0,80,-14,0,-67,-63,-202,24,9,10,5,3
148,35,-221,74,-19,224,5,2,79,-14,-1,-68,-64,-204,19,9,10,5,3
144,42,-229,69,-15,249,2,4,80,-15,-3,-68,-65,-202,18,9,10,5,3
133,45,-245,56,-15,273,-7,-1,82,-15,-3,-67,-70,-201,19,9,10,5,3
117,47,-267,35,-15,293,-6,0,82,-18,-2,-69,-65,-218,22,9,10,5,3
-23,-171,-1,-158,-1,-311,-3,1,83,-17,-3,-68,-63,-221,23,9,10,5,3
-15,-154,29,-139,2,-321,-1,2,82,-15,-5,-67,-64,-224,21,9,10,5,3
-1,-125,53,-121,4,-329,-4,-12,80,-21,5,-69,-54,-204,15,9,10,5,3
15,-89,76,-106,7,-332,-4,-11,79,-19,5,-69,-60,-206,14,9,10,5,3
-72,-18,92,-36,34,-569,-2,-10,80,-18,5,-68,-63,-207,10,9,10,5,3
-61,-23,62,-74,56,-568,-1,-8,80,-17,5,-69,-67,-209,8,9,10,5,3
-40,-12,21,-103,80,-532,0,-1,82,-18,4,-68,-110,-175,38,9,10,5,3
-19,11,-6,-111,85,-473,-2,-4,82,-16,5,-66,-100,-198,27,9,10,5,3
-42,-43,243,186,-128,114,-5,-5,82,-14,3,-66,-80,-218,10,9,10,5,3
-60,-67,247,160,-265,84,12,11,83,-14,-5,-65,-79,-183,25,9,10,5,3
-81,-98,245,135,-243,46,12,6,84,-13,-4,-65,-72,-188,19,9,10,5,3
229,-235,-93,132,-218,9,10,2,82,-11,-4,-67,-67,-194,14,9,10,5,3
238,-211,-134,136,-193,-19,7,0,80,-9,-3,-69,-61,-197,10,9,10,5,3
236,-183,-173,103,-19,321,2,-8,83,-44,-2,-73,-68,-186,7,9,10,5,3
229,-151,-198,74,-31,328,0,-10,82,-47,-3,-73,-69,-185,10,9,10,5,3
-74,78,-369,32,-40,334,-2,-11,81,-49,-5,-72,-72,-186,11,9,10,5,3
-70,67,-370,-14,-48,340,-6,-11,82,-48,-7,-71,-74,-186,13,9,10,5,3
-66,55,-365,-156,14,-296,7,8,78,-10,0,-68,-50,-243,17,9,10,5,3
-66,44,-346,-139,24,-295,8,6,80,-9,2,-66,-49,-239,17,9,10,5,3
-124,108,242,-123,32,-293,9,5,82,-8,2,-66,-48,-234,14,9,10,5,3
-148,111,247,-103,42,-292,10,5,81,-7,3,-66,-46,-230,9,9,10,5,3
-169,109,247,-111,16,-526,-5,-4,81,-17,0,-71,-66,-188,20,9,10,5,3
-183,106,244,-149,28,-499,-3,-2,82,-20,0,-71,-60,-191,20,9,10,5,3
10,93,57,-172,50,-437,-1,-1,82,-22,0,-71,-58,-196,16,9,10,5,3
4,104,68,-173,75,-350,0,0,80,-22,-1,-71,-51,-198,5,9,10,5,3
-4,119,81,-24,7,13,-3,4,79,-20,-9,-69,-51,-216,10,9,10,5,3
-13,133,101,45,0,32,-3,5,78,-19,-8,-69,-45,-219,9,9,10,5,3
126,-264,-29,103,-15,41,-3,6,80,-18,-7,-67,-39,-221,11,9,10,5,3
132,-244,-36,143,-36,49,-2,7,81,-16,-6,-67,-38,-220,14,9,10,5,3
133,-224,-41,129,-38,164,6,6,78,-20,0,-71,-48,-196,18,9,10,5,3
132,-208,-42,124,-58,181,7,6,80,-21,0,-70,-50,-197,20,9,10,5,3
-22,47,-284,117,-71,192,7,5,81,-21,0,-70,-52,-197,21,9,10,5,3
-24,57,-295,106,-84,190,7,5,82,-21,-1,-68,-53,-196,23,9,10,5,3
-28,62,-312,-236,-90,-27,-2,13,82,0,-4,-69,-44,-226,32,9,10,5,3
-33,63,-334,-229,-84,-25,-3,13,80,0,-5,-70,-45,-229,33,9,10,5,3
27,9,124,-226,-85,-11,-4,11,78,-2,-4,-70,-47,-232,31,9,10,5,3
37,23,139,67,287,-489,9,4,78,-15,0,-68,-50,-221,2,9,10,5,3
47,21,146,103,294,-484,8,1,77,-17,1,-67,-43,-223,6,9,10,5,3
60,8,151,128,280,-484,9,0,79,-18,2,-65,-47,-222,0,9,10,5,3
-36,-49,19,134,257,-478,11,0,81,-19,3,-66,-52,-220,-7,9,10,5,3
-13,-36,23,-65,56,-260,-3,10,80,-13,-5,-70,-68,-154,26,9,10,5,3
1,-25,25,-106,73,-272,-3,10,81,-15,-6,-67,-80,-149,36,9,10,5,3
14,-9,26,-164,112,-247,-3,8,82,-18,-6,-67,-86,-150,43,9,10,5,3
46,-223,232,120,-97,139,7,13,82,-2,3,-65,-39,-203,30,9,10,5,3
46,-245,218,117,-65,73,7,12,79,0,1,-67,-35,-200,23,9,10,5,3
46,-263,194,144,-70,27,7,10,77,-1,0,-71,-34,-199,18,9,10,5,3
56,-273,172,177,-110,13,5,7,75,-4,0,-73,-31,-197,18,9,10,5,3
113,-35,-118,177,-46,191,-8,-10,81,-35,-1,-71,-49,-201,18,9,10,5,3
95,-51,-115,198,-69,216,-8,-10,82,-34,-1,-70,-47,-203,14,9,10,5,3
81,-59,-120,214,-97,238,-7,-6,81,-33,-3,-70,-47,-207,9,9,10,5,3
76,-62,-130,217,-124,255,-5,-4,81,-31,-3,-71,-47,-209,2,9,10,5,3
-38,-100,-116,-302,46,-168,0,9,81,-12,0,-66,-27,-245,12,9,10,5,3
-24,-111,-118,-306,46,-182,3,11,80,-11,0,-66,-29,-246,7,9,10,5,3
-2,-124,-128,-317,53,-206,6,12,81,-10,0,-65,-29,-246,8,9,10,5,3
15,-145,-140,-315,66,-230,9,14,80,-8,-1,-66,-36,-250,8,9,10,5,3
-206,87,141,194,1,-537,-12,-19,81,-41,-2,-72,-18,-219,-1,9,10,5,3
-186,49,131,176,12,-544,-5,-6,80,-41,-2,-71,-10,-209,-5,9,10,5,3
-161,16,123,150,23,-552,-4,-1,79,-40,-2,-69,-14,-202,-5,9,10,5,3
-138,-10,115,124,25,-570,-2,3,78,-38,-3,-69,-22,-189,0,9,10,5,3
3,75,146,349,-30,383,0,6,78,-6,3,-72,-73,-146,46,9,10,5,3
26,67,156,276,-53,334,-5,0,81,-8,2,-72,-63,-143,38,9,10,5,3
41,49,162,226,-50,303,-3,1,81,-13,1,-70,-56,-146,31,9,10,5,3
53,21,167,182,-31,253,0,4,81,-18,0,-70,-55,-160,27,9,10,5,3
158,-181,-160,193,-40,134,2,8,80,-15,-1,-67,-34,-199,26,9,10,5,3
183,-138,-196,193,-47,142,-3,-2,80,-19,0,-68,-31,-204,22,9,10,5,3
212,-88,-223,187,-49,145,-2,-2,81,-20,2,-67,-21,-207,18,9,10,5,3
232,-38,-231,189,-48,150,0,-2,81,-19,3,-67,-16,-209,17,9,10,5,3
-104,51,-425,-352,-92,-208,3,-1,82,-20,-1,-73,-31,-220,16,9,10,5,3
-101,29,-405,-184,-26,-314,9,16,79,-20,0,-72,-34,-226,13,9,10,5,3
-100,-1,-384,-159,-22,-322,9,19,80,-19,-1,-71,-34,-235,9,9,10,5,3
-101,-36,-368,-134,-16,-333,8,20,81,-18,-2,-69,-30,-242,6,9,10,5,3
-185,152,247,-110,-11,-342,9,18,81,-26,-1,-71,-40,-208,10,9,10,5,3
-157,146,247,-152,21,-513,-2,3,82,-28,0,-71,-34,-208,14,9,10,5,3
-132,135,243,-192,35,-492,0,5,82,-28,1,-70,-30,-208,17,9,10,5,3
-107,120,227,-206,60,-444,3,6,82,-28,0,-68,-31,-210,18,9,10,5,3
-33,129,97,-177,86,-375,5,7,79,-27,-1,-70,-25,-190,1,9,10,5,3
-56,106,116,252,-138,91,-2,-7,83,-26,-3,-71,-27,-181,9,9,10,5,3
-81,65,139,246,-150,32,-3,-4,80,-25,-3,-71,-33,-176,20,9,10,5,3
-100,13,160,238,-166,-5,-3,0,78,-25,-4,-68,-43,-170,28,9,10,5,3
155,-352,-73,226,-181,-19,-4,4,77,-16,0,-65,-43,-178,33,9,10,5,3
166,-319,-86,71,36,75,4,-1,78,-17,-1,-67,-44,-179,32,9,10,5,3
186,-280,-99,72,38,91,4,0,81,-17,-2,-68,-40,-183,30,9,10,5,3
213,-241,-116,78,41,102,4,0,81,-16,-2,-69,-32,-185,29,9,10,5,3
42,52,-234,88,51,114,4,0,81,-25,-3,-69,-38,-180,31,9,10,5,3
30,47,-253,-269,-151,73,3,4,79,-22,-4,-68,-38,-185,28,9,10,5,3
10,51,-275,-270,-170,65,4,5,80,-21,-4,-70,-39,-192,21,9,10,5,3
-11,62,-289,-272,-190,58,6,7,81,-20,-3,-72,-36,-195,17,9,10,5,3
17,-12,272,-275,-201,48,8,9,81,-22,6,-68,-11,-232,17,9,10,5,3
34,-14,267,67,123,-519,7,5,82,-25,7,-68,-8,-235,22,9,10,5,3
40,-13,271,71,109,-528,8,1,83,-26,7,-67,-5,-234,23,9,10,5,3
23,16,288,79,89,-535,8,-2,82,-25,5,-66,-5,-233,17,9,10,5,3
-22,78,43,98,61,-535,8,-6,81,-32,-1,-72,-26,-204,6,9,10,5,3
-21,65,45,-78,2,221,0,0,79,-35,-2,-71,-15,-208,0,9,10,5,3
-15,54,46,-43,35,259,1,0,79,-35,-2,-71,-10,-205,0,9,10,5,3
-4,43,42,-46,63,302,2,-1,80,-37,-3,-67,-15,-196,6,9,10,5,3
39,-202,251,-69,90,346,1,-1,81,-12,-3,-71,-23,-204,32,9,10,5,3
62,-224,246,154,87,83,-9,-7,78,-16,-2,-69,-18,-206,36,9,10,5,3
78,-236,242,157,99,97,-8,-6,77,-20,-2,-66,-13,-206,34,9,10,5,3
91,-241,237,159,94,126,-7,-5,77,-23,-1,-65,-18,-210,33,9,10,5,3
37,0,-223,151,78,167,-5,-8,79,0,-19,-66,-53,-187,13,9,10,5,3
37,11,-206,-125,-55,28,107,41,107,-1,-17,-70,-51,-185,15,9,10,5,3
41,17,-189,-118,-53,29,112,36,115,-5,-15,-72,-53,-187,13,9,10,5,3
47,23,-180,-106,-54,29,106,29,124,-11,-14,-73,-52,-185,13,9,10,5,3
11,-41,-10,-96,-56,26,106,15,143,-66,13,-62,33,-243,23,9,10,5,3
7,-34,17,-102,-20,-126,-192,-3,26,-67,13,-63,40,-243,20,9,10,5,3
4,-32,41,-94,-14,-135,0,-45,91,-69,13,-63,44,-245,16,9,10,5,3
4,-30,59,-81,-13,-139,9,-46,92,-70,15,-63,50,-244,12,9,10,5,3
-130,183,146,-69,-12,-136,15,-45,93,-91,-17,-57,-11,-251,-1,9,10,5,3
-127,166,141,-55,131,-428,18,-44,93,-90,-20,-53,-9,-246,-2,9,10,5,3
-124,156,130,-81,140,-456,3865,-1934,-3020,-88,-24,-47,-9,-242,-4,9,10,5,3
-118,155,117,-112,159,-485,45,44,76,-87,-29,-39,-11,-238,-5,9,10,5,3
-27,-46,139,-132,187,-494,46,41,81,197,108,-105,-47,-141,24,9,10,5,3
-23,-61,144,259,42,327,46,36,86,190,119,-109,-71,-130,38,9,10,5,3
-17,-72,151,336,78,316,44,32,86,184,126,-114,-96,-120,52,9,10,5,3
-4,-81,158,459,132,286,7,27,85,181,136,-118,-111,-112,62,9,10,5,3
222,-149,-171,548,145,242,-13,21,88,-90,-95,-12,-53,-179,37,9,10,5,3
214,-130,-207,77,-94,99,6,16,84,-88,-90,-11,-52,-185,34,9,10,5,3
204,-108,-243,61,-84,101,3,10,83,-83,-74,-18,-51,-188,33,9,10,5,3
193,-80,-271,50,-72,106,-131,-156,133,-82,-57,-25,-48,-190,31,9,10,5,3
-89,163,-382,41,-57,114,-165,-146,120,-78,-6,-65,68,-246,5,9,10,5,3
-96,157,-401,-250,-45,-54,-193,-136,117,-72,-2,-66,73,-242,9,9,10,5,3
-101,156,-420,-238,-39,-55,-220,-132,112,-73,1,-69,68,-244,10,9,10,5,3
-106,157,-437,-223,-38,-56,48,-81,116,-79,5,-70,64,-247,10,9,10,5,3
39,284,314,-209,-39,-55,67,-80,124,-52,-16,-65,-14,-191,2,9,10,5,3
7,298,305,39,40,-367,79,-73,126,-110,-64,-49,-22,-193,3,9,10,5,3
-23,305,292,51,25,-354,85,-62,120,-110,-67,-48,-24,-198,8,9,10,5,3
2009,-1709,-514,54,2,-342,119,9,95,-114,-73,-47,-23,-205,12,9,10,5,3
1,-22,74,57,-21,-339,111,-14,99,-122,-82,-48,-30,-148,21,9,10,5,3
0,-31,79,114,35,219,92,-27,97,116,127,-151,-33,-139,27,9,10,5,3
4,-40,82,183,55,205,70,-24,93,115,115,-140,-39,-133,29,9,10,5,3
9,-47,80,196,53,187,33,36,86,105,99,-122,-51,-134,28,9,10,5,3
171,-305,16,167,20,173,39,26,87,98,80,-107,-3,-183,15,9,10,5,3
209,-291,-7,90,-34,50,38,17,85,-97,-25,-73,-25,-209,18,9,10,5,3
233,-268,-34,104,-26,49,87,-59,122,-110,-24,-81,-26,-218,15,9,10,5,3
2,97,-284,121,-19,54,-1,-98,119,-117,-21,-85,-26,-222,11,9,10,5,3
-23,151,-337,-154,-69,118,-72,-122,130,-53,6,-72,-196,796,412,9,10,5,3
-12,145,-341,-152,-64,120,2591,-702,-2664,-48,5,-71,3,-210,51,9,10,5,3
-1,127,-342,-154,-64,127,-7,-40,83,-43,8,-67,4,-211,50,9,10,5,3
2,100,-342,-167,-66,136,-2,-23,88,-39,14,-66,8,-213,46,9,10,5,3
83,21,87,-20,-51,-209,12,-7,90,-87,-41,-62,7,-271,8,9,10,5,3
-215,39,149,-28,-44,-194,88,67,71,-40,-67,-17,-2,-241,7,9,10,5,3
-195,30,135,-34,-33,-183,88,60,74,-26,-57,-7,0,-234,13,9,10,5,3
-172,21,118,-292,131,-525,81,45,80,-17,-48,7,-6,-234,18,9,10,5,3
-144,10,101,-292,77,-420,67,31,81,-3,-53,20,-9,-236,23,9,10,5,3
-97,78,259,-298,37,-284,-21,-3,84,13,-59,-38,-89,-137,50,9,10,5,3
-58,44,289,-293,11,-121,-21,-6,90,0,-58,-33,-84,-141,51,9,10,5,3
-17,6,301,348,-99,163,-24,-8,92,-16,-55,-34,-75,-144,49,9,10,5,3
20,-22,300,309,-146,165,-27,-2,98,-37,-66,-24,-63,-147,47,9,10,5,3
138,-39,-276,270,-177,155,87,-57,109,-32,-7,-70,2,-215,32,9,10,5,3
129,-54,-238,230,-192,130,51,-76,104,-24,-1,-69,1,-214,35,9,10,5,3
124,-73,-203,-113,-114,132,37,-85,124,-20,0,-66,5,-211,39,9,10,5,3
107,-88,-177,-135,-112,134,26,-100,134,-18,1,-66,4,-219,38,9,10,5,3
14,-21,-496,-153,-106,124,21,-67,98,-27,11,-68,61,-278,13,9,10,5,3
21,-78,-458,-166,-97,112,34,-48,93,-23,8,-70,67,-280,13,9,10,5,3
23,-139,-409,-126,62,-185,49,-32,85,-20,1,-69,70,-281,10,9,10,5,3
30,-199,-344,-121,86,-204,61,-19,77,-17,-6,-66,67,-281,5,9,10,5,3
-244,89,198,-109,107,-224,12,3,85,8,-46,-1,0,-237,23,9,10,5,3
-212,67,196,-91,127,-240,13,3,89,16,40,-54,5,-231,19,9,10,5,3
-190,59,191,-239,182,-813,11,1,89,-5,17,-49,14,-218,18,9,10,5,3
-2740,-405,-856,-313,119,-746,13,2,86,-14,-4,-42,18,-206,17,9,10,5,3
17,-5,169,-353,46,-642,32,49,86,-7,-7,-44,-100,-100,62,9,10,5,3
47,-21,188,384,342,199,30,39,82,-84,-105,-30,-110,-97,69,9,10,5,3
88,-33,203,246,-84,193,25,22,79,-78,-115,-30,-102,-124,65,9,10,5,3
126,-41,210,233,-128,187,16,8,78,-68,-114,-31,-83,-120,83,9,10,5,3
154,-121,-244,220,-158,154,-30,-69,144,-60,-103,-32,23,-215,26,9,10,5,3
143,-101,-248,212,-174,100,-62,-87,132,-66,0,-63,18,-217,28,9,10,5,3
130,-78,-243,-48,-76,39,-109,-100,122,-61,0,-64,17,-212,36,9,10,5,3
1507,3319,-341,-59,-72,51,-145,-105,108,-56,0,-67,13,-209,38,9,10,5,3
-44,40,-204,-66,-72,67,-36,-11,81,-52,-1,-68,36,-264,23,9,10,5,3
-46,19,-182,-69,-73,84,-30,-8,81,-161,-47,-52,36,-265,22,9,10,5,3
-54,10,-154,-211,-33,-122,-26,-9,78,-153,-46,-54,34,-264,21,9,10,5,3
-60,7,-120,-198,-25,-134,-25,-9,74,-142,-52,-56,36,-265,22,9,10,5,3
96,62,67,-189,-12,-148,44,19,82,-118,-57,-58,-9,-216,22,9,10,5,3
95,43,62,-179,1,-161,35,18,86,32,-5,-79,-9,-211,15,9,10,5,3
93,47,62,174,66,-373,24,16,79,40,3,-75,-12,-213,11,9,10,5,3
-113,-54,66,185,81,-411,33,36,83,43,2,-65,-17,-167,10,9,10,5,3
-63,-62,46,186,97,-463,30,40,83,45,7,-67,-15,-171,6,9,10,5,3
-18,-52,31,178,110,-526,29,43,85,-53,-71,-29,-14,-171,4,9,10,5,3
17,-32,23,254,313,471,24,46,87,-64,0,-71,-16,-168,5,9,10,5,3
103,20,216,301,279,472,138,33,95,-68,8,-71,-1,-156,25,9,10,5,3
106,-14,237,291,226,420,155,36,99,-71,10,-76,1,-174,22,9,10,5,3
114,-53,260,3806,-3975,-732,164,30,104,-74,10,-79,6,-183,25,9,10,5,3
128,-85,275,190,-129,103,155,15,102,-39,9,-73,9,-195,26,9,10,5,3
112,-16,-54,170,-139,112,-111,-24,48,-41,11,-76,52,-188,27,9,10,5,3
114,-15,-43,141,-151,119,-103,-28,61,-42,9,-74,45,-185,31,9,10,5,3
103,-19,-37,108,-159,124,-92,-30,71,-43,6,-71,42,-184,36,9,10,5,3
88,-21,-32,-207,-106,68,-78,-28,77,-143,-45,-64,43,-186,40,9,10,5,3
-96,6,-297,-249,-38,8,114,-19,86,-146,-49,-67,31,-255,4,9,10,5,3
-82,-14,-279,-247,-31,-2,124,3,88,-146,-52,-67,35,-256,-5,9,10,5,3
-64,-34,-264,-243,-25,-13,120,22,91,-138,-54,-65,39,-255,-12,9,10,5,3
-48,-50,-241,-240,-18,-21,107,28,82,77,26,-65,44,-256,-15,9,10,5,3
-174,50,204,-1697,1021,41,16,33,81,94,39,-78,-2,-177,2,9,10,5,3
-182,46,202,94,-124,-476,15,36,79,106,51,-89,-10,-173,-2,9,10,5,3
-197,60,202,46,-100,-495,14,40,78,116,59,-94,-19,-167,-3,9,10,5,3
-206,84,189,7,-78,-490,11,39,83,-35,-15,-69,-30,-166,-1,9,10,5,3
9,74,173,-15,-66,-466,61,37,99,-53,-6,-75,-16,-140,49,9,10,5,3
16,43,179,397,88,228,72,41,100,-65,-6,-72,-18,-131,54,9,10,5,3
26,17,180,410,26,248,80,44,95,-65,-9,-66,-31,-135,50,9,10,5,3
37,3,179,419,-22,263,87,49,89,-69,-2,-71,-40,-136,54,9,10,5,3
171,-76,-219,419,-53,255,-72,-25,79,-68,0,-70,48,-195,15,9,10,5,3
160,-70,-225,28,-124,120,-76,-16,79,-68,1,-69,43,-194,14,9,10,5,3
139,-63,-229,33,-122,121,-88,-14,79,-68,4,-70,42,-190,16,9,10,5,3
119,-49,-224,33,-125,124,-98,-11,72,-56,-5,-64,44,-188,18,9,10,5,3
-94,20,-314,22,-130,132,114,-88,159,-56,-3,-67,87,-275,-9,9,10,5,3
-80,16,-308,-286,128,-133,149,-84,150,-59,-1,-69,78,-271,-1,9,10,5,3
-84,18,-275,-280,140,-143,172,-72,133,-62,0,-70,70,-266,10,9,10,5,3
-94,16,-223,-267,148,-154,185,-47,118,115,-32,7,64,-264,19,9,10,5,3
-251,69,250,-250,156,-160,18,11,83,122,-41,-1,-748,88,1002,9,10,5,3
-301,76,268,93,-75,-537,14,37,89,132,-39,-15,-20,-141,17,9,10,5,3
-348,86,281,48,-75,-573,11,32,89,141,-24,-29,-49,-132,24,9,10,5,3
-364,106,280,5,-88,-591,5,26,88,-24,-1,-40,-78,-123,30,9,10,5,3
81,-5,240,-40,-106,-589,0,13,90,-13,-26,-28,-104,-117,35,9,10,5,3
175,-117,266,250,-10,161,121,47,89,0,-55,-20,7,-184,20,9,10,5,3
204,-158,263,214,-39,186,118,44,86,11,-78,-19,7,-198,25,9,10,5,3
234,-194,247,195,-54,182,111,30,81,-98,-22,-59,8,-204,31,9,10,5,3
257,-223,216,174,-59,158,102,26,89,-93,-21,-59,15,-206,34,9,10,5,3
21,5,-100,43,-143,61,-216,5,6,-85,-18,-64,54,-199,24,9,10,5,3
-93,111,-221,39,-137,87,-218,2,3,-88,8,-66,62,-203,23,9,10,5,3
-98,115,-254,39,-130,112,-218,-1,0,-90,9,-67,71,-203,22,9,10,5,3
-106,114,-285,43,-126,128,-222,-4,-4,-88,5,-72,78,-206,18,9,10,5,3
-112,111,-310,-264,54,-91,122,26,69,-81,1,-73,60,-262,9,9,10,5,3
48,58,209,-249,55,-114,135,58,59,-14,-67,-42,62,-272,0,9,10,5,3
-49,35,139,-229,51,-130,144,76,52,-16,-68,-32,61,-278,-8,9,10,5,3
-83,36,144,-205,48,-144,145,82,48,-20,-74,-19,59,-278,-13,9,10,5,3
-114,52,152,131,1,-452,37,19,87,-18,-75,-8,-46,-140,26,9,10,5,3
-139,74,155,103,9,-491,34,22,84,52,37,-83,-53,-138,37,9,10,5,3
0,102,153,75,20,-526,31,25,84,42,28,-80,-59,-141,44,9,10,5,3
5,95,138,1811,1253,3945,20,27,86,31,19,-77,-60,-146,43,9,10,5,3
14,84,112,373,93,231,41,55,91,21,10,-74,1,-213,30,9,10,5,3
263,-192,56,377,54,248,50,52,90,-77,-16,-77,1,-207,31,9,10,5,3
181,-208,-76,375,31,236,61,49,90,-81,-11,-84,2,-195,34,9,10,5,3
188,-198,-64,366,15,202,67,45,87,-79,-14,-85,1,-189,39,9,10,5,3
201,-189,-51,127,-221,154,-187,-50,47,-72,-21,-85,60,-195,13,9,10,5,3
207,-184,-40,-40,-261,158,-191,-25,46,-65,7,-77,52,-197,16,9,10,5,3
-186,151,-532,-54,-267,156,-190,0,48,-62,4,-75,49,-189,20,9,10,5,3
-186,152,-570,-71,-265,146,-66,-23,60,-56,3,-70,89,-252,27,9,10,5,3
-187,142,-582,2285,2684,1531,105,-53,122,-158,-31,-56,96,-253,32,9,10,5,3
59,99,320,-106,51,-191,125,-50,109,20,-54,-46,106,-255,36,9,10,5,3
37,151,324,-102,55,-204,137,-45,93,54,-36,-39,6,-204,16,9,10,5,3
12,180,324,-87,70,-228,143,-33,81,90,-16,-35,7,-209,22,9,10,5,3
-7,184,319,-64,88,-250,18,33,87,114,6,-36,8,-202,26,9,10,5,3
-369,596,2360,-302,-88,-495,16,37,87,73,86,-132,-57,-139,9,9,10,5,3
22,-117,108,-264,-155,-399,15,38,88,54,75,-111,-38,-152,4,9,10,5,3
24,-120,95,-210,-204,-288,12,37,86,43,65,-99,-24,-166,2,9,10,5,3
30,-117,89,-137,-231,-169,101,58,95,35,59,-93,-13,-176,5,9,10,5,3
40,-112,93,166,17,58,112,59,93,-66,-50,-83,19,-204,3,9,10,5,3
187,-34,-205,177,19,49,124,59,87,-61,-52,-83,22,-204,1,9,10,5,3
182,-29,-209,191,14,52,137,62,87,-59,-55,-81,19,-208,2,9,10,5,3
181,-25,-211,202,3,72,-264,-19,0,-58,-55,-80,19,-210,5,9,10,5,3
170,-21,-215,-80,-192,223,-267,-5,-5,-77,9,-68,96,-213,18,9,10,5,3
-134,36,-351,-95,-202,225,-268,2,-2,-82,14,-67,93,-218,23,9,10,5,3
-123,10,-358,-110,-211,222,-262,7,-1,-86,15,-65,92,-222,26,9,10,5,3
-116,-14,-360,2017,-1642,-247,107,-12,95,-84,13,-66,90,-226,28,9,10,5,3
-114,-36,-355,-123,132,-252,106,6,95,-93,-78,-48,63,-270,-1,9,10,5,3
-82,268,194,-113,128,-257,88,21,76,-74,-90,-33,58,-277,6,9,10,5,3
-99,257,199,-96,128,-267,86,29,71,-32,-95,-23,54,-280,17,9,10,5,3
-123,227,205,-81,131,-281,10,36,89,15,-76,-24,55,-277,21,9,10,5,3
-154,181,210,-285,18,-320,6,32,88,62,47,-103,-23,-148,20,9,10,5,3
52,130,123,-237,-4,-242,0,29,87,41,-41,-48,-22,-154,13,9,10,5,3
43,124,148,-194,-33,-169,3,-9,87,27,-37,-51,-25,-155,11,9,10,5,3
38,106,167,309,177,266,2,-4,88,1,-31,-52,-33,-160,15,9,10,5,3
41,83,177,303,137,263,4,4,84,-22,-25,-52,28,-202,22,9,10,5,3
170,-138,-92,294,107,239,12,14,83,-80,-22,-68,28,-205,21,9,10,5,3
159,-143,-111,296,89,200,-143,-72,119,-78,-21,-66,32,-201,24,9,10,5,3
159,-140,-133,-44,-270,48,-133,-64,113,-72,-22,-65,34,-198,26,9,10,5,3
171,-118,-156,-46,-262,41,-130,-51,102,-61,-23,-63,74,-181,6,9,10,5,3
-52,85,-435,-47,-253,33,-121,-38,95,-97,-5,-68,83,-190,7,9,10,5,3
-56,66,-435,-53,-244,21,-86,11,46,-105,-6,-67,90,-199,9,9,10,5,3
-59,49,-431,-191,69,-229,-67,5,48,-106,-8,-66,94,-211,7,9,10,5,3
-62,36,-421,-179,68,-220,-49,0,55,-101,-11,-66,78,-257,4,9,10,5,3
-149,235,211,-167,73,-214,-32,-3,70,-31,-48,-48,80,-250,-1,9,10,5,3
-162,231,198,-151,79,-214,62,14,82,-13,-40,-49,78,-247,-8,9,10,5,3
-164,214,199,-14,76,-392,62,24,86,2,-31,-48,47,-184,4,9,10,5,3
-156,196,207,-51,86,-442,62,30,90,12,-24,-47,27,-178,9,9,10,5,3
-75,5,59,-105,98,-487,57,33,93,155,158,-191,1,-180,18,9,10,5,3
-81,0,70,-150,112,-485,19,38,88,157,147,-183,-15,-185,29,9,10,5,3
-80,-8,83,299,171,161,21,39,87,150,139,-167,6,-193,60,9,10,5,3
-72,-21,96,277,164,115,17,36,83,140,129,-149,9,-200,55,9,10,5,3
164,-192,63,237,139,110,14,31,81,-105,-26,-84,12,-197,43,9,10,5,3
159,-205,53,204,109,144,73,-27,104,-99,-36,-79,14,-198,32,9,10,5,3
156,-220,40,56,-196,66,68,-33,107,-92,-42,-73,32,-188,24,9,10,5,3
162,-226,27,44,-194,66,41,-38,101,-87,-46,-70,26,-189,31,9,10,5,3
37,79,-210,39,-194,67,5,-39,96,-48,9,-63,24,-187,36,9,10,5,3
26,72,-244,38,-198,66,-198,14,13,-56,9,-66,21,-192,35,9,10,5,3
9,64,-280,-244,1,-135,-179,16,22,-60,6,-67,104,-229,12,9,10,5,3
-6,67,-314,-228,9,-147,-158,13,32,-62,5,-69,108,-235,15,9,10,5,3
-47,200,348,-208,14,-164,-135,10,42,-49,4,-63,113,-237,18,9,10,5,3
-55,195,347,-193,16,-182,54,11,71,-49,-1,-61,117,-233,18,9,10,5,3
-66,180,337,-61,96,-427,32,8,70,-46,-4,-62,74,-231,21,9,10,5,3
-81,169,321,-55,109,-413,32,5,71,-45,-5,-63,78,-230,18,9,10,5,3
26,9,44,-44,115,-392,37,4,78,58,70,-36,78,-232,12,9,10,5,3
25,20,41,-2818,855,-3216,-18,25,82,48,55,-41,-38,-168,29,9,10,5,3
22,30,43,210,49,279,-11,26,91,37,39,-40,-36,-157,21,9,10,5,3
176,-271,215,252,86,253,-4,35,93,38,-29,-30,-40,-144,19,9,10,5,3
196,-298,188,299,118,230,0,41,89,28,-43,-20,45,-215,39,9,10,5,3
214,-316,149,352,134,226,5,46,87,18,-53,-13,46,-214,36,9,10,5,3
231,-325,112,72,-145,130,83,27,97,7,-63,-11,48,-216,30,9,10,5,3
142,7,-60,60,-149,122,90,26,95,-48,-7,-67,50,-216,24,9,10,5,3
142,8,-62,49,-147,109,98,20,93,-48,-5,-71,39,-191,35,9,10,5,3
134,14,-70,37,-145,90,108,16,94,-45,-6,-73,39,-190,35,9,10,5,3
127,30,-86,-133,-80,-10,-267,10,0,-41,-10,-70,40,-189,31,9,10,5,3
18,-144,-67,-143,-78,-9,-259,17,0,-55,14,-62,41,-189,25,9,10,5,3
29,-148,-27,-151,-69,-12,-243,19,5,-56,13,-65,122,-232,14,9,10,5,3
32,-126,15,-152,-59,-16,-221,18,17,-55,12,-69,84,-218,13,9,10,5,3
31,-77,65,38,64,-361,112,33,61,-55,11,-71,88,-209,17,9,10,5,3
-60,-10,62,45,45,-360,122,40,54,120,91,-23,97,-207,19,9,10,5,3
-39,-27,56,45,21,-361,131,46,62,122,98,-28,104,-214,15,9,10,5,3
-19,-37,46,47,3,-359,127,53,62,121,101,-33,6,-179,31,9,10,5,3
0,-39,35,-21,197,109,-21,15,82,127,105,-40,8,-178,25,9,10,5,3
-16,-18,96,47,213,121,-13,14,79,43,37,-77,9,-176,16,9,10,5,3
-10,-168,159,73,228,142,0,15,81,50,32,-74,13,-179,37,9,10,5,3
-16,-187,148,245,-104,30,78,57,83,55,26,-70,26,-184,39,9,10,5,3
-11,-206,145,233,-102,13,73,57,89,-95,-30,-69,40,-191,41,9,10,5,3
1,-228,150,239,-104,11,68,48,88,-92,-25,-73,45,-193,42,9,10,5,3
193,30,-92,246,-108,23,74,33,87,-88,-21,-76,81,-191,38,9,10,5,3
188,44,-107,21,-98,175,-208,-43,48,-82,-22,-74,82,-186,40,9,10,5,3
183,59,-120,19,-92,173,-221,-45,31,-35,20,-60,82,-186,40,9,10,5,3
174,68,-129,26,-89,169,-233,-39,20,-37,21,-61,84,-187,38,9,10,5,3
-35,4,-329,35,-90,166,-247,-31,12,-41,20,-65,119,-226,8,9,10,5,3
-27,0,-319,-138,-95,-149,170,-14,93,-51,18,-67,118,-232,5,9,10,5,3
-27,-2,-296,-103,-46,-147,182,27,90,-12,-16,-57,120,-235,5,9,10,5,3
-29,-12,-265,-99,-32,-172,178,60,93,-1,-17,-49,120,-238,5,9,10,5,3
-159,10,134,-94,-19,-198,161,76,90,11,-19,-44,54,-212,27,9,10,5,3
-172,14,113,-95,-10,-227,17,19,87,33,-17,-42,48,-209,28,9,10,5,3
-173,14,104,-267,58,-242,14,18,89,84,52,-113,48,-205,27,9,10,5,3
-167,9,107,-303,141,-136,10,22,86,81,44,-112,47,-203,23,9,10,5,3
-68,49,64,-255,219,-22,6,31,84,79,43,-109,-11,-152,49,9,10,5,3
-45,46,63,-157,276,50,6,21,89,72,43,-108,-12,-152,51,9,10,5,3
-23,47,60,200,15,88,9,28,86,-60,-26,-56,-8,-160,45,9,10,5,3
-5,43,54,239,-23,72,14,30,84,-61,-22,-60,-1,-170,38,9,10,5,3
256,-212,57,278,-53,71,20,32,81,-61,-18,-65,132,-203,28,9,10,5,3
279,-203,5,305,-76,67,-129,-65,94,-63,-20,-65,127,-211,32,9,10,5,3
289,-194,-43,-7,-105,153,-144,-68,80,-18,39,-63,123,-211,37,9,10,5,3
277,-189,-78,-21,-108,153,-159,-70,68,-25,36,-63,119,-202,40,9,10,5,3
-10,106,-293,-35,-112,150,-173,-72,54,-33,31,-59,123,-230,4,9,10,5,3
-20,110,-302,-51,-116,145,1,-74,103,-42,25,-61,127,-234,-1,9,10,5,3
-30,108,-309,-156,-36,46,18,-72,109,-122,-68,-49,132,-239,-5,9,10,5,3
-44,105,-322,-150,-30,57,37,-72,119,-104,-65,-48,133,-243,-9,9,10,5,3
119,-54,-39,-149,-31,67,60,-72,125,-80,-59,-52,69,-206,32,9,10,5,3
129,-88,-21,-153,-30,69,25,47,61,-54,-51,-56,71,-205,28,9,10,5,3
109,-85,12,202,14,-496,41,62,71,106,78,-118,68,-210,16,9,10,5,3
73,-50,49,184,15,-497,47,74,88,98,78,-118,67,-206,5,9,10,5,3
54,-37,-42,166,15,-491,53,81,98,91,77,-113,13,-158,27,9,10,5,3
61,-20,-42,153,17,-483,4,28,88,82,75,-107,6,-174,28,9,10,5,3
70,2,-49,147,234,372,4,28,87,-13,-59,-35,9,-182,27,9,10,5,3
2997,358,-2419,151,173,430,6,28,87,-21,-39,-44,21,-183,24,9,10,5,3
9,-219,380,136,121,459,89,-46,79,-34,-24,-55,98,-182,27,9,10,5,3
36,-239,375,142,-108,107,65,-60,83,-79,8,-66,106,-180,29,9,10,5,3
80,-262,346,134,-100,94,59,-69,92,-78,8,-67,112,-176,30,9,10,5,3
165,96,-249,139,-91,79,-84,-27,30,-74,6,-68,129,-148,3,9,10,5,3
142,109,-257,-70,-196,234,-79,-38,37,-86,-6,-74,126,-152,6,9,10,5,3
117,117,-259,-90,-206,237,-77,-50,45,-89,-10,-68,123,-156,9,9,10,5,3
97,118,-255,-104,-208,232,-73,-58,50,-94,-12,-64,124,-161,10,9,10,5,3
31,-53,96,-116,-206,222,62,13,59,-98,-13,-60,123,-243,-8,9,10,5,3
20,-25,144,-121,77,-266,60,22,75,73,-19,-17,117,-243,3,9,10,5,3
21,-4,180,-104,93,-273,56,34,80,82,-20,-20,111,-240,16,9,10,5,3
36,4,195,-81,101,-273,59,53,88,86,-18,-28,104,-234,26,9,10,5,3
-52,-6,97,-59,104,-274,20,48,72,83,-17,-34,21,-166,21,9,10,5,3
-44,-14,80,-166,199,-182,21,46,82,43,13,-81,22,-169,22,9,10,5,3
-36,-18,65,-174,195,-167,19,47,92,36,7,-75,19,-167,27,9,10,5,3
-51,88,166,-215,163,-163,95,51,106,33,2,-71,65,-190,31,9,10,5,3
-59,78,172,309,-174,94,104,50,101,-80,-38,-65,68,-187,22,9,10,5,3
-64,49,185,296,-164,15,112,52,102,-74,-39,-65,65,-183,16,9,10,5,3
203,-93,-3,284,-150,-35,-229,-69,38,-67,-34,-64,169,-159,23,9,10,5,3
196,-91,5,162,-76,170,-229,-59,35,-70,12,-66,170,-160,26,9,10,5,3
199,-91,6,173,-79,176,-230,-46,30,-75,13,-65,169,-155,31,9,10,5,3
206,-91,-6,182,-84,175,-233,-34,28,-77,12,-65,168,-156,29,9,10,5,3
-38,117,-278,187,-91,171,60,-38,114,-78,12,-66,145,-218,29,9,10,5,3
-35,106,-291,-294,-125,-99,64,-37,108,-75,-18,-84,141,-223,27,9,10,5,3
-33,100,-302,-276,-109,-108,71,-32,97,-81,-24,-81,138,-221,25,9,10,5,3
-34,98,-309,-263,-94,-116,83,-18,84,-89,-29,-74,132,-220,19,9,10,5,3
-25,150,228,-260,-82,-126,73,43,88,-100,-38,-59,46,-193,18,9,10,5,3
-45,181,232,162,79,-453,73,38,97,137,148,-144,39,-182,28,9,10,5,3
-56,183,207,173,52,-455,68,32,97,118,48,-131,30,-176,33,9,10,5,3
40,-12,-20,176,21,-447,29,41,85,109,37,-119,14,-165,31,9,10,5,3
44,13,-29,-218,151,393,24,41,88,104,26,-108,27,-165,28,9,10,5,3
43,26,-33,-133,279,451,20,43,89,98,13,-102,38,-165,29,9,10,5,3
43,29,-34,-21,402,468,17,44,88,-109,-25,-82,44,-163,26,9,10,5,3
220,-281,168,73,488,448,31,-41,79,-117,-18,-92,129,-189,5,9,10,5,3
258,-270,136,207,-74,80,31,-44,83,-124,-20,-94,131,-187,7,9,10,5,3
287,-255,97,175,-71,92,24,-54,90,-124,-35,-83,132,-182,11,9,10,5,3
301,-239,51,151,-64,95,-12,-67,95,-49,15,-70,128,-179,15,9,10,5,3
52,50,-161,139,-51,100,-108,-39,51,-83,11,-59,169,-166,18,9,10,5,3
40,54,-177,-156,-233,130,-101,-40,56,-83,10,-60,168,-172,12,9,10,5,3
30,59,-204,-198,-233,124,-95,-41,61,-80,11,-63,167,-174,9,9,10,5,3
22,69,-236,-237,-230,117,-90,-42,66,-79,12,-67,165,-177,7,9,10,5,3
53,2,-14,-264,-220,105,97,64,77,1,-34,-35,138,-223,11,9,10,5,3
59,-6,-22,-129,126,-325,91,52,71,13,-38,-30,131,-226,11,9,10,5,3
65,-18,-19,-110,139,-338,76,44,53,25,-36,-24,125,-227,10,9,10,5,3
69,-32,-10,-83,153,-357,85,37,56,32,-31,-18,121,-226,10,9,10,5,3
-177,-17,121,-51,170,-379,23,45,90,88,65,-109,14,-156,37,9,10,5,3
-153,-36,101,-281,21,-302,19,44,90,79,54,-98,13,-156,41,9,10,5,3
-124,-61,74,-225,16,-211,14,46,88,68,40,-91,15,-152,42,9,10,5,3
-91,-84,47,-161,6,-133,12,46,87,53,26,-91,13,-156,45,9,10,5,3
37,43,128,-111,-11,-78,94,58,91,-24,-23,-52,76,-169,32,9,10,5,3
51,38,125,230,-131,59,104,61,92,-23,-29,-46,82,-175,29,9,10,5,3
65,34,131,221,-150,27,116,62,93,-25,-32,-41,84,-174,27,9,10,5,3
84,24,146,226,-149,1,130,60,97,-29,-35,-39,83,-173,25,9,10,5,3
200,44,-235,245,-147,-22,-176,-26,37,2554,3911,-1269,164,-141,20,9,10,5,3
193,51,-223,12,-155,182,-164,-20,35,-70,17,-66,159,-143,20,9,10,5,3
186,53,-208,2,-146,181,-143,-10,27,-66,13,-65,157,-138,21,9,10,5,3
177,50,-188,-4,-139,174,-133,-16,38,-62,11,-64,152,-141,20,9,10,5,3
-94,9,-272,-13,-134,171,88,-50,99,-58,10,-64,174,-226,23,9,10,5,3
-76,-19,-238,-216,-57,-154,91,-41,86,-49,-36,-63,174,-229,18,9,10,5,3
-62,-45,-203,-201,-48,-161,91,-31,73,-27,-35,-55,173,-233,14,9,10,5,3
-55,-60,-167,-187,-37,-171,98,-18,69,0,-30,-44,169,-230,14,9,10,5,3
-170,176,190,-178,-27,-178,18,36,73,28,-17,-35,45,-179,10,9,10,5,3
-207,164,217,219,-47,-476,15,47,74,70,62,-101,44,-180,14,9,10,5,3
-243,130,245,217,-83,-466,10,51,81,60,52,-102,47,-179,19,9,10,5,3
-275,72,255,202,-109,-471,5,49,90,53,38,-95,50,-180,20,9,10,5,3
-3,180,75,180,-124,-484,10,23,86,46,28,-88,42,-147,9,9,10,5,3
-10,188,91,423,345,482,13,25,89,-47,-24,-63,32,-146,16,9,10,5,3
-19,187,117,391,323,410,17,25,89,-54,-22,-71,20,-150,23,9,10,5,3
-32,176,159,327,284,346,20,21,87,-54,-27,-70,16,-161,35,9,10,5,3
214,-179,-149,276,257,302,-60,-66,84,-43,-32,-59,114,-142,34,9,10,5,3
207,-177,-163,104,-103,127,-64,-72,96,-88,17,-70,112,-147,38,9,10,5,3
192,-173,-176,88,-98,145,-56,-82,107,-82,16,-66,110,-151,40,9,10,5,3
173,-174,-188,87,-93,149,-48,-88,133,-75,15,-64,114,-151,43,9,10,5,3
-120,104,-259,88,-88,142,5,-66,87,-69,16,-64,173,-189,5,9,10,5,3
-125,106,-276,-250,-146,20,88,-8,93,-90,-14,-57,168,-190,6,9,10,5,3
-131,102,-289,-256,-135,8,85,9,87,-88,-17,-57,163,-195,7,9,10,5,3
104,-32,120,-260,-121,-8,76,21,73,-85,-20,-60,117,-200,-3,9,10,5,3
120,-28,135,-267,-108,-25,73,31,68,-80,-20,-63,117,-201,3,9,10,5,3
137,-34,148,60,141,-463,49,19,76,31,-24,-39,122,-197,12,9,10,5,3
149,-38,159,75,122,-488,49,28,75,37,-15,-37,123,-195,13,9,10,5,3
-117,-138,54,77,105,-520,48,35,79,44,-2,-40,27,-168,20,9,10,5,3
-82,-134,36,79,90,-560,42,34,88,51,12,-47,36,-176,17,9,10,5,3
-46,-119,16,-5,117,417,10,28,94,-10,-26,-40,49,-181,12,9,10,5,3
-10,-94,-2,73,222,445,8,27,93,-14,-36,-38,61,-180,8,9,10,5,3
129,2,210,161,323,449,11,28,90,-14,-42,-38,88,-162,31,9,10,5,3
126,-31,213,230,395,451,17,29,86,-18,-43,-44,88,-162,23,9,10,5,3
129,-64,212,148,-156,20,-47,-61,93,-59,-24,-65,89,-161,16,9,10,5,3
138,-94,208,134,-158,25,-56,-61,94,-63,-21,-64,92,-160,10,9,10,5,3
75,30,-225,132,-148,31,-61,-63,97,-69,-18,-63,149,-148,10,9,10,5,3
70,37,-231,-1233,3234,-708,-56,-55,107,-76,-17,-62,147,-142,10,9,10,5,3
57,35,-232,-125,-176,152,-67,-35,73,-89,-15,-69,144,-140,11,9,10,5,3
46,37,-228,-147,-177,141,-65,-39,79,-89,-16,-68,143,-142,11,9,10,5,3
52,-117,-192,-160,-173,121,-61,-41,81,-91,-18,-67,159,-189,18,9,10,5,3
69,-141,-164,-169,-168,96,-57,-41,81,-92,-18,-68,161,-188,19,9,10,5,3
87,-160,-140,-50,10,-161,46,15,100,12,-57,-20,161,-190,18,9,10,5,3
105,-172,-122,19,76,-346,748,-479,-983,22,-43,-15,86,-179,19,9,10,5,3
-197,-67,103,40,84,-365,-698,-2853,365,28,-29,-19,80,-170,20,9,10,5,3
-164,-71,92,60,83,-374,-1711,1635,-2780,26,-16,-25,73,-163,22,9,10,5,3
-131,-87,87,74,75,-384,-2056,-1739,-792,57,13,-90,68,-168,22,9,10,5,3
-96,-112,79,-241,73,74,16,29,85,63,7,-80,43,-161,7,9,10,5,3
8,35,153,-136,121,133,11,25,86,65,0,-71,49,-159,0,9,10,5,3
5,27,155,-49,145,154,8,22,86,67,-2,-65,48,-150,0,9,10,5,3
2,19,150,0,136,173,7,24,83,-72,-32,-67,43,-145,11,9,10,5,3
0,-1,147,187,-15,47,78,-4,94,-68,-37,-72,118,-149,27,9,10,5,3
191,-124,43,194,-10,52,72,-10,101,-65,-43,-74,117,-152,23,9,10,5,3
196,-121,54,203,-10,60,64,-22,93,-63,-50,-75,117,-155,20,9,10,5,3
193,-128,55,213,-11,79,54,-24,99,-58,18,-58,118,-156,17,9,10,5,3
191,-131,54,109,-159,256,-178,-11,21,-54,16,-55,172,-125,10,9,10,5,3
-107,93,-341,93,-171,254,-157,-16,35,-53,14,-57,173,-128,15,9,10,5,3
-101,76,-323,59,-189,264,-137,-22,46,-53,12,-61,175,-129,18,9,10,5,3
-95,58,-304,13,-214,275,-119,-28,53,-140,-61,-57,178,-135,18,9,10,5,3
-89,43,-290,-166,54,-218,136,41,71,-112,-57,-68,122,-192,1,9,10,5,3
8,177,208,-152,68,-215,130,42,63,-80,-45,-77,119,-193,11,9,10,5,3
-37,175,208,-137,88,-218,126,50,67,51,21,-58,120,-194,20,9,10,5,3
-68,158,191,-129,108,-223,118,54,83,63,24,-64,122,-193,26,9,10,5,3
-83,137,190,-103,-98,-557,5,32,79,75,28,-71,69,-174,27,9,10,5,3
67,98,69,-105,-118,-511,0,38,82,86,32,-76,75,-173,24,9,10,5,3
69,109,67,-108,-130,-441,-4,41,84,7,37,-76,79,-171,20,9,10,5,3
73,128,56,-108,-135,-366,-6,41,85,-5,37,-74,80,-166,18,9,10,5,3
78,138,44,9,127,145,73,46,112,-12,27,-68,75,-158,43,9,10,5,3
275,-289,64,22,78,127,77,44,107,-12,6,-57,77,-153,41,9,10,5,3
279,-300,31,19,15,121,81,41,103,-81,-26,-67,76,-157,39,9,10,5,3
283,-300,6,45,2,140,86,39,101,-84,-24,-66,78,-156,38,9,10,5,3
292,-297,-12,173,-132,164,-233,-10,18,-88,-24,-66,167,-129,28,9,10,5,3
-57,30,-210,167,-134,162,-233,-19,14,-70,5,-63,164,-123,29,9,10,5,3
-62,28,-239,149,-146,156,-226,-28,6,-71,5,-62,162,-122,25,9,10,5,3
-67,32,-266,118,-163,156,-218,-32,1,-70,6,-66,163,-119,22,9,10,5,3
-79,41,-289,-207,-104,-129,135,52,57,-68,6,-68,194,-178,11,9,10,5,3
11,146,273,-199,-87,-137,137,42,70,7,-21,-26,193,-181,3,9,10,5,3
-15,184,280,-191,-69,-142,141,24,90,15,-9,-23,192,-182,-3,9,10,5,3
-35,212,280,-188,-52,-145,139,5,110,20,-6,-21,187,-182,-7,9,10,5,3
-38,224,274,70,50,-653,-8,32,87,22,-18,-19,118,-181,6,9,10,5,3
-62,-129,43,70,34,-635,-4,35,94,119,95,-154,117,-177,5,9,10,5,3
-24,-121,33,86,25,-590,1,34,95,110,95,-142,113,-170,4,9,10,5,3
10,-105,17,74,17,-535,11,30,90,102,85,-131,103,-156,7,9,10,5,3
49,-79,-4,26,265,244,44,42,100,96,70,-121,79,-154,25,9,10,5,3
231,-174,313,101,312,196,47,46,104,-106,-61,-75,92,-156,31,9,10,5,3
259,-209,278,182,341,153,50,52,103,-106,-61,-81,100,-161,42,9,10,5,3
286,-229,231,231,369,157,54,59,99,-108,-65,-84,102,-162,46,9,10,5,3
307,-243,184,164,38,94,-227,-53,39,-112,-70,-83,185,-104,0,9,10,5,3
35,67,-167,171,36,101,-230,-45,22,-82,-3,-61,184,-96,-1,9,10,5,3
27,48,-157,189,28,114,-222,-36,9,-90,0,-63,184,-105,0,9,10,5,3
23,38,-150,210,18,132,-217,-28,8,-98,2,-62,183,-106,6,9,10,5,3
19,35,-155,-236,-254,-23,2100,-3810,3490,-103,2,-62,210,-184,32,9,10,5,3
42,-28,-32,-236,-249,-36,124,41,62,-13,-20,-67,205,-185,33,9,10,5,3
40,-33,-12,-237,-239,-58,124,40,75,-6,-18,-71,202,-186,31,9,10,5,3
40,-34,-9,-1351,-100,3270,118,43,74,-2,-20,-73,197,-187,27,9,10,5,3
43,-22,-13,73,89,-384,112,36,69,-9,-22,-71,79,-167,25,9,10,5,3
-266,-69,154,81,90,-399,10,36,92,139,118,-149,75,-169,24,9,10,5,3
-255,-62,120,84,93,-415,10,30,88,134,119,-151,74,-170,24,9,10,5,3
-239,-55,103,95,95,-425,10,30,88,123,119,-151,74,-165,24,9,10,5,3
-210,-57,103,-6,294,370,7,27,85,109,114,-145,58,-164,22,9,10,5,3
-37,134,95,264,317,238,61,61,93,-19,-116,-10,83,-171,13,9,10,5,3
-26,144,111,236,266,257,65,56,99,-31,-114,-13,91,-153,12,9,10,5,3
-30,147,140,183,236,297,71,46,106,-49,-110,-23,91,-146,10,9,10,5,3
-34,130,172,148,232,329,79,39,114,-71,-98,-30,132,-133,47,9,10,5,3
202,10,-170,204,-90,115,-216,-39,32,-76,10,-62,140,-122,44,9,10,5,3
190,25,-172,204,-88,121,-207,-24,21,-69,14,-68,150,-115,38,9,10,5,3
188,38,-171,210,-82,129,-193,-10,18,-63,16,-70,160,-113,30,9,10,5,3
194,46,-173,218,-76,140,-185,-3,11,-58,19,-70,199,-135,11,9,10,5,3
-21,9,-342,-296,-169,-142,37,-25,99,-108,-37,-67,203,-138,12,9,10,5,3
0,-9,-320,-162,-65,-230,66,-26,98,-101,-39,-71,206,-139,9,9,10,5,3
16,-31,-295,-151,-50,-240,96,-21,94,-94,-39,-74,182,-179,19,9,10,5,3
22,-54,-266,-144,-32,-254,129,-9,89,-89,-39,-70,180,-179,18,9,10,5,3
-282,-86,195,-135,-15,-266,25,30,80,184,172,-160,179,-181,13,9,10,5,3
-284,-121,172,29,37,-414,29,31,80,178,181,-168,177,-184,9,9,10,5,3
-282,-141,146,20,11,-431,33,34,86,172,185,-173,122,-151,23,9,10,5,3
-275,-149,115,1,-13,-467,37,35,92,165,183,-174,118,-145,22,9,10,5,3
-57,66,88,-21,-34,-506,11,1,69,-37,-18,-56,107,-140,26,9,10,5,3
-46,54,101,125,190,238,15,10,67,-32,-41,-51,90,-140,31,9,10,5,3
-36,50,118,105,155,230,24,23,71,-23,-60,-46,105,-143,27,9,10,5,3
-30,52,135,121,142,207,32,33,81,-16,-74,-40,114,-147,28,9,10,5,3
221,-68,-131,146,134,171,-118,-91,125,-91,9,-68,125,-143,26,9,10,5,3
199,-61,-110,220,-90,91,-132,-88,119,-90,10,-72,134,-137,23,9,10,5,3
180,-71,-93,209,-107,95,-145,-69,107,-83,7,-73,208,-121,10,9,10,5,3
166,-77,-88,195,-126,89,-157,-57,105,-70,5,-69,205,-120,4,9,10,5,3
-22,120,-286,182,-141,93,-21,-49,76,-43,4,-70,205,-123,-2,9,10,5,3
-30,115,-299,-244,-95,-107,-20,-52,75,-38,5,-68,207,-125,-3,9,10,5,3
-33,109,-315,-251,-88,-126,-16,-59,76,-36,3,-67,228,-157,2,9,10,5,3
-36,102,-325,-251,-85,-136,-17,-62,69,-38,2,-67,223,-161,7,9,10,5,3
-36,-20,120,-242,-84,-137,47,30,95,71,-45,8,219,-162,11,9,10,5,3
-28,-37,110,-54,111,-492,42,27,93,96,-31,5,215,-164,11,9,10,5,3
-24,-48,103,-43,124,-497,38,26,90,113,-16,0,98,-174,7,9,10,5,3
-28,-49,95,-42,139,-504,34,25,89,120,0,-13,101,-165,5,9,10,5,3
31,-47,-16,-36,152,-522,-3,29,85,48,42,-88,102,-156,3,9,10,5,3
38,-34,-12,-81,-34,293,-1,28,87,51,33,-76,37,-186,48,9,10,5,3
41,-19,0,248,602,493,0,28,86,54,20,-75,48,-176,44,9,10,5,3
40,-11,17,303,626,482,2,27,84,52,6,-76,63,-166,35,9,10,5,3
302,-184,145,278,592,442,74,-27,77,-108,-59,-53,72,-158,27,9,10,5,3
293,-185,-103,167,-62,112,28,-55,69,-117,-58,-65,190,-116,31,9,10,5,3
276,-162,-115,157,-82,117,-10,-81,72,-124,-57,-77,185,-111,35,9,10,5,3
265,-129,-129,147,-101,115,-165,5,0,-41,13,-70,182,-107,37,9,10,5,3
260,-96,-143,140,-108,111,-155,5,3,-46,11,-71,183,-106,34,9,10,5,3
-37,82,-329,-2,-108,130,-144,5,17,-53,5,-71,215,-132,-19,9,10,5,3
-59,82,-321,-17,-98,127,-134,1,30,-60,0,-67,213,-125,-19,9,10,5,3
-81,84,-305,-41,-90,119,141,39,99,-103,-57,-53,213,-123,-12,9,10,5,3
-89,82,-288,-66,-84,111,110,66,76,-74,-50,-57,215,-124,-3,9,10,5,3
25,19,108,-225,45,-294,93,79,85,-44,-42,-59,171,-170,22,9,10,5,3
9,57,115,-208,47,-310,82,80,91,-18,-33,-62,168,-173,19,9,10,5,3
-2,86,121,-183,50,-319,75,74,92,100,108,-116,167,-169,19,9,10,5,3
-13,103,127,-155,51,-322,5,20,88,105,116,-130,163,-171,23,9,10,5,3
27,18,0,-132,16,-261,4,19,86,103,119,-139,86,-138,13,9,10,5,3
38,37,4,-159,3,-264,5,20,85,107,127,-150,86,-132,9,9,10,5,3
43,54,11,-201,-27,-263,5,23,85,-5,-77,-14,82,-131,10,9,10,5,3
43,69,20,-252,-64,-250,24,40,87,-25,-81,-20,79,-130,13,9,10,5,3
271,-128,36,234,70,102,29,40,94,-48,-80,-31,141,-112,18,9,10,5,3
274,-126,15,233,52,97,33,40,98,-62,-70,-39,141,-109,15,9,10,5,3
271,-125,-1,239,37,96,41,39,98,-43,-5,-60,145,-114,12,9,10,5,3
262,-124,-19,248,12,94,-77,-58,76,-25,1,-57,149,-113,13,9,10,5,3
48,48,-101,31,-79,75,-93,-51,77,-25,-1,-58,218,-101,-9,9,10,5,3
20,56,-111,48,-66,92,-105,-51,77,-30,-1,-62,229,-102,-12,9,10,5,3
3,66,-127,56,-64,120,-119,-54,73,-38,2,-65,240,-99,-10,9,10,5,3
-1,70,-149,46,-75,154,31,-64,104,-91,-28,-69,247,-101,-7,9,10,5,3
7,-75,-5,-224,-95,-135,58,-57,123,-98,-32,-67,228,-162,3,9,10,5,3
10,-77,20,-222,-87,-142,80,-55,136,-102,-37,-60,226,-160,-3,9,10,5,3
14,-82,57,-212,-70,-158,94,-63,137,-102,-40,-57,228,-165,-11,9,10,5,3
20,-81,99,-195,-47,-180,14,16,72,44,82,-93,229,-171,-20,9,10,5,3
-58,41,44,-54,-12,-526,5,18,81,101,55,-125,77,-130,4,9,10,5,3
-40,38,47,-74,-25,-519,-2,15,88,91,60,-121,58,-132,13,9,10,5,3
-31,39,48,-101,-46,-527,-8,14,78,82,64,-115,43,-140,21,9,10,5,3
-25,43,45,-138,-78,-533,18,36,90,76,60,-107,38,-156,31,9,10,5,3
309,-146,164,347,258,136,24,39,87,-17,-83,8,114,-140,62,9,10,5,3
356,-155,137,265,90,103,30,41,86,-29,-78,-5,110,-144,62,9,10,5,3
397,-161,106,268,78,96,33,41,87,-44,-69,-21,113,-152,55,9,10,5,3
421,-164,68,258,54,89,-3512,2899,-1824,-59,-62,-37,117,-145,52,9,10,5,3
80,54,-42,239,27,77,-295,-20,-21,-92,-12,-76,201,-86,13,9,10,5,3
65,40,-34,-18,-189,151,-294,1,-22,-102,-13,-69,203,-81,14,9,10,5,3
53,31,-30,-31,-195,155,-285,21,-20,-110,-14,-61,206,-74,12,9,10,5,3
-43,9,-190,-46,-207,157,13,-34,85,-53,-6,-63,255,-134,-2,9,10,5,3
-41,-2,-173,-64,-219,152,27,-21,93,-58,-8,-61,262,-142,1,9,10,5,3
-38,-9,-153,-184,55,-248,30,-15,95,-62,-10,-61,262,-142,3,9,10,5,3
2579,-3642,-1708,-176,63,-266,28,-11,91,-61,-9,-62,255,-133,6,9,10,5,3
-269,-68,209,-181,62,-281,52,18,62,67,-42,-11,163,-146,17,9,10,5,3
-241,-82,208,-196,58,-299,51,22,58,75,-20,-17,151,-144,16,9,10,5,3
-209,-73,200,-297,25,-285,52,28,79,83,2,-23,140,-140,17,9,10,5,3
-177,-44,179,-264,1,-224,45,27,104,93,24,-35,135,-137,9,9,10,5,3
19,-55,156,-230,-29,-156,9,36,84,-9,-32,-46,72,-156,38,9,10,5,3
11,-47,155,-190,-74,-96,15,37,90,-17,-35,-40,95,-154,32,9,10,5,3
-4,-42,162,274,145,161,21,38,95,-20,-33,-45,112,-144,21,9,10,5,3
301,-31,-179,248,109,143,-44,-61,80,-74,-37,-66,158,-109,18,9,10,5,3
282,-12,-196,229,83,133,-78,-77,78,-66,-39,-61,168,-117,14,9,10,5,3
265,8,-221,20,-166,129,-105,-85,76,-61,-37,-59,177,-111,14,9,10,5,3
-29,45,-240,10,-160,131,-125,-33,36,-64,0,-66,208,-83,12,9,10,5,3
-33,39,-233,10,-153,136,-123,-29,39,-67,1,-71,209,-84,7,9,10,5,3
-38,41,-224,17,-151,142,-118,-26,43,-70,3,-75,212,-88,2,9,10,5,3
-48,48,-216,-201,-88,-122,-114,-22,43,-72,0,-76,216,-93,1,9,10,5,3
-4,45,104,-209,-88,-132,108,32,82,-7,-38,-51,208,-148,-2,9,10,5,3
-4,54,86,-212,-76,-150,103,27,75,-9,-31,-55,208,-143,0,9,10,5,3
0,51,67,-205,-53,-175,96,26,73,-16,-27,-40,207,-140,4,9,10,5,3
9,40,55,61,125,-463,88,29,72,-9,-26,-32,205,-137,6,9,10,5,3
-110,-9,37,42,123,-482,-35,-4,60,38,79,-116,58,-127,26,9,10,5,3
-55,-3,25,10,105,-500,-36,5,63,31,70,-101,71,-131,28,9,10,5,3
-7,4,21,-1511,-1958,1044,-38,13,74,25,60,-86,80,-144,32,9,10,5,3
3693,1553,-385,270,360,291,-40,17,88,20,49,-77,86,-151,36,9,10,5,3
278,-122,104,239,328,283,107,48,104,-49,-29,-74,137,-120,20,9,10,5,3
279,-121,75,232,307,259,121,42,99,-38,-42,-65,149,-118,18,9,10,5,3
280,-112,45,233,293,224,124,23,88,-33,-51,-61,160,-118,18,9,10,5,3
281,-101,15,122,-116,110,124,14,91,-36,-57,-58,167,-119,18,9,10,5,3
-4,39,-185,9,-166,134,-198,-7,-8,-48,6,-70,207,-80,6,9,10,5,3
-19,40,-174,-10,-166,148,-192,0,-5,-53,7,-72,216,-72,8,9,10,5,3
-17,46,-156,-31,-169,159,-184,2,3,-60,8,-75,221,-64,14,9,10,5,3
1265,1738,1895,-69,-178,171,-178,1,15,-67,5,-77,223,-61,21,9,10,5,3
15,-12,99,-177,-50,-248,94,43,76,31,7,-52,220,-142,-7,9,10,5,3
25,-10,88,-173,-34,-285,102,44,84,26,5,-43,222,-145,-12,9,10,5,3
22,3,88,-168,-14,-326,99,45,101,34,0,-31,222,-144,-13,9,10,5,3
1,25,103,-163,10,-366,87,38,111,47,4,-22,216,-149,-10,9,10,5,3
48,-9,9,-77,24,-344,14,43,82,77,29,-87,80,-136,29,9,10,5,3
-90,99,148,-58,16,-301,11,38,83,65,25,-89,81,-141,23,9,10,5,3
-93,108,151,-63,0,-290,8,33,88,52,24,-91,77,-140,18,9,10,5,3
-95,116,150,-96,-26,-303,6,30,92,38,21,-94,77,-148,12,9,10,5,3
-93,108,154,171,226,223,140,13,123,-109,-64,-78,146,-105,8,9,10,5,3
297,-108,-76,177,203,213,141,3,114,-109,-69,-79,153,-99,6,9,10,5,3
276,-105,-107,174,176,193,136,1,96,-108,-70,-77,160,-99,2,9,10,5,3
260,-103,-137,168,150,171,138,0,88,-104,-63,-76,167,-100,2,9,10,5,3
253,-104,-172,55,-134,56,-152,-15,25,-66,3,-56,229,-72,2,9,10,5,3
-122,135,-375,48,-138,70,-140,-20,33,-72,2,-56,232,-76,3,9,10,5,3
-126,140,-409,39,-149,91,-129,-28,39,-81,3,-62,235,-79,6,9,10,5,3
-129,137,-434,-245,-95,-68,205,-28,98,-104,-21,-78,249,-123,40,9,10,5,3
-130,122,-444,-102,-57,-98,204,0,85,-93,-28,-76,253,-127,26,9,10,5,3
-8,65,211,-89,-43,-116,203,25,75,-86,-35,-73,253,-128,8,9,10,5,3
-41,79,206,-76,-34,-130,202,46,71,-75,-37,-72,251,-126,-6,9,10,5,3
-86,88,201,-66,-32,-140,0,10,79,96,81,-104,161,-120,-4,9,10,5,3
-121,82,195,-37,58,-509,0,12,77,96,91,-112,159,-110,-7,9,10,5,3
-20,54,4,-58,64,-508,0,19,78,94,98,-115,156,-108,-11,9,10,5,3
-15,55,5,-68,74,-502,0,28,80,89,98,-112,150,-114,-7,9,10,5,3
-3,51,12,-75,88,-492,1,33,85,-81,-86,-26,88,-121,44,9,10,5,3
8,47,20,136,252,270,2,33,87,-88,-120,-14,93,-126,52,9,10,5,3
317,-192,-58,192,74,125,6,32,92,-83,-169,8,102,-131,62,9,10,5,3
328,-185,-88,228,56,156,10,28,100,-57,-215,33,115,-132,74,9,10,5,3
331,-166,-114,246,39,155,-181,-76,47,-82,18,-77,175,-52,29,9,10,5,3
42,82,-98,155,-194,56,-135,-30,36,-84,16,-78,181,-52,28,9,10,5,3
29,80,-93,132,-206,55,-118,-34,45,-82,13,-77,190,-54,28,9,10,5,3
23,81,-93,120,-208,51,-98,-39,55,-106,-20,-58,270,-78,-2,9,10,5,3
21,80,-103,117,-200,49,-82,-48,63,-109,-22,-58,270,-79,-4,9,10,5,3
88,-142,-60,-210,-111,10,152,51,86,-111,-24,-62,269,-82,-7,9,10,5,3
92,-129,-21,-206,-105,2,157,42,87,-115,-27,-67,266,-87,-10,9,10,5,3
84,-103,19,-204,-94,-14,160,40,86,147,4,-25,165,-113,22,9,10,5,3
74,-78,57,-201,-78,-38,162,42,89,151,7,-32,154,-113,20,9,10,5,3
-165,-19,163,-68,-4,-459,10,31,85,146,11,-38,148,-117,20,9,10,5,3
-101,-34,129,-105,-20,-458,5,29,82,133,17,-43,145,-120,19,9,10,5,3
-42,-41,91,-137,-37,-446,2,35,88,30,-39,-50,155,-98,-5,9,10,5,3
4,-41,54,-165,-50,-421,0,41,89,44,-52,-45,153,-99,-5,9,10,5,3
41,-108,160,371,170,88,17,37,95,56,-63,-41,164,-102,-3,9,10,5,3
47,-112,165,349,136,43,17,36,97,58,-69,-38,166,-113,0,9,10,5,3
56,-105,178,310,93,17,20,35,98,-120,-45,-77,211,-87,30,9,10,5,3
70,-90,194,268,53,14,20,30,93,-128,-45,-77,215,-86,26,9,10,5,3
131,112,-244,157,-94,65,-71,-73,100,-132,-50,-72,216,-82,22,9,10,5,3
131,124,-226,144,-101,62,-91,-86,95,-125,-53,-65,211,-79,21,9,10,5,3
131,129,-204,135,-104,68,-113,-97,90,-92,8,-74,269,-47,3,9,10,5,3
124,120,-187,126,-104,79,-134,-102,73,-92,4,-71,265,-51,6,9,10,5,3
-54,-42,-237,-296,-113,65,102,-56,102,-91,0,-69,265,-60,6,9,10,5,3
-43,-52,-210,-293,-108,49,118,-35,93,-90,-1,-69,262,-57,8,9,10,5,3
-27,-60,-195,-284,-105,39,131,-8,81,40,-19,-44,229,-130,12,9,10,5,3
-10,-71,-194,-270,-106,33,141,19,69,33,-27,-37,233,-127,19,9,10,5,3
-203,-16,133,15,129,-601,-5,20,87,27,-40,-26,234,-118,31,9,10,5,3
-198,-28,135,33,126,-605,1,21,88,24,-60,-8,236,-120,33,9,10,5,3
-211,-44,140,46,122,-611,10,27,87,75,67,-115,102,-114,21,9,10,5,3
-231,-55,136,55,113,-615,18,37,87,67,55,-100,107,-109,15,9,10,5,3
3,29,150,184,175,434,20,24,92,62,45,-93,107,-107,17,9,10,5,3
7,27,158,231,186,395,23,29,94,54,41,-89,106,-112,20,9,10,5,3
17,20,174,293,232,333,25,37,95,-89,-66,-79,195,-90,19,9,10,5,3
33,8,188,322,246,254,28,43,96,-84,-63,-74,201,-86,15,9,10,5,3
198,112,-178,209,-12,63,-60,-75,95,-75,-57,-64,205,-84,17,9,10,5,3
185,118,-198,219,-10,52,-76,-82,88,-66,-50,-57,206,-78,21,9,10,5,3
177,116,-219,231,-11,50,-85,-86,79,-56,-12,-65,225,-38,10,9,10,5,3
175,109,-231,245,-18,51,-95,-90,75,-62,-13,-66,231,-39,11,9,10,5,3
-99,61,-419,-229,-126,70,-1,-51,71,-69,-12,-68,234,-42,12,9,10,5,3
-91,48,-424,-250,-117,65,5,-46,75,-76,-11,-68,234,-42,13,9,10,5,3
-83,34,-423,-273,-112,59,12,-41,80,-108,-64,-63,244,-88,15,9,10,5,3
-77,19,-415,-294,-109,50,16,-35,80,-95,-71,-64,241,-94,9,9,10,5,3
-241,74,250,-151,12,-257,5,28,90,-83,-72,-66,242,-102,4,9,10,5,3
-274,70,222,-151,25,-278,6,33,89,-80,-71,-65,242,-105,0,9,10,5,3
-293,55,195,-146,47,-299,8,37,86,168,149,-130,106,-104,12,9,10,5,3
-288,31,173,-137,75,-322,11,36,82,179,157,-144,98,-104,14,9,10,5,3
103,-64,14,-132,-278,-305,-9,32,82,186,161,-155,88,-108,16,9,10,5,3
102,-33,0,-107,-250,-204,22,39,91,1,-80,-19,122,-166,47,9,10,5,3
98,-3,-13,-76,-205,-107,24,32,88,-31,-70,-32,136,-157,38,9,10,5,3
94,20,-16,-55,-159,-31,23,26,88,-59,-73,-37,161,-138,29,9,10,5,3
338,44,126,137,95,108,23,25,87,-73,-83,-38,165,-126,27,9,10,5,3
344,36,113,166,94,99,-56,-112,95,-57,-5,-74,184,-50,47,9,10,5,3
348,23,98,195,82,93,-66,-101,106,-57,-5,-70,185,-48,49,9,10,5,3
355,5,73,213,60,91,-75,-92,109,-58,-6,-65,184,-49,52,9,10,5,3
-63,32,-250,32,-276,30,-81,-82,106,-60,-5,-64,186,-50,52,9,10,5,3
-75,48,-259,19,-263,30,-89,-35,69,-65,-1,-62,259,-58,5,9,10,5,3
-85,68,-273,9,-251,31,-76,-45,70,-71,1,-64,249,-56,1,9,10,5,3
-94,85,-287,7,-241,36,-62,-58,69,-72,3,-66,240,-59,0,9,10,5,3
20,-30,93,-222,59,-171,-50,-70,73,-69,4,-69,230,-61,2,9,10,5,3
11,-13,121,-133,50,-225,43,25,88,31,-46,-35,215,-107,4,9,10,5,3
12,-7,144,-120,66,-252,33,17,94,39,-45,-25,213,-102,6,9,10,5,3
489,-2495,2139,-106,74,-275,26,15,94,43,-46,-18,206,-99,14,9,10,5,3
63,0,46,-146,35,-490,32,52,87,159,230,-189,69,-122,32,9,10,5,3
85,9,33,-155,30,-492,27,44,84,151,220,-193,65,-123,31,9,10,5,3
95,29,13,-163,16,-490,23,36,80,141,206,-197,58,-122,32,9,10,5,3
97,54,-5,-172,-14,-484,19,28,75,133,186,-195,52,-124,28,9,10,5,3
180,-78,215,150,199,198,28,21,87,-70,-45,-67,156,-85,19,9,10,5,3
206,-94,200,163,190,161,35,20,88,-68,-48,-56,147,-84,20,9,10,5,3
239,-104,180,171,168,136,42,18,90,-72,-48,-51,142,-78,17,9,10,5,3
124,44,-107,211,-183,-2,-60,-43,97,-44,-21,-58,212,-44,15,9,10,5,3
59,85,-110,197,-190,4,-79,-48,83,-41,-17,-58,214,-39,17,9,10,5,3
56,98,-119,184,-192,8,-100,-52,69,-41,-14,-61,219,-41,20,9,10,5,3
46,105,-121,172,-187,6,-116,-57,61,-42,-15,-64,226,-41,19,9,10,5,3
35,104,-116,-114,-99,85,43,-59,77,-67,-15,-66,236,-59,15,9,10,5,3
59,-64,-182,-117,-97,73,54,-61,79,-71,-15,-66,237,-62,20,9,10,5,3
70,-6,106,-116,-97,61,74,-63,92,-76,-14,-65,237,-66,26,9,10,5,3
59,-8,157,-114,-98,53,87,-61,102,-82,-15,-62,237,-68,31,9,10,5,3
47,-9,195,-135,-4,-191,40,4,92,16,-86,-5,1455,-1723,1190,9,10,5,3
24,-1,222,-134,14,-232,36,-1,91,36,-86,-4,182,-95,32,9,10,5,3
-266,-186,171,-137,38,-279,30,-4,87,49,-72,-6,186,-103,33,9,10,5,3
194,-72,-38,-99,18,-479,19,35,81,161,139,-170,190,-108,34,9,10,5,3
224,-46,-45,-130,-17,-506,18,35,83,142,127,-164,147,-118,16,9,10,5,3
235,-14,-54,-160,-62,-528,16,35,82,115,118,-152,157,-100,3,9,10,5,3
225,21,-67,-190,-110,-540,14,36,81,88,108,-134,162,-91,-5,9,10,5,3
285,-14,228,260,188,197,101,25,102,-156,-2,-89,163,-83,20,9,10,5,3
322,-61,-73,267,141,162,104,13,100,-158,-5,-83,200,-51,13,9,10,5,3
302,-41,-82,258,98,109,105,-1,98,-151,-18,-73,197,-51,18,9,10,5,3
291,-24,-90,149,-110,122,-304,-33,-2,-67,6,-68,207,-50,22,9,10,5,3
292,-12,-102,161,-113,146,-300,-15,-4,-62,4,-74,204,-36,29,9,10,5,3
-54,33,-235,173,-112,165,-290,-3,-4,-63,2,-74,237,-36,19,9,10,5,3
-54,28,-238,185,-112,171,-277,5,-3,-66,0,-70,238,-39,19,9,10,5,3
-48,20,-243,-158,-182,-91,162,85,83,-91,-43,-79,239,-41,21,9,10,5,3
-41,10,-247,-151,-167,-102,163,86,83,-38,-58,-25,246,-83,19,9,10,5,3
-232,133,258,-147,-150,-110,168,74,85,-26,-57,-24,240,-84,9,9,10,5,3
-268,143,261,32,40,-428,-10,30,83,-11,-51,-24,235,-90,2,9,10,5,3
-305,149,258,25,38,-447,4,30,86,66,76,-129,111,-102,-2,9,10,5,3
-332,143,245,27,52,-455,5,33,87,72,81,-142,101,-106,0,9,10,5,3
70,74,23,-32,-224,167,3,32,86,76,82,-149,85,-102,3,9,10,5,3
52,72,19,1,-162,232,2,29,85,80,88,-153,73,-101,4,9,10,5,3
39,67,15,58,-31,301,19,32,99,-52,-73,-5,209,-55,15,9,10,5,3
28,57,13,130,134,349,22,35,99,-56,-95,0,206,-49,20,9,10,5,3
298,-47,150,245,125,-39,22,37,96,-55,-108,0,201,-52,25,9,10,5,3
317,-62,119,243,144,-11,26,37,94,-52,-112,-4,188,-59,32,9,10,5,3
322,-72,88,238,143,30,-187,-76,47,-65,-10,-61,247,8,0,9,10,5,3
314,-83,57,232,127,71,-196,-71,40,-53,-9,-60,247,8,0,9,10,5,3
-64,30,-222,39,-237,175,-206,-71,36,-42,-5,-61,245,2,4,9,10,5,3
-77,34,-236,26,-257,164,-217,-68,19,-39,0,-62,239,2,9,9,10,5,3
-89,30,-251,17,-273,145,110,-25,116,-81,-29,-68,259,-75,9,9,10,5,3
-97,22,-268,14,-278,120,118,-8,107,-83,-31,-72,260,-71,14,9,10,5,3
-3,78,298,-211,36,-252,120,10,94,-88,-34,-76,261,-60,17,9,10,5,3
-37,97,315,-192,50,-264,122,30,82,-96,-38,-81,260,-48,18,9,10,5,3
-73,113,325,-171,61,-278,-3,47,88,81,118,-82,148,-96,31,9,10,5,3
-104,125,329,-149,71,-291,-4,43,92,66,123,-91,138,-105,33,9,10,5,3
147,31,16,-233,56,37,-9,41,93,52,126,-101,129,-113,39,9,10,5,3
147,79,21,-205,83,118,-13,39,92,44,127,-108,123,-121,43,9,10,5,3
132,127,28,-172,102,180,-7,16,89,-21,-122,-10,205,-70,34,9,10,5,3
106,171,34,-134,109,223,-3,16,90,-37,-125,-4,204,-69,36,9,10,5,3
365,-106,20,247,117,135,3,17,92,-51,-122,-4,200,-64,41,9,10,5,3
377,-139,1,264,88,118,11,20,93,-69,-115,-8,196,-64,41,9,10,5,3
382,-157,-24,282,59,108,-94,-86,112,-65,-13,-69,213,-32,19,9,10,5,3
374,-160,-53,291,27,98,-107,-90,104,-65,-10,-69,215,-25,19,9,10,5,3
-21,78,-124,-10,-81,203,-120,-82,94,-65,-9,-64,218,-23,21,9,10,5,3
-41,65,-169,-28,-85,210,-46,-54,72,-67,-4,-65,229,-47,-5,9,10,5,3
-55,59,-223,-48,-95,215,-38,-59,73,-67,-3,-67,233,-43,-5,9,10,5,3
-62,-61,199,-101,-34,-319,-34,-66,73,-67,-2,-70,233,-39,-2,9,10,5,3
-63,-52,231,-81,-25,-321,85,23,63,-33,-61,-53,232,-96,1,9,10,5,3
-60,-56,256,-62,-18,-317,82,41,63,-19,-57,-48,227,-86,3,9,10,5,3
-182,89,215,-152,-25,-387,81,57,71,1,-48,-41,225,-80,7,9,10,5,3
-146,108,192,-197,-9,-388,83,61,87,21,-42,-28,222,-75,10,9,10,5,3
-109,126,167,-239,5,-382,6,14,85,7,115,-82,182,-88,20,9,10,5,3
-384,647,-874,-277,12,-371,5,14,87,-5,99,-76,169,-66,25,9,10,5,3
197,-35,133,230,275,266,9,13,86,-5,83,-76,156,-63,31,9,10,5,3
209,-61,132,274,269,263,10,13,85,0,64,-73,153,-75,23,9,10,5,3
225,-89,123,312,251,246,99,24,110,-80,-70,-44,209,-57,12,9,10,5,3
239,-120,113,332,219,220,102,29,110,-86,-67,-54,212,-55,14,9,10,5,3
40,95,-62,-18,-96,71,98,27,106,-88,-61,-66,213,-60,14,9,10,5,3
34,110,-43,-9,-76,91,90,20,102,-87,-51,-73,212,-63,14,9,10,5,3
28,117,-31,3,-55,116,-273,1,0,-67,-10,-70,239,-15,9,9,10,5,3
-3,-59,-164,-126,-116,-64,-258,5,15,-68,-13,-68,244,-16,14,9,10,5,3
81,-34,83,-127,-122,-73,-238,4,35,-68,-13,-65,242,-17,21,9,10,5,3
66,-33,128,-133,-133,-88,139,102,62,-35,-19,-72,229,-34,5,9,10,5,3
50,-27,167,-142,-141,-106,140,110,68,-50,-26,-73,229,-33,14,9,10,5,3
30,-15,197,6,-23,-378,146,111,75,-70,-37,-73,229,-38,16,9,10,5,3
-136,69,88,-17,-14,-416,152,108,80,-90,-51,-70,223,-35,20,9,10,5,3
-19,55,26,-47,-8,-458,-14,14,85,157,220,-148,120,-67,25,9,10,5,3
-3,57,12,70,295,266,-10,21,85,148,221,-155,117,-71,22,9,10,5,3
7,60,5,98,300,332,-6,29,82,139,225,-163,116,-77,21,9,10,5,3
12,61,9,122,313,409,0,34,82,125,224,-172,113,-83,25,9,10,5,3
291,-65,130,131,314,437,71,66,91,-38,-105,-56,179,-63,31,9,10,5,3
263,-88,-128,205,-13,0,79,59,89,-29,-97,-59,180,-60,22,9,10,5,3
276,-64,-143,190,-28,7,88,53,88,-27,-85,-62,178,-58,15,9,10,5,3
280,-35,-151,172,-41,12,95,48,85,-34,-75,-67,182,-58,8,9,10,5,3
277,-3,-155,154,-48,19,-93,-63,70,-47,-17,-67,236,-26,2,9,10,5,3
-64,88,-250,7,-130,132,-102,-54,67,-51,-14,-66,237,-21,0,9,10,5,3
-82,44,-351,-14,-131,126,-122,-43,60,-57,-8,-66,237,-17,3,9,10,5,3
-75,30,-345,-32,-133,122,-146,-38,58,-63,-3,-66,236,-16,5,9,10,5,3
-69,14,-335,-49,-139,117,115,-89,73,-66,-2,-76,224,-23,12,9,10,5,3
-62,0,-323,-99,-33,-190,145,-70,67,-74,-5,-77,219,-27,6,9,10,5,3
-126,91,179,-101,-15,-216,159,-39,61,-81,-10,-80,218,-30,5,9,10,5,3
-155,89,169,-94,15,-245,166,-2,64,-91,-19,-79,218,-31,8,9,10,5,3
-177,82,159,-88,43,-267,-28,12,92,43,-1,-36,181,-72,35,9,10,5,3
-186,65,153,-198,-52,-392,-31,0,87,44,7,-41,183,-79,38,9,10,5,3
-23,62,22,-239,-48,-376,-32,-5,83,42,13,-46,187,-81,40,9,10,5,3
-23,59,27,-272,-40,-354,-32,-5,80,39,18,-51,188,-79,39,9,10,5,3
-33,53,37,-299,-25,-329,-5,36,85,55,10,-47,166,-62,37,9,10,5,3
-51,49,50,200,258,194,-2,36,84,26,18,-53,172,-65,36,9,10,5,3
249,-170,73,239,246,180,2,35,83,-8,27,-59,174,-69,34,9,10,5,3
292,-129,-86,271,231,166,6,34,83,-39,30,-63,183,-72,33,9,10,5,3
301,-90,-108,286,210,146,67,-30,103,-110,-46,-78,180,-29,3,9,10,5,3
299,-45,-129,108,-56,106,32,-63,96,-96,-39,-68,176,-30,8,9,10,5,3
280,0,-146,104,-45,116,-2,-87,99,-78,-33,-62,178,-37,14,9,10,5,3
-53,68,-221,101,-38,121,-218,24,22,-87,-13,-60,247,-1,28,9,10,5,3
-82,-64,-408,-147,-257,0,-202,21,36,-58,0,-72,249,-7,25,9,10,5,3
-66,-80,-388,-157,-248,-24,-187,17,46,-56,-4,-73,251,-11,22,9,10,5,3
-47,-91,-374,-171,-243,-46,-1539,2078,-1574,-54,-8,-71,250,-14,20,9,10,5,3
-26,-104,-366,-183,-240,-67,130,52,85,-53,-11,-69,235,-52,17,9,10,5,3
-223,38,202,27,47,-379,122,62,83,90,-51,-9,234,-54,22,9,10,5,3
-209,-5,186,37,41,-380,114,63,82,98,-37,-22,231,-57,21,9,10,5,3
-189,-41,149,48,39,-392,107,56,84,96,-23,-29,231,-67,15,9,10,5,3
-174,-53,108,58,30,-406,11,23,82,87,-14,-31,97,-99,29,9,10,5,3
-72,142,64,-66,341,260,8,22,80,33,45,-76,95,-103,30,9,10,5,3
-63,117,74,6,191,264,7,25,80,31,38,-78,101,-112,33,9,10,5,3
-56,92,78,40,159,250,5,28,82,31,30,-77,115,-119,38,9,10,5,3
                                                                                                                                                                                                                                                                                                                                                                                                                                                                                                                                                                                                                                                                                                                                                                                                                                                                                                                                                                                                                                                                                                                                                                                                                                                                                                                                                                                                                                                                                                                   