-26,-77,-170,-5,-121,-426,516,-1109,2,90,38,207,2010,-3102,-2437,9,10,5,3
-5,-80,-177,-35,-97,-437,552,-914,291,14,43,416,207,67,126,9,10,5,3
16,-80,-187,-62,-79,-447,542,-777,481,-49,57,515,222,53,143,9,10,5,3
19,211,-40,30,78,-6,427,-89,66,-478,140,-304,226,46,155,9,10,5,3
19,231,-59,39,66,-4,445,-89,77,-523,131,-293,211,47,146,9,10,5,3
13,240,-69,44,55,-1,461,-74,96,-404,64,-229,224,-90,107,9,10,5,3
1,238,-67,42,44,7,468,-55,109,-115,-97,-172,240,-39,95,9,10,5,3
43,-75,175,-37,-155,128,-789,-20,-83,213,-87,-51,237,0,85,9,10,5,3
57,-78,163,-22,-156,102,-755,-59,-69,253,-67,-64,220,21,75,9,10,5,3
66,-78,135,-8,-158,72,-727,-108,-73,277,-51,-83,153,-22,383,9,10,5,3
72,-75,102,2,-160,41,-702,-164,-81,302,-37,-110,135,31,467,9,10,5,3
-118,-43,109,-116,17,-73,51,97,11,-211,-342,-414,81,77,436,9,10,5,3
-135,-71,81,-76,41,-121,100,159,16,-251,-368,-422,-675,1459,2291,9,10,5,3
-154,-88,52,-66,64,-135,154,213,24,-318,-390,-427,194,-71,175,9,10,5,3
-171,-94,24,-51,77,-145,214,256,15,-399,-403,-425,195,-53,185,9,10,5,3
73,-35,158,17,-256,212,-343,-718,-62,169,48,-19,192,-15,190,9,10,5,3
87,-36,140,27,-244,185,-292,-729,-52,157,69,-36,180,31,182,9,10,5,3
98,-34,128,40,-225,155,-239,-718,-47,150,85,-55,146,-14,-17,9,10,5,3
105,-29,118,57,-204,120,-196,-684,-36,143,98,-78,131,-13,135,9,10,5,3
-95,88,112,-886,218,-423,-51,94,44,74,-135,-209,103,-3,264,9,10,5,3
-84,75,105,-2,-43,26,-61,119,50,90,-132,-229,-75,-28,-26,9,10,5,3
-73,63,99,6,-49,25,-58,142,44,114,-150,-251,-88,-29,-29,9,10,5,3
-64,52,90,11,-50,13,-56,179,41,128,-217,-282,-95,-34,-39,9,10,5,3
80,38,135,15,-45,1,94,-717,28,109,63,24,-88,-48,-54,9,10,5,3
72,44,142,201,-46,-9,133,-718,-1,84,69,12,-48,161,-75,9,10,5,3
58,46,144,204,-45,-41,183,-723,-27,55,80,-3,-48,158,-93,9,10,5,3
48,45,141,206,-39,-70,229,-732,-50,17,93,-25,-46,152,-111,9,10,5,3
-113,-80,48,208,-31,-98,237,-298,163,247,-251,-82,-37,144,-130,9,10,5,3
-113,-69,72,52,-23,-56,233,-212,146,236,-213,-142,-16,-115,-81,9,10,5,3
-112,-57,101,34,-20,-73,211,-127,119,226,-165,-200,-12,-109,-78,9,10,5,3
-105,-40,128,27,-25,-81,176,-59,105,225,-109,-250,-5,-109,-72,9,10,5,3
-1,161,134,25,-18,-79,464,-248,249,-100,15,82,2,-106,-59,9,10,5,3
-20,129,135,166,172,220,503,-262,182,-118,58,97,-143,19,70,9,10,5,3
-33,95,140,151,161,190,540,-291,174,-138,96,106,-146,36,22,9,10,5,3
-40,65,142,139,150,156,581,-334,185,-152,132,109,-157,40,-20,9,10,5,3
21,-336,-2,127,142,118,463,-191,92,332,190,-25,-165,40,-57,9,10,5,3
-31,-230,49,114,-9,-24,432,-131,64,292,187,-45,34,-60,-65,9,10,5,3
-71,-139,94,98,0,-68,391,-67,42,254,169,-75,21,-64,-91,9,10,5,3
-81,-83,127,74,0,-101,343,0,49,212,147,-121,26,-48,-107,9,10,5,3
-82,131,-12,43,-1,-109,398,92,349,-119,-18,0,26,-39,-111,9,10,5,3
-49,115,0,-68,277,274,439,139,233,-139,79,28,-89,-150,254,9,10,5,3
-17,98,18,-74,273,301,514,163,178,-166,138,47,-88,-142,233,9,10,5,3
0,86,42,-74,270,318,601,211,154,-175,177,85,-88,-141,211,9,10,5,3
14,-79,-232,-69,269,321,-621,-442,-252,68,133,522,-88,-144,185,9,10,5,3
117,-130,-247,89,-6,385,-529,-376,-391,144,183,484,138,-76,148,9,10,5,3
229,-206,-239,105,125,-136,-290,-254,-401,206,223,360,161,-53,128,9,10,5,3
222,28,-49,94,115,-115,-72,-729,138,-117,-45,-293,158,5,101,9,10,5,3
207,34,-77,69,101,-80,-89,-804,148,-226,296,-139,-2465,3943,-527,9,10,5,3
180,33,-84,52,82,-49,-102,-867,139,-198,341,157,40,-235,207,9,10,5,3
142,26,-75,-185,171,155,-81,-896,135,-262,78,368,52,-203,212,9,10,5,3
-26,-176,-103,-174,183,114,-359,-184,-102,96,-212,-215,52,-173,210,9,10,5,3
-13,-170,-124,-164,192,71,-356,-210,-168,145,-162,-247,39,-151,196,9,10,5,3
-1,-163,-143,-155,197,24,-369,-213,-239,183,-130,-253,239,89,-36,9,10,5,3
8,-153,-162,-20,7,-69,-322,-255,-271,226,-127,-264,230,74,-23,9,10,5,3
52,131,82,-35,-18,-93,188,-126,77,-420,421,-358,229,59,1,9,10,5,3
50,136,65,-34,-52,-111,165,-120,71,-462,465,-334,207,51,13,9,10,5,3
44,140,46,-26,-78,-110,161,-124,58,-506,490,-301,83,-193,29,9,10,5,3
33,143,28,-257,-161,288,185,-142,70,-540,468,-253,130,-178,80,9,10,5,3
-23,-138,117,-253,-169,309,-585,133,-71,205,-91,-126,188,-162,133,9,10,5,3
62,-123,-80,-236,-181,321,-530,60,-49,213,-63,-162,133,-87,-286,9,10,5,3
73,-110,-101,-210,-190,323,-463,-37,-27,203,-37,-191,101,-112,-292,9,10,5,3
83,-98,-122,-43,102,238,-384,-145,-9,194,-12,-224,32,-145,-237,9,10,5,3
89,-82,-143,-46,160,169,188,104,34,-77,-176,-337,-26,-137,-88,9,10,5,3
-119,185,-40,-63,194,100,206,127,49,-173,-209,-336,-49,162,-25,9,10,5,3
-110,173,-50,-93,197,34,240,134,71,-262,-216,-316,-67,159,-35,9,10,5,3
-95,151,-53,112,-255,176,288,137,89,-331,-226,-301,-68,152,-26,9,10,5,3
-74,125,-52,88,-281,215,-674,-494,23,31,-73,13,-48,128,1,9,10,5,3
109,17,77,69,-305,254,-640,-550,15,51,-38,-10,103,102,-101,9,10,5,3
101,20,37,54,-319,288,-592,-603,0,82,-11,-26,125,93,-140,9,10,5,3
93,25,-1,371,-146,330,-533,-644,-11,119,14,-48,142,82,-177,9,10,5,3
83,34,-37,327,-190,346,0,-122,125,-73,-160,-322,153,74,-207,9,10,5,3
-121,-68,16,263,-197,366,58,-67,104,133,-376,-261,-91,29,-39,9,10,5,3
-139,-64,9,36,138,-12,95,-2,82,159,-424,-273,-99,27,-16,9,10,5,3
-148,-62,3,33,115,-10,-261,-359,565,167,-483,-285,-104,21,-1,9,10,5,3
-149,-61,2,36,66,-3,-147,-410,490,177,-558,-280,-107,9,8,9,10,5,3
125,-21,114,52,25,-6,-75,-466,360,39,83,-68,-156,108,67,9,10,5,3
125,0,100,129,45,-166,-47,-536,212,25,119,-84,-150,102,36,9,10,5,3
121,22,83,132,59,-196,-315,659,426,9,148,-93,-142,102,5,9,10,5,3
119,43,62,134,71,-226,-353,675,390,-15,180,-110,-133,107,-25,9,10,5,3
11,29,253,133,78,-257,-259,598,63,161,40,-346,-71,-116,-7,9,10,5,3
20,31,233,23,-35,-12,-394,162,53,164,33,-346,-43,-88,-49,9,10,5,3
22,27,204,17,-19,-6,-457,191,54,163,21,-334,-29,-66,-80,9,10,5,3
20,14,173,10,-3,-5,-520,212,59,165,5,-308,-9,-42,-102,9,10,5,3
-53,98,60,4,7,-12,-582,239,68,-56,220,23,-186,-1,190,9,10,5,3
-40,120,15,77,126,-12,315,320,-62,-66,196,23,-195,0,175,9,10,5,3
-44,131,6,82,123,-49,173,385,-54,-87,166,4,-200,0,152,9,10,5,3
-48,138,-5,89,121,-86,23,461,-65,-775,-356,73,-206,-9,124,9,10,5,3
-53,141,-21,93,119,-125,-138,550,-93,239,17,-290,107,-115,88,9,10,5,3
154,-114,17,88,-38,-96,-1333,3076,2568,189,15,-323,95,-94,59,9,10,5,3
168,-122,-5,75,-40,-96,-486,-475,56,162,21,-325,80,-62,22,9,10,5,3
178,-125,-27,64,-17,-64,-432,-524,59,161,26,-326,52,-40,-24,9,10,5,3
183,-127,-47,58,-18,-17,-345,-538,47,-255,160,69,-56,-181,193,9,10,5,3
-32,95,116,-12,192,106,-239,-515,72,-263,164,77,-65,-173,211,9,10,5,3
-47,94,107,-12,179,68,-394,237,-217,-266,160,64,-77,-170,213,9,10,5,3
-62,91,95,-13,168,29,-518,151,-252,2153,-1885,2680,-91,-171,198,9,10,5,3
-75,87,82,-16,161,-10,-702,-29,-303,143,337,104,162,-39,172,9,10,5,3
24,57,116,110,155,-66,-837,-507,-190,145,283,44,161,-31,166,9,10,5,3
22,70,98,105,131,-111,35,-529,64,145,229,-22,165,-17,148,9,10,5,3
32,72,80,111,119,-126,47,-543,86,149,176,-89,153,20,119,9,10,5,3
51,64,64,108,116,-121,60,-547,98,190,-225,-13,9,-215,111,9,10,5,3
-14,30,136,-207,71,181,63,-545,98,150,-161,-2,58,-217,103,9,10,5,3
-31,41,135,-208,66,194,-318,562,-104,107,-109,0,102,-208,98,9,10,5,3
-46,54,137,-207,64,203,-334,514,-112,64,-71,8,140,-194,98,9,10,5,3
-56,60,140,-206,60,204,-347,450,-125,37,51,505,30,0,523,9,10,5,3
225,65,15,1,-21,313,-347,377,-126,58,94,547,53,50,587,9,10,5,3
218,87,35,55,1,283,212,-70,36,68,142,475,82,106,527,9,10,5,3
201,107,54,102,23,239,231,-45,36,53,202,368,136,155,394,9,10,5,3
172,119,75,125,51,187,259,-29,52,246,-408,290,28,7,132,9,10,5,3
76,-113,102,-91,-163,81,285,-26,54,292,-464,234,30,-34,151,9,10,5,3
81,-93,113,-101,-167,105,-706,274,-17,354,-481,175,31,-68,151,9,10,5,3
82,-64,117,-114,-171,126,-780,327,-4,366,-454,121,39,-89,137,9,10,5,3
78,-34,114,-123,-176,138,-827,338,-13,183,79,-212,-3,-140,50,9,10,5,3
53,123,-205,174,-158,-26,683,-206,-262,167,92,-219,-78,145,432,9,10,5,3
-7,219,-173,212,-169,169,550,-181,-409,159,114,-211,-115,192,358,9,10,5,3
-89,330,-127,188,-201,300,299,-103,-353,-70,-178,-362,-136,221,262,9,10,5,3
-153,409,-87,122,-233,347,-53,-44,-91,-77,-169,-343,-139,230,183,9,10,5,3
3,31,-46,113,26,-51,-75,363,116,-76,-168,-338,119,-49,185,9,10,5,3
43,18,-35,118,17,-43,-204,259,268,-95,-200,-351,151,-26,180,9,10,5,3
79,9,-25,127,7,-24,-271,177,438,112,23,61,164,-9,172,9,10,5,3
106,6,-17,140,-2,5,-287,119,541,84,48,52,160,22,169,9,10,5,3
71,-11,-166,193,-104,-234,610,580,-115,69,56,46,77,126,-252,9,10,5,3
74,1,-176,191,-95,-260,524,630,-198,60,57,41,72,128,-283,9,10,5,3
75,12,-186,187,-88,-281,354,630,-269,110,-331,-253,69,121,-314,9,10,5,3
71,23,-195,178,-85,-302,126,708,-228,143,-269,-283,90,92,-326,9,10,5,3
-67,-121,18,48,39,-32,-382,686,106,157,-204,-319,-62,-77,15,9,10,5,3
-82,-124,-4,43,72,-26,-410,729,125,154,-147,-358,-61,-63,38,9,10,5,3
-88,-119,-18,38,102,-20,-432,763,117,98,163,26,-54,-35,69,9,10,5,3
-85,-106,-24,31,120,-8,-469,777,98,115,180,35,-36,2,98,9,10,5,3
-30,140,-115,177,26,-123,368,317,-76,124,197,43,-109,107,-220,9,10,5,3
-30,130,-139,176,34,-162,282,502,-77,119,208,39,-107,120,-246,9,10,5,3
-32,121,-156,176,41,-198,162,649,-82,531,-90,-65,-111,134,-273,9,10,5,3
-36,113,-165,180,50,-232,10,760,-140,513,-45,-93,-104,154,-300,9,10,5,3
85,-196,-35,11,-21,-46,-809,54,88,481,1,-140,6,-108,-48,9,10,5,3
84,-209,-78,2,-15,-28,-894,28,106,437,47,-190,15,-108,-7,9,10,5,3
84,-214,-112,0,-9,-23,-948,8,94,-149,279,86,26,-102,42,9,10,5,3
85,-209,-135,-7,4,-21,-957,-19,86,-177,328,113,42,-77,88,9,10,5,3
-118,95,-95,51,116,-109,233,390,-102,-205,341,129,-155,-38,-188,9,10,5,3
-119,90,-113,52,120,-152,94,421,-123,-223,330,139,-163,-27,-217,9,10,5,3
-119,89,-122,52,128,-189,-38,433,-144,292,263,74,-172,-21,-246,9,10,5,3
-120,93,-128,50,140,-223,-142,466,-150,289,271,-5,-181,-19,-274,9,10,5,3
105,-46,119,110,64,-81,-81,-168,68,279,262,-61,36,-36,-89,9,10,5,3
109,-67,86,94,69,-66,-123,-202,79,252,250,-77,46,-35,-67,9,10,5,3
109,-90,64,69,63,-56,-179,-236,70,-419,-277,185,57,-35,-45,9,10,5,3
109,-110,50,33,38,-64,-241,-275,63,-266,-321,153,67,-41,-28,9,10,5,3
-78,-37,42,-50,168,129,360,614,-106,-145,-324,93,-75,-200,118,9,10,5,3
-72,-31,28,-136,99,1,321,641,-118,-30,-302,52,38,-157,-87,9,10,5,3
-71,-28,16,-137,106,-36,276,666,-132,247,-318,-313,31,-151,-114,9,10,5,3
-77,-27,6,-137,113,-71,235,681,-136,-12,388,170,18,-149,-139,9,10,5,3
135,26,208,-137,119,-105,-21,219,118,-36,453,114,3,-149,-164,9,10,5,3
114,29,204,-3,118,-166,-39,128,103,-47,511,76,11,49,-119,9,10,5,3
95,34,193,-25,105,-156,-45,54,84,-43,539,31,13,41,-107,9,10,5,3
80,40,174,-46,90,-120,-36,-16,69,1,-480,114,20,36,-87,9,10,5,3
-32,-80,140,-62,72,-84,-209,501,195,134,-343,96,24,35,-63,9,10,5,3
-28,-82,139,-197,-46,224,-244,581,117,259,-188,61,184,-87,143,9,10,5,3
-26,-89,141,-178,-54,209,-253,684,54,327,-80,19,195,-93,100,9,10,5,3
-24,-98,142,-164,-55,189,-271,775,5,249,147,-440,201,-94,59,9,10,5,3
378,414,-135,-157,-51,163,-93,246,-68,152,173,-374,203,-88,23,9,10,5,3
344,408,-107,-66,113,181,-197,415,92,12,158,-129,-37,152,149,9,10,5,3
295,336,-76,-81,122,108,-239,501,115,-119,129,159,-45,106,140,9,10,5,3
254,236,-30,-115,111,40,-299,477,56,-390,-134,-330,-39,75,111,9,10,5,3
-62,63,-85,-162,86,-18,263,245,275,-61,-40,-348,-17,56,72,9,10,5,3
-67,37,-76,-40,-182,193,186,212,365,-67,-163,-315,103,217,64,9,10,5,3
-72,17,-65,-63,-185,172,164,180,464,-186,-316,-105,106,214,64,9,10,5,3
-80,5,-47,-83,-187,148,177,115,522,160,49,-149,114,206,76,9,10,5,3
109,-32,-169,-95,-190,127,753,-307,-168,161,57,-172,129,191,103,9,10,5,3
109,-19,-179,210,-236,315,1015,148,-83,167,63,-192,-284,37,296,9,10,5,3
104,-3,-184,161,-274,330,1149,640,177,178,67,-204,-318,28,190,9,10,5,3
98,13,-188,111,-282,325,1149,491,431,-17,-179,-344,-330,26,121,9,10,5,3
-201,-56,39,66,-247,322,115,456,65,-15,-201,-319,-318,19,87,9,10,5,3
-184,-56,27,-50,0,37,132,528,72,-9,-227,-292,89,72,73,9,10,5,3
-160,-48,22,-47,-36,38,149,602,89,5,-279,-291,118,93,53,9,10,5,3
-133,-34,22,-34,-59,28,161,681,105,171,-14,78,139,99,39,9,10,5,3
47,144,65,-19,-78,11,266,-789,-88,167,-10,68,141,106,41,9,10,5,3
43,140,53,221,-66,-217,323,-706,-87,156,1,54,-56,188,-235,9,10,5,3
34,134,35,225,-59,-245,377,-617,-86,145,17,44,-51,187,-270,9,10,5,3
20,126,8,228,-52,-267,433,-511,-84,256,-426,-70,-54,186,-302,9,10,5,3
65,-103,224,229,-49,-283,-80,105,46,271,-382,-93,-59,186,-333,9,10,5,3
93,-109,212,43,-5,4,-119,90,32,286,-314,-120,-33,-108,-16,9,10,5,3
110,-122,190,40,2,4,-150,78,19,292,-238,-167,-23,-124,-11,9,10,5,3
114,-136,162,39,0,11,-189,75,35,-60,-37,-25,-18,-142,-13,9,10,5,3
-69,163,44,8,26,-14,862,-495,-231,-33,49,-22,3,-142,-18,9,10,5,3
-87,145,50,158,126,69,880,-455,-239,-29,108,-2,-169,-88,-79,9,10,5,3
-93,134,64,157,127,32,886,-406,-239,-30,153,22,-175,-87,-109,9,10,5,3
-89,136,78,150,128,-5,880,-347,-236,91,-63,335,-182,-75,-134,9,10,5,3
-66,-226,98,140,130,-45,132,-1,71,127,-60,258,-186,-59,-156,9,10,5,3
-50,-232,113,38,-4,-13,38,21,83,170,-35,179,23,-2,-54,9,10,5,3
-34,-217,134,55,-6,-17,-14,29,87,217,-3,98,19,-14,-46,9,10,5,3
-20,-184,158,79,-2,-10,-48,23,84,-169,160,178,16,-28,-35,9,10,5,3
-41,31,-32,109,13,5,276,-88,380,-376,103,264,18,-41,-27,9,10,5,3
-39,23,-14,62,222,177,316,-30,328,-546,47,211,9,-185,185,9,10,5,3
-38,19,1,50,208,174,375,22,265,-612,-11,154,8,-182,182,9,10,5,3
-38,20,19,41,196,173,421,58,207,-81,-323,-235,9,-178,165,9,10,5,3
-63,-76,-155,34,188,171,-749,-687,184,-51,-330,-263,9,-173,142,9,10,5,3
20,-127,-176,-117,103,409,-695,-490,-356,0,-332,-308,180,33,85,9,10,5,3
133,-207,-177,-56,52,378,-539,-337,-529,42,-307,-346,149,27,76,9,10,5,3
244,-299,-141,7,-2,342,-221,-195,-396,-110,354,-224,149,-5,78,9,10,5,3
138,-17,-45,77,-51,302,-26,-587,194,-124,478,-213,124,-4,80,9,10,5,3
105,-16,-49,-92,66,37,-4,-635,185,-143,610,-198,58,-171,-22,9,10,5,3
74,-18,-44,-99,67,19,12,-657,185,-199,731,-194,88,-172,-1,9,10,5,3
44,-23,-25,-109,65,15,27,-643,159,69,-117,-64,119,-171,39,9,10,5,3
-57,-100,1,-120,61,26,-442,-104,-219,107,-151,-71,148,-171,90,9,10,5,3
-46,-102,-15,-159,-35,-343,-428,-291,-288,137,-185,-87,43,-78,394,9,10,5,3
-30,-105,-37,-157,53,376,-395,-462,-349,155,-213,-111,118,-26,609,9,10,5,3
-11,-107,-61,-102,80,349,-342,-585,-409,63,195,-286,104,64,688,9,10,5,3
18,195,-96,-50,88,318,325,-169,66,29,193,-308,55,127,613,9,10,5,3
34,202,-124,0,88,292,375,-197,61,-18,189,-333,-103,173,-42,9,10,5,3
44,203,-145,28,-78,31,428,-224,61,-77,171,-336,-99,160,-40,9,10,5,3
47,199,-158,11,-98,66,474,-247,60,-12,-166,-81,-85,129,-23,9,10,5,3
115,-156,237,-8,-116,103,-920,180,-180,107,-154,-1,-62,85,7,9,10,5,3
108,-155,222,-34,-127,136,-905,84,-146,143,-119,-4,163,94,-136,9,10,5,3
99,-153,207,-57,-193,-270,-885,0,-117,173,-87,-11,26,-55,247,9,10,5,3
88,-151,199,-15,-202,-227,-854,-69,-101,195,-59,-15,-11,68,427,9,10,5,3
-49,71,108,53,-212,-111,129,18,40,-127,-120,-386,-58,140,466,9,10,5,3
-31,42,106,116,-219,79,152,41,18,-157,-152,-408,-114,148,394,9,10,5,3
-17,26,94,62,53,-41,167,63,-6,-180,-181,-419,148,11,166,9,10,5,3
-14,24,74,60,32,-23,190,102,-10,-212,-229,-436,210,14,203,9,10,5,3
-23,-92,198,69,10,3,-543,-484,4,135,-16,8,240,40,226,9,10,5,3
-26,-94,194,87,-13,37,-497,-513,-17,126,-28,-20,251,65,238,9,10,5,3
-22,-95,180,200,-129,-241,-440,-536,-30,117,-32,-45,45,165,-240,9,10,5,3
-16,-95,161,205,-122,-258,-374,-548,-48,112,-34,-65,55,158,-271,9,10,5,3
-173,134,134,203,-118,-274,-159,-376,87,91,-435,-230,78,140,-295,9,10,5,3
-147,110,179,195,-117,-290,-90,-353,85,110,-371,-281,115,108,-290,9,10,5,3
-117,85,215,-3,-41,-7,-29,-290,119,133,-304,-313,-75,-104,-35,9,10,5,3
-81,59,244,4,-17,-13,9,-203,124,145,-246,-345,-62,-122,-21,9,10,5,3
16,20,69,11,11,-22,126,-219,302,243,47,-19,-53,-127,0,9,10,5,3
15,12,74,20,32,-24,153,-375,235,312,107,-33,-38,-119,32,9,10,5,3
18,7,76,200,-19,48,174,-532,181,329,147,-40,-136,82,-25,9,10,5,3
24,3,77,194,-12,10,166,-666,107,322,176,-36,-129,85,-57,9,10,5,3
-342,-128,-269,188,-5,-28,-213,333,-552,275,-324,355,-120,89,-90,9,10,5,3
-469,-212,-248,179,4,-66,-56,11,-341,346,-302,220,-108,93,-124,9,10,5,3
-511,-228,-231,144,-160,-110,81,-314,-13,387,-265,83,25,-23,-128,9,10,5,3
-491,-185,-200,142,-150,-95,158,-560,151,398,-243,-47,14,-11,-121,9,10,5,3
69,29,-49,114,-129,-79,-94,-317,464,-756,138,269,-3,-24,-105,9,10,5,3
67,64,-23,193,84,199,-28,-309,606,-59,232,86,-144,-133,139,9,10,5,3
57,95,-5,183,67,199,0,-245,672,-92,262,117,-150,-101,197,9,10,5,3
-84,78,54,165,60,204,315,458,-33,-123,253,129,-161,-81,240,9,10,5,3
-63,65,41,152,61,213,148,475,18,-145,211,122,-167,-66,258,9,10,5,3
-42,52,27,-1,118,264,-33,452,3,407,100,-29,158,-109,9,9,10,5,3
-24,43,15,30,53,259,-253,415,13,442,123,-110,158,-130,-16,9,10,5,3
8,-60,81,59,0,237,-243,-211,99,462,132,-157,150,-142,-17,9,10,5,3
-1,-82,57,82,-44,203,-277,-192,68,448,150,-175,140,-151,4,9,10,5,3
-9,-98,31,-46,159,103,-310,-197,58,-51,70,-7,-56,-162,198,9,10,5,3
-9,-109,0,-53,177,143,-343,-219,65,-120,174,31,-10,-184,207,9,10,5,3
-30,86,23,-57,187,177,444,445,-139,-197,237,46,27,-184,204,9,10,5,3
-44,101,29,-47,197,213,385,442,-177,-256,247,36,61,-174,197,9,10,5,3
-57,106,36,-57,137,-387,322,436,-215,13,-305,174,-135,127,44,9,10,5,3
-69,102,38,-95,120,-328,264,419,-242,-22,-156,396,-90,64,346,9,10,5,3
-27,60,280,-171,91,-164,-12,-89,7,15,-20,548,-24,-26,573,9,10,5,3
-34,75,240,-24,15,-78,4,-102,-9,-133,520,-393,71,46,-46,9,10,5,3
-27,78,195,-38,-8,-65,13,-118,0,-146,527,-329,81,44,-32,9,10,5,3
-7,71,149,-54,-41,-47,6,-142,20,-59,234,-224,93,63,-29,9,10,5,3
-98,10,226,-56,-53,-13,228,776,-5,-53,69,-287,88,93,-26,9,10,5,3
-99,-3,232,-116,119,53,186,787,-17,43,-198,-151,74,-122,-84,9,10,5,3
-94,-21,232,-115,83,1,132,797,-37,66,-224,-176,68,-129,-122,9,10,5,3
-88,-38,226,-112,47,-52,76,793,-63,96,-251,-187,60,-139,-158,9,10,5,3
219,-86,109,-109,14,-110,-38,182,65,128,-270,-198,47,-149,-188,9,10,5,3
220,-56,126,-146,125,-122,-35,110,62,-139,-93,-382,30,40,-173,9,10,5,3
210,-28,142,-119,71,-150,-22,56,64,-161,-104,-358,32,22,-164,9,10,5,3
184,-7,152,-100,53,-150,0,3,61,-186,-113,-337,46,14,-141,9,10,5,3
-43,-86,125,-97,38,-137,44,191,552,-220,-122,-329,56,16,-110,9,10,5,3
-46,-80,157,-197,-63,151,-4,152,491,90,-202,123,192,83,259,9,10,5,3
-49,-73,183,-192,-90,164,-79,144,417,115,-215,129,195,53,288,9,10,5,3
70,-164,-48,-189,-119,176,160,-696,-201,134,-198,124,197,28,281,9,10,5,3
64,-153,-71,-189,-147,185,395,-672,-296,157,-169,98,198,10,248,9,10,5,3
63,-137,-81,-17,84,276,793,-617,-303,-375,24,-55,-109,184,135,9,10,5,3
67,-117,-81,-13,125,204,1188,-567,2,-316,39,-121,-105,145,112,9,10,5,3
-48,159,-145,-36,132,146,474,144,61,-259,60,-207,-96,84,71,9,10,5,3
-45,153,-146,-85,112,101,466,151,87,-212,77,-291,-79,72,25,9,10,5,3
-36,144,-138,-39,-122,49,456,149,119,110,354,-6,106,128,151,9,10,5,3
-25,131,-127,-21,-145,86,457,144,143,42,303,25,63,166,140,9,10,5,3
5,-77,47,-15,-168,127,-614,-471,-122,-3,230,39,22,188,126,9,10,5,3
21,-78,55,-21,-191,164,-524,-498,-121,-10,153,26,-10,194,112,9,10,5,3
34,-82,56,22,-182,-368,-444,-509,-108,-17,213,-204,130,-42,-237,9,10,5,3
45,-83,54,27,-171,-387,-385,-513,-92,21,91,87,63,-70,-7,9,10,5,3
-37,99,328,55,-146,-376,-11,-36,33,49,-5,328,-47,0,294,9,10,5,3
-20,64,331,111,-100,-284,39,28,36,32,-64,484,-110,57,533,9,10,5,3
-3,33,318,67,91,38,81,100,31,112,107,-110,-90,-83,7,9,10,5,3
153,75,-60,40,-103,-76,-428,-365,557,175,27,-42,-83,-78,21,9,10,5,3
179,81,-72,71,-88,-62,-340,-429,536,206,-44,93,-72,-64,41,9,10,5,3
191,91,-77,104,-67,-30,-242,-462,453,39,71,89,-175,19,237,9,10,5,3
182,102,-72,135,-44,9,-185,-483,337,21,92,64,-163,31,199,9,10,5,3
67,26,-256,139,21,-349,-192,582,-435,4,104,36,-150,47,160,9,10,5,3
51,14,-276,146,14,-358,-22,146,-227,-15,116,-5,-140,65,120,9,10,5,3
31,6,-291,153,0,-371,48,-289,16,356,-219,-164,14,-278,161,9,10,5,3
12,3,-304,156,-15,-384,137,-600,124,322,-151,-223,36,-254,151,9,10,5,3
-82,-106,-28,0,64,-49,166,-721,122,273,-96,-289,52,-207,109,9,10,5,3
-89,-95,-21,-7,50,-52,-28,-208,415,-241,-87,-31,-82,52,100,9,10,5,3
-97,-85,0,-8,31,-56,-6,-219,491,-209,-150,-28,-110,14,124,9,10,5,3
-101,-70,27,-4,10,-57,-8,-204,494,-166,-155,-31,-136,-27,143,9,10,5,3
4,161,-33,113,135,4,-13,-176,464,-112,-123,-15,-145,-60,149,9,10,5,3
-12,154,-49,114,126,-35,-1106,489,-62,-335,-229,-262,-84,95,-358,9,10,5,3
-30,146,-63,115,119,-78,-1202,378,229,-316,-140,-17,-18,147,-229,9,10,5,3
-46,142,-74,118,117,-122,-1094,349,439,-255,-62,265,11,134,23,9,10,5,3
141,-75,126,74,-17,-79,-1148,251,430,-183,-36,470,-53,47,355,9,10,5,3
149,-109,78,66,-13,-76,-553,-187,77,114,157,-140,96,-31,-26,9,10,5,3
150,-133,34,46,-8,-72,-605,-206,85,-65,90,-103,110,-15,-9,9,10,5,3
145,-147,-4,24,-3,-71,-659,-232,100,-155,149,-47,111,-13,10,9,10,5,3
-4,57,143,-42,198,216,-707,-271,114,-208,188,97,99,-9,23,9,10,5,3
-5,64,151,-43,207,208,413,468,-121,-127,-120,-99,-37,-163,-4,9,10,5,3
-15,72,159,-44,208,202,381,472,-125,-132,-155,-127,-38,-155,-31,9,10,5,3
-33,79,168,-47,201,193,352,471,-127,-133,-192,-145,-40,-144,-59,9,10,5,3
90,-152,95,105,25,400,310,464,-130,-134,-230,-165,-46,-129,-89,9,10,5,3
64,106,226,138,-29,359,-21,-170,40,-88,123,-316,-10,7,-76,9,10,5,3
57,119,199,164,-63,309,-23,-248,87,-88,130,-314,-18,-15,-92,9,10,5,3
59,113,172,42,14,-4,-23,-263,96,-82,140,-318,-8,-40,-92,9,10,5,3
69,89,150,44,45,6,-33,-290,95,-82,159,-311,11,-56,-83,9,10,5,3
-13,-73,-4,39,62,10,-47,-337,97,-156,10,58,232,-101,161,9,10,5,3
-16,-69,5,30,67,3,105,760,-42,-214,-31,78,244,-74,173,9,10,5,3
-21,-63,17,-90,76,-75,45,732,-38,-242,-72,88,245,-47,209,9,10,5,3
-27,-54,30,-93,68,-127,-4,706,-33,-245,-110,110,223,-30,256,9,10,5,3
314,3,-102,-100,59,-175,-52,682,-29,110,164,352,75,59,196,9,10,5,3
313,-4,-47,-112,46,-219,-66,107,83,41,226,259,78,106,88,9,10,5,3
281,-20,4,-95,73,-53,-50,45,71,-42,270,164,90,141,26,9,10,5,3
246,-38,49,-32,-131,-14,-26,11,71,-120,289,83,90,163,-1,9,10,5,3
34,36,-10,-5,-153,-19,-3,-20,63,-123,-172,121,-26,102,51,9,10,5,3
41,19,-20,20,-163,-27,86,244,318,83,-210,218,-9,69,61,9,10,5,3
50,2,-21,34,-158,-28,37,293,429,259,-285,229,9,29,73,9,10,5,3
54,-12,-19,-67,-173,212,-1,305,474,329,-378,191,30,-14,84,9,10,5,3
41,-107,68,-65,-173,193,-24,283,471,249,69,-187,142,62,-75,9,10,5,3
47,-99,50,-67,-171,170,1360,-338,157,164,-38,32,141,55,-113,9,10,5,3
55,-89,28,-60,-53,393,1281,-212,388,123,-81,294,140,50,-153,9,10,5,3
57,124,205,-47,10,364,1193,-85,493,72,-56,476,3760,82,2198,9,10,5,3
50,100,224,-43,68,341,1037,-56,113,17,-10,540,-38,49,-15,9,10,5,3
37,80,232,-45,111,308,322,234,108,0,-499,-228,-38,65,-9,9,10,5,3
21,67,226,-2,-29,-9,303,228,93,19,-472,-200,-37,75,-7,9,10,5,3
50,0,94,1,-33,-19,290,233,105,53,-318,-141,-35,73,-6,9,10,5,3
26,13,97,6,-40,-23,296,233,93,123,-76,-92,-46,186,249,9,10,5,3
0,23,101,13,-48,-16,-364,-718,-90,142,156,-62,-36,198,245,9,10,5,3
-22,28,103,128,-118,-230,-304,-699,-61,118,166,-87,-30,210,221,9,10,5,3
-164,162,-193,137,-120,-260,-238,-681,-39,87,179,-113,-26,219,185,9,10,5,3
-253,176,-164,145,-123,-283,-158,-658,-6,56,189,-140,-200,-130,54,9,10,5,3
-300,181,-138,148,-122,-301,-61,293,-1,92,-105,-296,-200,-112,47,9,10,5,3
-291,178,-123,36,51,12,-78,326,9,95,-121,-279,-205,-91,31,9,10,5,3
15,16,-52,20,76,4,-72,356,19,94,-140,-278,22,104,50,9,10,5,3
36,-13,81,0,103,-10,40,-415,295,130,70,52,6,126,62,9,10,5,3
39,-14,107,178,25,295,68,-512,245,185,106,53,-14,138,80,9,10,5,3
50,-17,134,183,19,281,83,-626,185,216,133,58,-46,138,103,9,10,5,3
68,-21,157,183,15,260,90,-731,139,230,148,73,-89,93,-306,9,10,5,3
-176,-97,-134,177,15,234,-150,418,-304,224,-225,362,-91,101,-335,9,10,5,3
-261,-190,-76,-57,-204,277,-84,180,-196,265,-271,258,-75,121,-359,9,10,5,3
-331,-264,-12,-62,-230,220,2,-158,-47,322,-271,173,-28,160,-340,9,10,5,3
-353,-303,42,-39,-253,176,50,-459,82,371,-241,86,35,-74,18,9,10,5,3
-94,60,-83,-33,-215,82,-440,-79,59,-430,201,88,55,-86,13,9,10,5,3
-82,83,-60,129,161,125,-346,-191,85,-459,174,88,73,-90,6,9,10,5,3
-66,107,-38,170,145,235,-235,-277,160,-441,55,91,85,-93,4,9,10,5,3
-51,130,-18,149,148,243,-145,-325,283,-395,-92,54,-48,-156,51,9,10,5,3
-17,68,-107,127,151,247,-130,507,-107,-239,-271,-268,-130,-79,-225,9,10,5,3
-28,62,-130,111,146,249,-303,498,-165,-228,-315,-306,-124,-75,-260,9,10,5,3
-44,57,-152,18,53,409,-458,496,-213,-205,-350,-340,-119,-75,-296,9,10,5,3
-58,48,-169,-16,-5,394,-592,511,-257,-175,-381,-373,-120,-61,-327,9,10,5,3
153,-138,13,-31,-59,361,-212,-226,58,-30,321,-249,58,-14,1,9,10,5,3
167,-147,-26,-20,-97,313,-247,-242,61,-25,344,-253,74,-3,10,9,10,5,3
175,-150,-64,-57,93,-29,-280,-262,81,-7,388,-268,86,6,6,9,10,5,3
179,-150,-92,-82,109,5,-308,-286,104,11,444,-273,100,15,-3,9,10,5,3
-90,-49,58,-107,132,50,363,550,-33,-81,-48,-60,104,-133,45,9,10,5,3
-94,-39,54,-129,161,98,313,567,-44,-79,-65,-81,95,-134,11,9,10,5,3
-97,-29,48,-157,168,-278,256,590,-58,-76,-85,-109,83,-134,-23,9,10,5,3
-100,-22,39,-177,158,-278,202,596,-61,-78,-107,-130,67,-135,-59,9,10,5,3
139,-8,194,-205,124,-234,-3,92,76,-169,209,-298,77,80,29,9,10,5,3
113,23,223,-241,86,-114,0,36,90,-149,168,-318,59,64,-15,9,10,5,3
83,55,241,-24,-62,-46,5,-18,83,-130,148,-330,48,48,-48,9,10,5,3
55,85,248,-10,-53,-39,28,-52,84,-124,133,-329,34,29,-67,9,10,5,3
-71,-104,76,-4,-37,-28,-119,317,289,28,0,4,200,79,200,9,10,5,3
-36,-87,84,-5,-24,-14,-154,350,216,21,-68,39,200,86,200,9,10,5,3
-7,-71,95,-119,-13,-24,-180,412,157,26,-146,85,201,89,194,9,10,5,3
8,-56,108,-118,-15,-64,-194,492,114,49,-202,104,199,76,195,9,10,5,3
111,44,-186,-119,-20,-103,249,-499,-193,-58,45,401,21,63,358,9,10,5,3
148,111,-156,-122,-29,-137,203,-347,-172,-77,73,366,-6,114,265,9,10,5,3
181,173,-115,-153,32,-54,122,-109,-64,-81,90,297,-27,159,188,9,10,5,3
199,203,-72,-147,9,-20,-36,108,49,-101,76,249,-35,150,127,9,10,5,3
51,100,30,-138,-13,15,235,-8,67,62,-172,-67,-124,59,9,9,10,5,3
50,103,30,-35,-88,48,318,-8,81,169,-70,-7,-126,53,38,9,10,5,3
46,104,27,-23,-166,60,394,8,100,182,-71,53,-115,54,80,9,10,5,3
40,103,22,-23,-175,73,448,32,113,189,-63,125,-90,52,118,9,10,5,3
38,-85,49,-18,-183,87,-590,-452,11,149,73,-115,-28,167,-39,9,10,5,3
49,-83,53,-11,-189,106,-455,-480,46,127,112,-153,-26,161,-82,9,10,5,3
61,-80,49,52,-171,292,-303,-565,80,89,160,-187,-21,155,-129,9,10,5,3
69,-78,39,25,-127,268,-102,-642,53,34,217,-218,-8,145,-181,9,10,5,3
-60,-5,169,5,-78,261,123,209,51,29,-361,-278,-136,-23,24,9,10,5,3
-90,0,140,0,-17,238,149,236,44,49,-414,-278,-146,-33,25,9,10,5,3
-119,2,109,46,-63,-31,169,266,32,79,-465,-278,-134,-44,22,9,10,5,3
-139,6,83,61,-64,-25,170,307,39,106,-500,-277,-128,-52,15,9,10,5,3
108,72,40,80,-64,-2,-276,-899,-117,-69,133,62,-140,116,149,9,10,5,3
111,84,46,101,-70,33,-222,-932,-139,-67,148,42,-125,118,123,9,10,5,3
118,89,48,158,-105,-336,-145,-953,-155,-73,167,5,-113,123,96,9,10,5,3
125,85,45,181,-44,-220,-70,-959,-158,-78,188,-15,-106,129,66,9,10,5,3
98,-1,272,209,12,-28,-11,220,47,147,-263,-431,82,-148,-69,9,10,5,3
114,-32,255,244,26,177,-49,211,47,160,-256,-447,54,-132,-84,9,10,5,3
113,-63,227,-46,-24,46,-79,188,32,210,-254,-454,24,-123,-93,9,10,5,3
95,-93,193,-14,-63,46,-111,172,49,288,-244,-441,9,-106,-93,9,10,5,3
5,124,58,26,-84,38,505,-642,10,65,178,93,-194,-53,248,9,10,5,3
0,110,66,61,-89,28,532,-617,-20,-200,111,-142,-192,-54,232,9,10,5,3
-8,94,79,149,-10,-351,565,-592,-46,-259,87,-175,-184,-57,208,9,10,5,3
-15,83,95,145,-16,-390,596,-567,-57,-314,56,-209,-173,-56,178,9,10,5,3
-109,-60,200,138,-17,-422,238,-56,110,-358,19,-248,187,-117,113,9,10,5,3
-90,-60,218,125,-6,-437,169,-29,103,315,175,-305,174,-111,77,9,10,5,3
-69,-57,226,-58,31,-9,91,-11,94,357,467,-264,155,-104,33,9,10,5,3
-45,-49,218,-49,25,-6,7,0,80,-52,182,-146,134,-93,-11,9,10,5,3
-120,138,64,-23,17,2,416,-157,294,-338,146,-224,-27,-229,140,9,10,5,3
-100,110,86,5,7,9,483,-194,190,-220,359,-169,-9,-219,148,9,10,5,3
-79,88,103,-36,200,37,564,-221,109,-162,13,-103,5,-204,157,9,10,5,3
-61,74,117,-32,194,10,642,-214,58,-177,-12,-125,13,-193,172,9,10,5,3
40,-162,-149,-26,188,-13,-809,-107,-97,-195,-46,-137,62,-35,426,9,10,5,3
89,-246,-152,-19,184,-36,-642,-47,-253,-210,-88,-155,125,-16,324,9,10,5,3
131,-325,-127,119,78,15,-358,-49,-230,52,5,-239,203,-3,208,9,10,5,3
156,-368,-76,96,81,-22,-38,-23,-63,49,32,-236,243,25,112,9,10,5,3
50,-45,-32,87,73,-41,-123,-215,43,46,73,-228,53,41,-51,9,10,5,3
45,-51,-35,76,66,-53,-174,-248,44,49,110,-226,52,54,-34,9,10,5,3
44,-56,-39,-97,158,195,-222,-293,60,-348,-36,-15,52,57,-4,9,10,5,3
46,-57,-42,-100,149,189,-250,-349,64,-399,-63,-8,54,47,31,9,10,5,3
-142,-51,-23,-109,138,182,-38,620,-158,-407,-89,9,83,-130,-93,9,10,5,3
-140,-55,-43,-120,128,178,-101,547,-144,-391,-111,42,79,-130,-120,9,10,5,3
-135,-60,-59,-224,187,342,-213,457,-146,-174,219,177,72,-130,-145,9,10,5,3
-130,-67,-73,-192,181,354,-331,361,-139,-200,239,125,63,-132,-169,9,10,5,3
15,117,70,-136,148,348,85,-134,44,-220,257,74,-9,42,-40,9,10,5,3
37,128,29,-71,106,326,88,-142,49,-227,279,31,9,53,-24,9,10,5,3
61,138,-13,-7,-11,0,94,-170,58,187,-516,223,27,66,-10,9,10,5,3
83,141,-56,-150,8,104,0,75,406,219,-631,188,178,122,91,9,10,5,3
-40,-11,83,-170,22,128,-25,146,358,278,-670,132,161,163,70,9,10,5,3
-53,-8,81,-191,41,148,-69,241,297,223,-93,-112,134,190,57,9,10,5,3
-64,-8,84,-210,59,162,-122,355,221,230,-82,-148,106,201,52,9,10,5,3
-71,-11,89,-29,-323,130,223,-304,-467,240,-72,-174,-121,125,393,9,10,5,3
118,68,101,-34,-351,344,104,-11,-343,257,-71,-190,-174,170,278,9,10,5,3
95,73,108,-87,-334,442,38,197,-137,24,-2,-210,-199,180,180,9,10,5,3
73,74,112,-125,-291,474,2,350,4,12,-13,-216,-193,177,119,9,10,5,3
58,68,108,52,-8,-35,546,-117,69,5,-27,-211,-169,25,-2,9,10,5,3
-11,-75,48,66,-18,-37,566,-59,56,-20,-55,-213,-129,10,47,9,10,5,3
-9,-76,60,78,-29,-30,518,18,43,116,-169,-47,-67,-12,110,9,10,5,3
-13,-66,70,84,-46,-23,424,102,58,177,-207,-25,3,-31,173,9,10,5,3
-17,-51,80,0,-203,-128,-272,-615,-182,221,-224,4,12,168,-170,9,10,5,3
95,68,-212,-6,-206,-163,-45,-659,-196,247,-211,21,13,158,-209,9,10,5,3
72,74,-205,-13,-205,-196,197,-682,-201,-122,-351,90,10,151,-247,9,10,5,3
24,105,-208,-20,-204,-225,416,-640,-222,-140,-378,35,13,140,-286,9,10,5,3
-42,171,-203,50,-96,-59,182,293,61,-145,-383,5,-107,-51,54,9,10,5,3
-119,15,33,81,-75,-26,212,311,63,-132,-367,-6,-70,-101,14,9,10,5,3
-90,26,59,98,-61,3,234,333,66,51,494,82,-50,-67,58,9,10,5,3
-65,32,81,109,-56,33,236,335,72,-111,390,23,-26,-26,103,9,10,5,3
-39,39,100,186,-119,169,-356,-868,-166,-209,298,-47,0,18,145,9,10,5,3
83,74,37,183,-109,164,-300,-879,-156,-243,213,-88,-122,90,-151,9,10,5,3
76,74,7,175,-102,155,-237,-871,-139,-439,377,86,-122,101,-189,9,10,5,3
65,77,-21,168,-97,137,-157,-848,-131,-406,347,339,-116,109,-230,9,10,5,3
48,80,-48,-103,-122,63,12,-18,103,-381,258,529,-98,116,-271,9,10,5,3
-6,-243,11,-62,-133,37,-10,51,76,-352,121,617,8,-50,-80,9,10,5,3
-14,-244,4,-35,-91,-32,-35,96,50,180,118,128,14,-80,-54,9,10,5,3
-19,-237,-3,-23,-76,-78,-60,126,20,20,220,230,23,-107,-35,9,10,5,3
-23,-226,-14,214,-30,183,355,-736,75,-70,329,213,38,-127,-19,9,10,5,3
37,137,172,208,-27,196,382,-761,72,-140,390,167,-106,-55,62,9,10,5,3
38,145,175,207,-29,214,415,-746,52,-175,1,-300,-103,-62,22,9,10,5,3
35,147,174,208,-23,226,447,-711,3,-167,-28,-330,-102,-65,-15,9,10,5,3
29,147,174,49,42,303,327,-340,138,-161,-57,-365,-106,-71,-53,9,10,5,3
-20,-82,151,0,-4,284,301,-265,115,-164,-84,-409,134,-51,34,9,10,5,3
-7,-54,154,-45,-45,262,260,-189,85,264,353,-299,115,-22,-6,9,10,5,3
4,-30,153,-84,-78,234,211,-121,61,284,380,-309,91,-16,-37,9,10,5,3
17,-14,142,107,59,14,-68,-215,167,322,398,-315,66,0,-61,9,10,5,3
-58,36,89,110,80,16,-1,-239,264,-122,128,27,30,-161,185,9,10,5,3
-52,39,83,111,99,29,53,-249,357,-116,138,26,31,-157,197,9,10,5,3
-46,49,74,47,137,-29,237,343,-55,-113,140,39,27,-157,214,9,10,5,3
-41,61,65,57,138,-65,145,380,-45,-113,130,60,17,-158,229,9,10,5,3
37,-259,-172,62,140,-99,21,382,-55,122,444,351,95,41,466,9,10,5,3
56,-345,-150,65,144,-129,-106,378,-80,183,450,229,170,52,326,9,10,5,3
55,-388,-105,77,88,-78,-39,-89,16,215,450,127,207,77,190,9,10,5,3
35,-381,-58,83,107,-79,-16,-85,29,216,452,53,252,81,119,9,10,5,3
92,0,36,83,116,-68,-15,-96,45,-470,-316,204,58,-18,69,9,10,5,3
74,15,32,88,124,-43,-32,-122,57,-306,-352,145,59,-63,109,9,10,5,3
60,30,35,-313,119,137,450,495,22,-112,-391,97,46,-97,127,9,10,5,3
-81,4,156,-313,137,167,409,483,-6,-42,-137,-98,155,-45,11,9,10,5,3
-81,6,153,-306,153,189,372,488,-27,-11,-133,-113,148,-60,-7,9,10,5,3
-79,10,145,-238,30,-108,-90,-425,296,13,-129,-125,146,-75,-25,9,10,5,3
183,-115,-60,-260,-8,-28,-57,-328,52,13,303,-13,79,96,51,9,10,5,3
190,-87,-72,-285,-40,76,-90,-185,-70,8,348,-60,70,112,48,9,10,5,3
194,-58,-84,-14,5,21,211,-204,67,-3,361,-102,61,136,36,9,10,5,3
87,40,-106,5,-8,30,463,-365,133,365,-307,129,66,-63,181,9,10,5,3
70,22,-101,-10,-3,55,467,-354,178,41,-101,12,90,-60,168,9,10,5,3
52,9,-90,-32,0,78,426,-320,228,27,-166,16,112,-44,152,9,10,5,3
-26,-86,92,-203,-96,-52,-779,148,-187,21,-217,26,134,-15,136,9,10,5,3
-14,-81,66,-208,-90,-93,-722,-40,-172,23,-246,46,191,61,-190,9,10,5,3
-9,-78,46,-212,-88,-136,-582,-254,-169,-95,-26,204,-152,50,218,9,10,5,3
-5,-78,35,-217,-89,-180,-401,-459,-107,-105,-15,169,-197,57,153,9,10,5,3
-13,111,174,-32,22,44,91,53,60,-120,-16,140,-217,58,115,9,10,5,3
-21,120,163,-18,15,41,97,54,45,-146,-16,110,-214,76,91,9,10,5,3
-29,133,146,-11,9,34,114,57,43,243,-36,-20,-111,8,21,9,10,5,3
-38,145,128,-25,0,44,139,71,45,316,-68,60,-95,1,62,9,10,5,3
12,59,-43,-63,-180,102,-244,-11,289,346,-51,166,-66,-5,104,9,10,5,3
-10,57,-45,-56,-188,110,-336,-52,211,389,90,240,-34,-7,135,9,10,5,3
-27,46,-44,-42,-191,112,-424,-91,114,151,117,-99,-103,119,10,9,10,5,3
-40,28,-41,-22,-187,112,-483,-115,17,133,152,-125,-91,114,-26,9,10,5,3
4,68,-196,151,-126,-49,421,289,44,105,193,-147,-80,109,-62,9,10,5,3
-69,94,-189,190,-127,138,449,173,-154,77,236,-173,-72,105,-95,9,10,5,3
-141,128,-158,197,-169,285,350,96,-187,67,-261,-169,-25,-131,34,9,10,5,3
-186,150,-101,177,-236,349,143,-26,-87,185,-179,-293,-13,-106,15,9,10,5,3
-117,-31,36,-22,-90,-25,-91,158,74,196,-187,-319,-5,-83,2,9,10,5,3
-119,-33,35,-30,-106,-14,-74,180,62,213,-192,-325,-4,-68,-3,9,10,5,3
-121,-34,32,-35,-122,-4,-66,223,67,240,-182,-320,-104,32,39,9,10,5,3
-121,-32,29,-37,-135,3,-52,279,68,118,231,-1,-128,0,60,9,10,5,3
44,99,44,181,33,192,184,-723,-30,140,244,22,-147,-33,78,9,10,5,3
52,106,44,175,7,181,224,-707,-31,148,244,41,-155,-63,93,9,10,5,3
60,115,45,170,-18,166,258,-685,-26,151,239,62,-24,201,-372,9,10,5,3
67,122,46,165,-42,147,284,-668,-33,495,-112,164,0,210,-148,9,10,5,3
45,-30,293,-75,-75,144,106,-127,97,559,-75,129,-44,150,171,9,10,5,3
0,-145,-46,-69,-68,64,61,-85,83,604,-26,104,28,-10,-90,9,10,5,3
-23,-149,-79,-59,-67,-2,13,-31,52,-308,-5,59,53,-5,-61,9,10,5,3
-41,-153,-108,151,58,175,382,-302,185,-313,-121,67,82,12,-32,9,10,5,3
-52,-153,-130,168,42,172,468,-380,106,-289,-252,121,103,24,-2,9,10,5,3
-82,147,73,180,31,167,533,-446,26,-244,-390,103,-82,-122,-40,9,10,5,3
-84,147,56,187,26,162,589,-511,-34,-190,-289,-357,-83,-111,-62,9,10,5,3
-84,147,32,10,259,242,-299,92,-263,-184,-313,-389,-81,-103,-85,9,10,5,3
-84,143,2,57,276,307,-20,-96,-40,-196,-317,-390,-84,-90,-108,9,10,5,3
-5,-6,77,93,262,319,156,-259,121,-209,-259,-333,39,6,-86,9,10,5,3
-1,-21,61,100,223,314,280,-356,144,33,343,-217,27,17,-78,9,10,5,3
-2,-50,47,28,21,5,-461,-210,116,6,390,-223,31,13,-62,9,10,5,3
-7,-85,35,40,27,16,-493,-214,116,-13,436,-221,33,13,-45,9,10,5,3
53,0,2,46,37,24,-514,-224,106,-32,466,-211,89,-120,219,9,10,5,3
45,4,10,51,52,31,-489,-239,81,-93,-14,47,91,-128,228,9,10,5,3
38,11,19,53,144,32,125,393,-100,-104,9,22,88,-136,237,9,10,5,3
34,18,25,46,148,0,16,400,-125,-126,22,-6,87,-143,242,9,10,5,3
142,-330,-174,38,156,-33,-109,387,-143,-151,30,-31,1,-39,378,9,10,5,3
192,-385,-138,27,168,-68,-240,368,-168,47,182,-98,44,-7,258,9,10,5,3
213,-396,-97,25,155,-25,68,-182,79,88,170,-149,75,11,156,9,10,5,3
202,-374,-51,-6,138,-22,93,-183,80,123,154,-197,92,20,86,9,10,5,3
47,-107,101,-31,119,-15,103,-183,84,137,135,-229,74,84,153,9,10,5,3
37,-122,113,-47,102,-10,101,-180,86,-44,-151,-128,71,70,149,9,10,5,3
24,-135,118,-101,-1,65,-33,80,185,-57,-124,-120,64,55,131,9,10,5,3
8,-151,118,-125,19,80,-21,152,176,-66,-107,-105,54,39,103,9,10,5,3
-90,10,66,-147,41,92,-10,228,170,-73,-114,-91,165,16,-77,9,10,5,3
-80,0,64,-164,66,103,5,308,176,379,53,-381,163,7,-111,9,10,5,3
-71,-12,55,-345,-115,339,26,185,-2,384,106,-378,166,2,-146,9,10,5,3
-65,-25,37,-380,-102,392,26,442,157,305,146,-314,169,0,-182,9,10,5,3
-21,11,150,-351,-100,427,-4,528,177,165,150,-100,-32,36,-37,9,10,5,3
-12,41,127,-266,-99,442,-28,460,107,119,-129,-63,-23,33,18,9,10,5,3
2,74,106,-96,-33,65,418,-271,33,136,-215,-49,-20,48,64,9,10,5,3
22,106,87,-123,-34,53,362,-214,16,73,-289,11,-27,60,92,9,10,5,3
-43,107,8,-138,-33,31,251,-124,34,88,-286,101,20,183,96,9,10,5,3
-51,99,25,-145,-32,2,108,-40,100,32,-135,24,20,192,110,9,10,5,3
-63,101,44,-96,-210,62,-441,-255,42,32,-141,18,20,201,130,9,10,5,3
-73,110,74,-88,-198,27,-360,-378,38,36,-136,0,26,200,157,9,10,5,3
-132,235,-320,-83,-190,-9,-233,-486,28,39,-119,-16,-297,-29,367,9,10,5,3
-144,289,-287,-81,-183,-48,-73,-567,1,984,2577,-2747,-307,-87,274,9,10,5,3
-128,302,-254,-255,-222,-117,104,120,41,235,-194,-284,-304,-119,181,9,10,5,3
-531,2387,-49,-239,-216,-146,147,146,45,239,-240,-329,-293,-125,110,9,10,5,3
116,8,185,-219,-206,-164,195,181,47,236,-296,-341,82,153,98,9,10,5,3
143,-14,184,-195,-196,-175,241,221,40,239,-336,-312,68,162,96,9,10,5,3
160,-28,178,7,-151,164,-720,-625,-129,113,167,35,39,167,103,9,10,5,3
165,-28,171,25,-164,174,-721,-692,-164,98,182,31,2,162,116,9,10,5,3
62,-52,-203,43,-173,182,-727,-741,-181,83,192,12,-111,138,-119,9,10,5,3
82,-46,-204,61,-182,184,-709,-757,-190,74,194,3,-123,132,-124,9,10,5,3
100,-33,-208,79,139,256,-333,18,95,264,-146,-74,-142,119,-124,9,10,5,3
108,-18,-214,-16,130,187,-232,13,47,228,-93,-135,-158,100,-121,9,10,5,3
-84,58,10,-86,115,134,-151,11,36,188,-49,-193,55,-206,42,9,10,5,3
18,23,55,-139,118,88,-76,18,43,146,-17,-245,79,-202,39,9,10,5,3
29,25,71,210,-1,111,-30,-119,401,-142,4,7,95,-199,22,9,10,5,3
34,29,81,214,-11,130,64,-186,315,-59,82,2,112,-176,2,9,10,5,3
41,36,83,218,-29,144,167,-285,246,1,152,0,-174,-100,-16,9,10,5,3
60,127,-55,221,-45,148,262,-395,190,39,215,2,-171,-94,-56,9,10,5,3
47,130,-67,147,228,115,-106,255,-139,345,-102,291,-169,-79,-90,9,10,5,3
30,131,-86,168,225,207,-61,90,-53,329,85,-215,87,-75,90,9,10,5,3
6,129,-111,180,205,253,32,-119,87,269,108,-235,85,-67,71,9,10,5,3
-81,-60,-40,160,176,285,90,-295,109,217,116,-266,85,-51,40,9,10,5,3
-77,-60,-53,56,-46,22,-592,92,120,169,118,-302,85,-45,2,9,10,5,3
-78,-60,-58,76,-49,24,-662,81,117,-234,-333,-46,-49,-18,56,9,10,5,3
-79,-60,-58,92,-44,28,-669,18,83,-159,-290,-85,-26,-47,70,9,10,5,3
30,34,45,108,-35,34,-604,-58,38,-89,-228,-93,-8,-74,76,9,10,5,3
29,52,71,118,117,158,659,245,-78,-26,-151,-62,11,-101,75,9,10,5,3
24,72,100,119,103,109,604,335,-93,-30,-306,-308,-45,-158,-255,9,10,5,3
12,95,128,123,95,57,504,452,-118,-19,-312,-313,-58,-161,-257,9,10,5,3
-87,-158,91,-7,-151,53,-33,11,70,-3,-308,-303,-98,-138,-227,9,10,5,3
-75,-169,93,40,-120,49,-87,-13,59,-68,187,-266,60,15,-29,9,10,5,3
-56,-183,95,77,-67,37,-125,-38,57,-72,203,-270,66,17,-12,9,10,5,3
57,-76,16,-22,-8,-1,-283,-469,143,-81,227,-272,72,21,4,9,10,5,3
50,-67,6,-22,1,-6,332,49,365,340,-341,-65,82,-179,69,9,10,5,3
40,-58,0,-20,13,-5,416,178,480,335,-211,-58,126,-182,109,9,10,5,3
-747,2523,-813,-21,31,-1,429,274,480,296,-93,-21,176,-172,154,9,10,5,3
-126,32,0,-50,157,-146,-2262,-3283,-1832,204,-28,6,213,-148,183,9,10,5,3
-139,29,-16,-66,153,-173,-148,-465,-134,272,-83,-87,112,-51,-14,9,10,5,3
-147,22,-29,-88,148,-196,-183,-484,100,227,-120,98,57,-40,256,9,10,5,3
-152,14,-42,-114,141,-215,-372,-458,346,187,-120,291,40,25,464,9,10,5,3
121,94,171,-101,46,43,-442,-498,522,177,-78,417,44,116,550,9,10,5,3
117,103,158,-95,41,52,261,-412,80,140,-171,253,21,-6,111,9,10,5,3
114,109,141,-87,30,49,281,-432,69,225,-254,224,57,-37,129,9,10,5,3
1766,-545,1779,-74,15,39,296,-437,61,281,-301,173,93,-51,126,9,10,5,3
-44,-3,68,-227,-39,142,303,-420,57,319,-304,132,121,-54,103,9,10,5,3
-51,-4,57,-222,-33,123,-515,-116,-43,159,123,-160,110,103,-117,9,10,5,3
-54,-8,48,-219,-29,101,-408,-256,-54,150,130,-167,113,99,-141,9,10,5,3
-57,-12,40,-219,-24,78,-321,-404,-78,153,143,-177,114,96,-162,9,10,5,3
-27,0,118,-83,83,-32,85,-11,43,72,3,-307,-104,47,-111,9,10,5,3
-21,-25,129,-5,-41,9,84,16,37,46,-17,-299,-100,39,-98,9,10,5,3
-16,-37,127,21,-54,15,89,36,36,9,-43,-289,-103,31,-75,9,10,5,3
309,386,-1827,48,-61,20,105,41,46,-23,-63,-270,-118,30,-48,9,10,5,3
114,-44,156,70,-61,27,-210,37,265,109,-169,-103,-189,93,6,9,10,5,3
109,-35,142,68,-197,95,-361,28,211,165,-184,-118,-180,87,7,9,10,5,3
103,-34,127,86,-207,111,-453,38,137,206,-178,-115,-166,95,24,9,10,5,3
95,-39,113,95,-217,122,-590,52,31,232,-156,-96,-141,110,56,9,10,5,3
-163,437,-79,97,-223,128,-285,169,3,-15,-482,139,-171,-160,52,9,10,5,3
-191,445,-70,-194,35,-9,-429,194,104,3,-508,40,-183,-184,22,9,10,5,3
-177,418,-68,-155,1,-51,-483,234,133,-8,-505,-46,-180,-194,28,9,10,5,3
3498,-1223,325,-125,-29,-92,-467,215,118,-12,-486,-93,-181,-198,53,9,10,5,3
58,3,-51,-111,-66,-100,-294,-34,453,-392,104,-18,-119,112,124,9,10,5,3
66,-2,-43,118,-224,187,-278,-79,504,-399,-7,-48,-158,65,120,9,10,5,3
60,-6,-32,125,-213,198,-251,-108,475,-322,-66,-27,-177,20,109,9,10,5,3
36,-9,-23,135,-194,210,-208,-124,403,-192,-65,3,-182,-24,98,9,10,5,3
105,61,-102,145,-172,220,450,627,-252,-354,-135,-216,-104,8,-218,9,10,5,3
104,70,-104,305,66,287,180,784,-219,-340,-184,-229,-76,40,-191,9,10,5,3
98,77,-107,264,51,313,-46,838,19,-267,-209,-191,-30,74,-97,9,10,5,3
-68,2,99,193,38,343,-222,166,61,206,255,-297,-6,-61,-11,9,10,5,3
-91,-19,69,98,23,334,-243,205,69,257,243,-307,-5,-70,8,9,10,5,3
-108,-38,38,55,68,25,-265,238,74,300,238,-297,4,-81,17,9,10,5,3
-122,-53,7,66,71,27,-274,259,69,341,247,-284,22,-85,16,9,10,5,3
7,36,150,80,72,30,610,-579,16,-82,107,49,-43,-144,196,9,10,5,3
7,32,156,132,100,1,617,-571,-19,-95,80,43,-45,-148,177,9,10,5,3
8,28,158,138,88,-33,618,-558,-63,-108,57,37,-49,-150,153,9,10,5,3
11,28,157,144,78,-68,627,-536,-92,-118,34,21,-53,-151,127,9,10,5,3
-36,-111,6,151,71,-104,175,-19,96,166,25,-103,138,-37,69,9,10,5,3
-28,-101,22,-2,-6,13,116,8,84,138,8,-113,125,-4,58,9,10,5,3
-21,-89,40,10,22,34,64,15,78,112,-2,-109,113,14,42,9,10,5,3
-15,-77,60,21,49,47,10,11,69,83,-8,-104,114,12,22,9,10,5,3
-73,24,92,35,63,62,44,-149,365,-45,-390,80,-46,-122,165,9,10,5,3
-91,43,97,99,255,147,117,-129,462,28,-363,30,-31,-139,175,9,10,5,3
-106,54,100,91,251,143,173,-94,486,83,-292,23,-4,-155,182,9,10,5,3
-116,54,101,76,243,141,211,-50,463,128,-223,36,23,-165,180,9,10,5,3
53,-180,-227,56,233,139,-632,-234,-408,173,-3,514,0,-88,509,9,10,5,3
187,-246,-180,92,8,248,-280,-183,-359,199,37,432,61,-42,370,9,10,5,3
278,-274,-128,136,-48,200,78,-112,-165,199,76,338,102,0,240,9,10,5,3
292,-257,-86,178,-76,141,369,44,34,171,133,250,145,45,143,9,10,5,3
76,12,-89,200,-45,105,-31,-476,121,-202,-188,-40,-10,92,6,9,10,5,3
63,3,-82,-51,107,48,-28,-520,130,-231,-207,101,3,76,34,9,10,5,3
51,-4,-77,-60,106,46,-30,-574,129,-81,-318,221,13,42,65,9,10,5,3
39,-12,-69,-75,99,50,-8,-613,118,7,-401,240,25,3,94,9,10,5,3
-64,-86,118,-91,95,64,-425,429,-105,125,-69,-166,139,71,-99,9,10,5,3
-50,-88,103,-190,12,-240,-495,298,-107,160,-54,-178,136,65,-124,9,10,5,3
-35,-89,85,-188,-7,-229,-559,171,-86,197,-27,-187,137,59,-146,9,10,5,3
-20,-88,66,-190,-38,-182,-577,85,-92,238,0,-187,143,53,-164,9,10,5,3
-15,106,115,-199,-79,-95,133,-62,62,-179,-136,-229,-32,95,2,9,10,5,3
-2,114,89,-1,-66,4,148,-82,59,-271,-314,-159,-45,96,22,9,10,5,3
9,120,58,0,-53,8,168,-80,66,-277,-323,-160,-61,83,37,9,10,5,3
20,124,24,-2,-40,12,168,-67,68,-219,-283,-121,-80,73,48,9,10,5,3
7,54,-19,-9,-28,19,-307,276,107,4,-84,-38,-7,184,108,9,10,5,3
-18,45,-27,-52,-221,146,-360,303,99,92,10,4,-3,198,112,9,10,5,3
-37,29,-31,-56,-213,137,-403,349,79,86,36,-27,-2,215,121,9,10,5,3
-47,10,-28,-60,-206,123,-445,397,64,78,59,-56,-2,225,134,9,10,5,3
108,241,-62,-65,-200,105,-662,67,172,79,83,-84,-235,-117,231,9,10,5,3
127,224,13,-58,1,27,-574,50,153,-147,28,-221,-233,-124,238,9,10,5,3
128,210,88,57,-85,-88,-465,29,128,-122,29,-260,-227,-130,240,9,10,5,3
115,199,149,71,-88,-71,-353,0,107,-92,18,-285,-210,-140,225,9,10,5,3
-38,82,18,80,-99,-54,259,476,147,-72,-3,-288,-56,30,155,9,10,5,3
-35,80,32,86,-115,-31,241,506,142,-126,-24,-105,-53,68,174,9,10,5,3
-29,78,48,225,-132,141,192,518,123,-108,-42,-81,-52,93,166,9,10,5,3
-19,73,67,253,-115,160,126,506,103,-60,-26,-61,-51,105,132,9,10,5,3
6,107,-41,274,-100,176,679,1103,-249,0,10,-52,-117,135,-398,9,10,5,3
-487,-11,-127,254,-181,413,419,1387,59,561,-236,23,-65,209,-360,9,10,5,3
-446,3,-110,193,-154,451,437,1182,325,566,-170,21,-42,210,-220,9,10,5,3
-398,36,-86,125,-120,454,-166,228,52,545,-124,13,-7,-43,-23,9,10,5,3
-357,72,-48,58,-91,437,-170,271,44,495,-102,-16,10,-48,5,9,10,5,3
-14,8,-58,92,-41,82,-180,298,48,-346,-3,9,32,-60,28,9,10,5,3
9,25,-44,98,-34,66,-194,313,57,-293,-55,-60,52,-65,43,9,10,5,3
25,48,-29,99,-27,53,357,-615,9,-223,-90,-116,-68,-193,122,9,10,5,3
34,69,-13,99,-23,48,400,-602,-5,-145,-112,-119,-63,-199,116,9,10,5,3
-4,124,28,138,126,-153,440,-588,-11,-83,-170,-299,-57,-200,107,9,10,5,3
-12,122,7,137,127,-170,481,-562,-8,-36,-154,-361,-49,-198,97,9,10,5,3
-22,116,-13,136,124,-183,323,-184,114,6,-122,-398,111,-6,121,9,10,5,3
-34,109,-36,139,114,-197,236,-113,100,50,-82,-395,117,-7,115,9,10,5,3
57,-214,-4,46,95,28,155,-49,84,-55,407,-213,114,0,99,9,10,5,3
74,-214,-19,35,110,27,83,-2,78,-54,422,-212,128,5,72,9,10,5,3
90,-207,-37,11,118,18,-289,-208,125,-65,436,-220,14,-85,179,9,10,5,3
100,-194,-53,-12,115,9,-281,-208,117,-80,450,-230,20,-86,144,9,10,5,3
35,96,16,-78,211,110,-262,-207,114,-116,-98,4,27,-79,100,9,10,5,3
22,98,20,-88,214,120,-228,-198,125,-89,-110,1,43,-69,61,9,10,5,3
10,93,28,-93,217,129,-364,135,-116,-71,-124,0,165,-88,-158,9,10,5,3
309,-24,-127,-179,160,238,-434,-10,-118,-100,238,258,36,292,154,9,10,5,3
334,-45,-81,-140,190,243,-549,-258,-82,-133,270,153,20,324,124,9,10,5,3
304,-60,-47,-95,192,236,56,-165,39,-155,292,24,6,339,96,9,10,5,3
-1391,3246,-888,-50,163,230,55,-179,45,-165,307,-79,-5,337,72,9,10,5,3
-45,-117,82,69,-17,59,48,-210,67,277,-285,219,0,-29,92,9,10,5,3
-52,-135,77,56,-7,67,54,-241,80,321,-327,170,15,-69,100,9,10,5,3
-57,-148,70,40,5,72,30,684,0,327,-315,117,29,-95,98,9,10,5,3
-68,-160,67,26,27,76,41,795,26,352,-279,70,36,-113,88,9,10,5,3
-134,-74,-130,-136,156,-226,83,878,37,345,246,0,140,-194,-82,9,10,5,3
-126,-82,-146,-135,153,-248,133,953,4,212,242,130,127,-205,65,9,10,5,3
-100,-88,-157,-137,136,-244,-8,58,99,69,222,243,132,-133,223,9,10,5,3
120,-17,50,-42,-36,-14,9,40,86,-390,-199,-336,-76,69,-25,9,10,5,3
99,20,-97,-45,-27,-7,21,29,69,-425,-229,-328,-84,73,-23,9,10,5,3
87,13,-85,-38,-32,-12,26,23,45,-461,-251,-315,-88,75,-21,9,10,5,3
73,5,-72,-31,-37,-13,-365,386,150,-345,-187,-230,-92,64,-20,9,10,5,3
60,-7,-55,-202,-170,275,-408,422,109,158,-28,43,-2,199,151,9,10,5,3
23,-133,46,-191,-161,252,-417,475,76,175,-2,17,-3,187,126,9,10,5,3
34,-123,22,-181,-146,223,-426,545,65,188,27,-9,0,171,97,9,10,5,3
43,-112,0,-175,-131,188,-576,376,61,204,57,-41,7,154,67,9,10,5,3
50,-99,-20,1,243,147,-672,460,135,-106,5,-208,-88,-103,36,9,10,5,3
-58,54,81,7,223,72,-669,398,104,-128,20,-262,-81,-70,-7,9,10,5,3
-67,83,59,-37,183,36,-606,332,84,-157,-7,-290,-65,-40,-29,9,10,5,3
-72,109,33,-77,146,-1,315,326,85,-185,-73,-287,-47,-26,-46,9,10,5,3
-76,129,2,-152,-160,14,324,337,84,-65,42,-13,-144,89,75,9,10,5,3
-20,-19,28,-148,-170,20,325,322,88,32,54,-10,-146,97,91,9,10,5,3
-23,-19,41,-134,-177,27,304,312,128,121,79,-9,-154,108,107,9,10,5,3
-25,-17,53,-113,-184,36,588,-208,-84,181,96,-9,-170,111,122,9,10,5,3
-22,-17,63,210,-107,-140,671,-126,-136,-28,-291,220,-80,-123,339,9,10,5,3
-204,98,32,253,-80,-13,731,-8,-204,38,-334,196,-54,-171,286,9,10,5,3
-193,88,64,280,-68,132,750,247,-247,115,-355,146,-29,-229,204,9,10,5,3
-172,75,95,280,-82,247,-29,515,58,177,-365,78,-8,-280,127,9,10,5,3
-141,62,124,-2,41,18,-40,556,66,-456,384,141,-62,75,133,9,10,5,3
2,83,57,5,38,10,-52,600,82,-460,250,67,-93,80,107,9,10,5,3
-29,59,52,22,31,4,-58,636,99,-461,82,17,-117,85,87,9,10,5,3
-49,35,49,43,27,0,302,-684,-99,-437,-59,-29,-138,73,83,9,10,5,3
-55,18,50,177,-63,-186,325,-592,-115,-243,-182,-253,-135,-90,-216,9,10,5,3
-246,-66,-252,183,-54,-216,348,-509,-129,-214,-203,-272,-131,-108,-233,9,10,5,3
-300,-174,-223,190,-45,-244,379,-444,-120,-179,-223,-294,-126,-119,-246,9,10,5,3
-325,-265,-191,197,-34,-268,-82,32,74,-146,-239,-320,-124,-114,-244,9,10,5,3
-316,-303,-167,27,-46,46,-96,23,55,236,438,-261,148,-9,0,9,10,5,3
20,-39,-50,42,-38,47,-105,11,39,-500,-150,163,147,0,-5,9,10,5,3
13,-20,-48,47,-22,40,127,-88,386,-530,-206,89,137,18,-8,9,10,5,3
8,0,-50,106,189,205,167,-73,346,-500,-231,40,71,-149,159,9,10,5,3
6,22,-59,93,191,214,229,-77,304,-412,-239,13,69,-159,161,9,10,5,3
-47,133,94,84,187,223,305,-92,273,-53,-211,-239,73,-170,159,9,10,5,3
-54,137,87,79,179,230,-1097,22,336,-37,29,-21,74,-173,151,9,10,5,3
-63,138,75,61,163,309,-980,72,516,-51,75,173,61,51,87,9,10,5,3
-560,843,1059,72,98,299,-851,42,420,-26,97,300,68,40,80,9,10,5,3
104,-76,46,81,34,284,-36,-141,66,-239,290,-215,71,38,84,9,10,5,3
118,-81,42,70,-38,261,-90,-188,88,-259,308,-220,67,47,89,9,10,5,3
125,-83,36,-22,83,78,-114,-199,77,-272,319,-227,37,-94,116,9,10,5,3
125,-84,25,-16,89,84,-125,-223,84,-291,334,-245,54,-92,78,9,10,5,3
-27,19,4,-5,98,80,-130,-236,92,-98,-181,24,67,-78,40,9,10,5,3
-36,22,27,5,105,68,394,465,20,-51,-161,39,79,-59,10,9,10,5,3
-42,23,50,-56,137,-85,352,477,-3,-6,-133,40,148,-30,-123,9,10,5,3
-46,21,67,-61,139,-109,300,488,-30,25,-113,40,155,-29,-141,9,10,5,3
103,-127,-46,-69,140,-135,246,488,-56,-154,130,51,160,-27,-155,9,10,5,3
63,-143,-20,-78,142,-160,41,-37,80,-217,102,-21,159,-28,-166,9,10,5,3
50,-154,0,445,494,115,24,-60,69,-275,61,-67,-18,73,-34,9,10,5,3
60,-162,19,-63,-13,-4,15,-82,64,-318,25,-94,-12,75,-29,9,10,5,3
84,22,20,-45,-9,-4,6,-98,47,312,-195,218,-12,81,-22,9,10,5,3
76,13,32,-29,-6,-2,125,44,390,370,-226,156,-14,88,-15,9,10,5,3
57,3,40,-15,-4,-1,-212,366,120,421,-213,87,68,125,104,9,10,5,3
29,-7,36,-173,-74,148,-245,410,41,413,-172,58,83,129,108,9,10,5,3
24,-157,54,-176,-66,139,-259,464,-11,185,110,-135,97,137,118,9,10,5,3
39,-160,38,-179,-56,126,-266,543,-30,169,126,-158,106,146,131,9,10,5,3
52,-160,19,-183,-43,110,-207,358,102,152,145,-176,-226,22,19,9,10,5,3
65,-159,-1,42,124,16,-239,399,97,143,169,-198,-219,21,2,9,10,5,3
-19,118,74,22,119,-23,-203,344,112,48,-92,-180,-207,25,5,9,10,5,3
-29,143,51,-10,120,-59,-140,245,108,26,-100,-173,-193,30,15,9,10,5,3
-37,159,30,-53,114,-79,507,80,94,12,-124,-193,-15,-9,154,9,10,5,3
-40,167,14,-32,-93,0,544,87,90,2,-173,-219,5,23,141,9,10,5,3
-52,-2,-32,-38,-99,1,571,95,89,228,17,18,18,49,110,9,10,5,3
-50,-14,-35,-37,-107,10,568,106,89,208,28,28,25,65,73,9,10,5,3
-45,-31,-29,-31,-118,23,-280,-608,-99,193,35,48,-110,67,-114,9,10,5,3
-35,-48,-16,4,-221,-254,-66,-664,-121,178,41,54,-102,69,-144,9,10,5,3
-341,401,3,14,-232,-259,212,-670,-128,45,-421,125,-91,74,-172,9,10,5,3
-287,345,-11,41,-235,-241,501,-601,-124,37,-465,19,-88,85,-193,9,10,5,3
-230,299,-28,82,-227,-178,86,279,68,56,-480,-54,2,-167,-45,9,10,5,3
-189,262,-50,24,80,26,27,246,90,73,-472,-119,-11,-177,-43,9,10,5,3
117,87,95,23,95,19,-13,209,73,-118,-70,-121,-17,-180,-45,9,10,5,3
109,76,93,20,92,22,-38,201,79,-73,-108,-95,-19,-184,-50,9,10,5,3
86,58,87,16,76,31,-286,-696,107,-17,-102,-61,-131,-109,169,9,10,5,3
52,40,83,95,-135,15,-231,-710,98,41,-45,-22,-114,-111,147,9,10,5,3
52,63,-225,101,-136,-11,-165,-730,96,-422,-177,-218,-101,-113,126,9,10,5,3
60,74,-251,110,-136,-34,-105,-747,89,-407,-243,-234,-92,-113,106,9,10,5,3
66,85,-272,119,-132,-57,38,-312,53,-377,-303,-245,269,-107,134,9,10,5,3
66,96,-288,-40,-8,-46,-131,84,75,43,200,-231,244,-103,131,9,10,5,3
-6,-145,67,-17,6,-29,-140,102,91,60,222,-234,227,-78,116,9,10,5,3
-20,-132,68,-9,17,-19,-145,117,80,86,261,-246,-25,-18,126,9,10,5,3
-30,-115,75,-1,10,4,-151,122,63,126,304,-258,-74,-20,129,9,10,5,3
-35,-95,83,247,122,153,582,-604,80,-184,139,43,-101,-32,118,9,10,5,3
-1167,1765,-382,249,136,169,876,-163,-83,-182,97,54,11,-178,0,9,10,5,3
-95,174,-138,242,148,188,867,-37,-79,-174,48,54,1,-181,-26,9,10,5,3
-111,155,-146,70,334,211,800,89,-69,273,455,157,-13,-183,-52,9,10,5,3
-127,131,-163,99,341,260,692,236,-69,222,514,90,-30,-185,-77,9,10,5,3
-138,99,-190,100,316,308,-135,-126,57,164,542,4,33,20,-83,9,10,5,3
91,-128,48,69,262,350,-146,-143,65,114,535,-85,33,1,-68,9,10,5,3
86,-121,44,34,0,26,-168,-143,72,-228,-208,149,34,-10,-46,9,10,5,3
79,-111,43,40,1,39,-194,-149,89,-137,-399,224,34,-15,-20,9,10,5,3
71,-99,48,47,6,53,561,347,132,-100,-486,202,225,15,210,9,10,5,3
-28,64,99,53,13,66,666,355,92,-94,-525,138,213,7,230,9,10,5,3
-45,70,95,57,171,-209,756,360,69,310,-218,-383,209,-2,260,9,10,5,3
-66,72,95,71,178,-257,808,385,45,381,-205,-428,202,-20,282,9,10,5,3
-89,67,93,81,188,-301,487,370,22,440,-198,-455,-121,264,142,9,10,5,3
-18,-66,215,89,199,-340,406,360,16,485,-178,-484,-124,260,158,9,10,5,3
-35,-32,191,-91,20,11,364,385,31,-531,147,-306,-118,259,171,9,10,5,3
-36,2,161,-94,19,46,312,402,49,-601,112,-342,-101,248,187,9,10,5,3
-17,34,119,-88,-1,63,62,904,254,-613,47,-334,219,189,280,9,10,5,3
-6,-104,238,-244,178,200,49,1043,202,75,-162,-130,208,210,273,9,10,5,3
7,-117,208,-235,174,140,60,1151,151,109,-129,-161,197,225,262,9,10,5,3
12,-132,171,-230,170,77,49,1206,81,157,-85,-175,182,234,251,9,10,5,3
9,-139,125,-226,165,10,-107,358,77,217,-16,-189,-257,22,143,9,10,5,3
-112,-23,220,-122,159,-258,-120,282,72,-107,-383,-469,27,96,-180,9,10,5,3
-102,-19,168,-117,132,-236,-123,202,53,-195,-459,-450,-7,130,-197,9,10,5,3
-81,-1,123,-103,113,-197,-99,120,54,-195,-355,-364,-53,161,-214,9,10,5,3
-52,29,80,-87,95,-171,-1254,360,-27,-61,-86,-302,-86,169,-232,9,10,5,3
112,15,-236,21,-106,-475,-1284,283,-88,-265,253,-271,0,166,-598,9,10,5,3
135,31,-256,29,-98,-554,-1283,184,-129,-325,182,-280,6,178,-649,9,10,5,3
163,53,-269,25,-95,-617,-1268,17,-182,-396,80,-328,23,184,-691,9,10,5,3
193,81,-278,3,-95,-649,646,529,-14,-395,-82,-395,55,172,-672,9,10,5,3
-293,-242,-46,159,-155,48,791,677,-32,-124,423,198,-219,149,477,9,10,5,3
-253,-230,-48,224,-162,134,902,818,-37,-177,236,239,-248,110,478,9,10,5,3
-204,-199,-39,308,-137,199,921,939,-33,-152,121,229,-281,28,466,9,10,5,3
-157,-158,-21,382,-98,260,767,1254,-705,-60,124,224,-307,-48,453,9,10,5,3
-723,41,-19,418,-60,380,354,1578,-400,608,169,65,96,-132,289,9,10,5,3
-661,53,46,377,-15,431,71,1308,-1,566,253,70,127,-130,217,9,10,5,3
-580,59,90,305,30,461,152,824,248,521,316,98,158,-131,187,9,10,5,3
-511,61,131,232,55,461,74,-735,622,443,372,110,164,-79,172,9,10,5,3
26,-88,251,406,95,636,288,-883,599,-140,-328,290,103,-240,328,9,10,5,3
18,-77,256,381,42,596,463,-990,480,-70,-410,211,68,-237,222,9,10,5,3
0,-53,264,353,-5,531,617,-1133,344,0,-469,128,47,-245,114,9,10,5,3
-14,-16,265,322,-33,436,691,55,135,67,-506,42,21,-245,8,9,10,5,3
-30,127,369,-42,-26,-59,479,92,150,-464,486,-489,-6,98,-176,9,10,5,3
-26,143,334,-18,6,-112,337,110,127,-534,513,-501,-29,92,-224,9,10,5,3
-18,133,275,3,43,-132,282,122,89,-632,522,-499,-41,83,-250,9,10,5,3
-12,103,200,10,76,-153,539,1011,62,-629,335,-424,-7,89,-264,9,10,5,3
40,-133,-239,-124,61,-651,444,1035,0,585,56,-334,184,-9,-592,9,10,5,3
50,-132,-281,-75,121,-714,349,1052,-76,598,135,-351,171,-26,-635,9,10,5,3
66,-126,-315,-28,176,-739,253,1066,-131,576,222,-385,138,-88,-676,9,10,5,3
84,-122,-348,16,222,-733,309,-745,-60,496,282,-434,94,-156,-695,9,10,5,3
244,185,-312,-157,-161,-62,343,-845,-77,420,-273,317,320,154,628,9,10,5,3
252,183,-314,-200,-138,96,394,-920,-52,296,-56,337,274,193,619,9,10,5,3
253,163,-294,-248,-111,234,461,-934,32,195,102,297,194,241,589,9,10,5,3
244,125,-250,-283,-76,347,275,-886,-447,157,143,248,107,290,560,9,10,5,3
340,676,-207,-53,-256,316,424,-857,-547,-110,-626,106,-265,35,523,9,10,5,3
319,853,-184,-181,-211,434,695,-879,-576,-53,-644,16,-350,-28,378,9,10,5,3
256,938,-166,-243,-173,491,1042,-866,-248,5,-638,-50,-402,-72,264,9,10,5,3
173,935,-144,-166,-119,536,-335,450,579,53,-617,-97,-452,-112,196,9,10,5,3
-32,58,39,-148,-432,490,-486,330,671,27,114,338,-336,-68,445,9,10,5,3
-60,43,45,-187,-430,496,-630,201,632,1,95,287,-295,-34,410,9,10,5,3
-89,24,66,-204,-426,484,-763,82,525,-5,73,217,-279,-20,357,9,10,5,3
-92,12,90,-200,-418,457,-423,-502,-150,-9,51,137,-269,-11,287,9,10,5,3
-298,0,436,-119,5,189,-502,-663,70,218,174,-281,121,-169,-62,9,10,5,3
-232,-40,452,-116,-42,71,-471,-631,209,161,181,-343,103,-158,-111,9,10,5,3
-172,-70,442,-87,-81,-46,-414,-484,251,140,213,-402,81,-116,-165,9,10,5,3
-126,-95,411,-41,-111,-146,494,-1333,217,154,243,-470,65,-57,-211,9,10,5,3
-76,191,42,226,-21,63,592,-1271,160,99,-367,-200,-16,-181,-208,9,10,5,3
-116,203,-16,223,-9,-49,698,-1217,117,123,-282,-286,0,-183,-288,9,10,5,3
-158,216,-64,218,9,-162,821,-1158,82,121,-203,-352,33,-195,-368,9,10,5,3
-204,225,-105,205,31,-274,246,-34,74,112,-156,-399,51,-205,-443,9,10,5,3
258,-155,210,123,51,-213,84,-2,79,-446,748,-454,70,109,-233,9,10,5,3
270,-201,152,130,67,-202,-91,13,49,-257,-959,261,83,93,-262,9,10,5,3
276,-245,96,123,104,-191,-254,10,35,-121,-807,252,84,83,-293,9,10,5,3
287,-276,36,96,145,-189,425,1104,-168,31,-564,286,60,68,-309,9,10,5,3
-187,-113,-101,-235,109,-472,316,1152,-178,99,183,-2533,175,-6,-455,9,10,5,3
-169,-147,-123,-222,132,-490,183,1182,-177,-505,153,94,165,-9,-454,9,10,5,3
-146,-177,-150,-211,149,-499,-5,1164,-189,-550,105,42,142,-15,-405,9,10,5,3
-115,-200,-179,-206,156,-499,30,-375,3,-574,43,16,106,-31,-292,9,10,5,3
180,257,-59,-91,-73,-94,63,-463,6,-572,-21,-1,1,5,22,9,10,5,3
158,253,-91,-85,-81,-90,93,-560,7,170,258,92,63,7,103,9,10,5,3
125,236,-112,-90,-100,-93,122,-663,7,146,172,97,122,2,176,9,10,5,3
86,209,-118,-91,-135,-96,-472,7,44,121,94,100,158,15,232,9,10,5,3
72,-29,-82,-170,-133,9,-365,-321,65,97,29,76,-72,138,122,9,10,5,3
86,-12,-100,-182,-125,59,-184,-738,90,-316,120,162,-108,108,140,9,10,5,3
107,10,-107,-190,-112,103,57,-1041,123,-346,97,164,-137,66,164,9,10,5,3
136,40,-103,-187,-99,137,364,-29,53,-352,63,140,-158,16,183,9,10,5,3
-29,178,-21,101,31,-63,390,-13,61,-336,31,80,-51,-120,-15,9,10,5,3
-47,172,-14,88,24,-61,407,2,68,-209,-20,-32,-32,-71,48,9,10,5,3
-65,166,-5,85,6,-44,408,15,73,-133,-72,-41,-7,-12,115,9,10,5,3
-81,155,5,98,-19,-16,-733,-288,-37,-43,-85,-52,23,52,169,9,10,5,3
47,-41,15,2,-194,-69,-689,-321,-46,47,-68,-58,-132,22,-96,9,10,5,3
41,-23,-21,-2,-195,-95,-636,-339,-67,-34,-70,73,-138,29,-132,9,10,5,3
43,-8,-52,-3,-196,-120,-593,-339,-90,-23,-82,186,-155,37,-161,9,10,5,3
55,5,-76,-2,-195,-146,49,39,54,-32,-101,239,-161,56,-183,9,10,5,3
-98,72,78,11,-19,36,83,77,58,-35,-109,253,96,-177,-11,9,10,5,3
-128,52,63,9,-11,34,89,99,62,290,195,-308,79,-169,-8,9,10,5,3
-147,31,47,9,1,24,76,109,48,218,197,-211,62,-162,-6,9,10,5,3
3256,-3873,-2448,10,15,8,-93,46,451,67,196,-42,48,-145,-6,9,10,5,3
18,-32,-22,174,-9,155,-91,-8,407,-149,218,120,-131,-113,173,9,10,5,3
35,-31,-7,176,-1,163,-70,-85,342,-59,56,10,-135,-123,199,9,10,5,3
49,-35,5,180,3,174,-40,-146,272,-44,61,-13,-137,-133,218,9,10,5,3
57,-35,21,188,5,185,-468,1465,67,-40,61,-36,-136,-144,226,9,10,5,3
-312,-130,-35,343,18,342,-484,1274,311,-42,53,-56,269,-28,86,9,10,5,3
-270,-74,-4,313,-22,327,-321,980,494,-197,151,-127,280,-11,68,9,10,5,3
-233,-9,25,283,-76,341,-117,647,460,-221,130,-142,263,0,61,9,10,5,3
                                                                                                                                                                                                                                                                                                                                                                                                                                                                                                                                                                                                                                                                                                                                                                                                                                                                                                                                                                                                                                                                                                                                                                                                                                                                                                                                                                                                                                                                                                                                                                                                                                                                                                                                                                                                                                                                                                  