101,-10,-7,-120,225,-90,-710,-450,173,241,-48,175,102,-278,54,9,10,5,3
130,0,47,-76,272,-66,-766,-16,216,220,3,150,50,-261,37,9,10,5,3
148,4,98,-62,289,-49,-679,235,181,170,-19,81,51,-270,14,9,10,5,3
-274,179,-217,233,131,134,207,-32,78,-1019,321,362,116,83,290,9,10,5,3
-274,199,-208,256,104,180,144,50,94,-1006,451,247,98,38,295,9,10,5,3
-263,218,-172,265,74,223,92,146,84,-989,541,148,77,-5,305,9,10,5,3
-27,268,-232,205,82,-70,-114,-340,-23,396,-820,136,-100,45,22,9,10,5,3
-15,271,-260,219,56,-55,-76,-317,2,620,-323,12,-171,42,55,9,10,5,3
1,272,-278,244,31,-27,-38,-250,13,725,180,139,-236,73,73,9,10,5,3
20,272,-281,272,8,7,-12,-188,16,751,482,242,-246,150,75,9,10,5,3
-63,-19,180,217,-392,-55,-506,-520,68,-905,-309,-107,-239,330,18,9,10,5,3
-57,-31,189,189,-405,-34,-432,-556,85,-994,-341,-101,-186,327,30,9,10,5,3
-39,-32,204,161,-414,-10,-322,-568,162,-1113,-389,-99,-117,330,33,9,10,5,3
-10,-19,218,129,-410,9,-215,-493,262,-1188,-401,-66,-61,334,31,9,10,5,3
120,85,111,-91,-144,70,-166,-7,67,921,-415,-655,-13,79,-93,9,10,5,3
134,89,75,-53,-128,25,-194,70,56,829,-495,-638,-46,97,-122,9,10,5,3
156,94,39,-15,-117,-15,-221,170,28,705,-533,-576,-73,109,-155,9,10,5,3
182,111,-3,26,-110,-49,-245,272,-5,555,-563,-475,-95,105,-197,9,10,5,3
112,-32,6,-436,-269,-25,517,-644,216,-100,105,64,440,194,59,9,10,5,3
93,-47,-15,-446,-236,5,375,-719,244,-163,295,74,427,166,68,9,10,5,3
77,-57,-32,-466,-198,38,132,-729,239,-202,471,22,410,146,56,9,10,5,3
61,-71,-40,-497,-150,71,-173,-648,207,-201,614,-65,389,131,21,9,10,5,3
-284,-179,182,-207,241,289,-208,156,166,-216,-1045,-131,75,-95,291,9,10,5,3
-285,-162,226,-203,277,301,-219,126,180,-316,-1010,-197,109,-100,276,9,10,5,3
-278,-142,268,-196,311,308,-233,116,208,-429,-972,-272,139,-97,266,9,10,5,3
-268,-127,302,-183,339,311,-247,119,236,-538,-922,-352,165,-100,245,9,10,5,3
-8,82,-114,-3391,-3261,76,-488,-501,222,484,-481,-71,-86,-380,136,9,10,5,3
43,75,-63,335,459,7,-664,-634,215,359,-378,-24,-111,-381,149,9,10,5,3
87,80,-14,326,439,-49,-875,-689,222,220,-246,31,-135,-375,144,9,10,5,3
-93,76,94,321,420,-102,415,-26,121,193,-953,375,-230,94,-66,9,10,5,3
-107,79,99,323,404,-146,290,-15,89,-93,-836,373,-202,106,-77,9,10,5,3
-122,82,97,418,-39,558,163,-51,75,-347,-706,353,-162,102,-79,9,10,5,3
-138,79,88,431,-69,537,40,-89,66,-545,-561,333,-116,80,-63,9,10,5,3
17,302,-79,427,-93,505,-283,-131,-36,835,192,-19,-143,-90,-273,9,10,5,3
32,310,-123,418,-108,466,-301,-182,-59,843,-35,44,-119,-76,-275,9,10,5,3
36,311,-169,302,-643,111,-346,-297,-58,705,-399,50,-103,-48,-262,9,10,5,3
911,330,-3290,267,-670,111,-402,-423,-67,418,-761,-1,-110,-4,-236,9,10,5,3
-18,-5,44,233,-678,99,-363,-563,-1,-1021,-253,-351,-111,229,-151,9,10,5,3
-15,13,15,206,-671,70,-476,-597,19,-1200,-300,-351,-84,229,-163,9,10,5,3
-8,29,-8,-366,-252,342,-587,-618,36,-1323,-344,-311,-37,225,-166,9,10,5,3
-4,45,-33,-380,-250,367,-671,-597,39,-1335,-339,-238,34,222,-170,9,10,5,3
52,36,110,-369,-251,385,-149,-176,90,845,-332,-640,26,132,50,9,10,5,3
73,56,81,-339,-251,393,-191,-171,85,822,-383,-654,16,137,27,9,10,5,3
98,70,59,-7,-250,-106,-218,-148,79,794,-415,-645,12,129,5,9,10,5,3
-3982,1970,2067,-55,-271,-81,-224,-116,69,764,-442,-615,8,127,-14,9,10,5,3
10,-78,168,-103,-281,-58,-107,-653,164,-9,262,-110,217,259,-88,9,10,5,3
26,-48,158,-146,-279,-32,-165,-616,113,-1,255,-84,246,244,-97,9,10,5,3
32,-25,151,-212,-48,-56,-225,-600,72,15,247,-77,278,219,-100,9,10,5,3
25,-6,148,-196,-39,-55,-293,-594,46,33,239,-90,308,183,-103,9,10,5,3
-179,-100,153,-177,-22,-58,-299,45,253,-221,-937,1,63,-90,339,9,10,5,3
-192,-92,208,-161,-2,-61,-319,69,253,-274,-932,-35,66,-109,337,9,10,5,3
-200,-82,255,-103,144,-47,-344,115,226,-347,-927,-104,69,-127,333,9,10,5,3
-1272,811,-1040,-109,136,-79,-325,140,214,-402,-899,-170,75,-141,321,9,10,5,3
-55,43,-183,-115,126,-103,-147,-328,108,675,-23,-36,-21,-297,167,9,10,5,3
-9,75,-155,3622,-1932,2178,-217,-468,128,609,-60,16,-39,-297,196,9,10,5,3
22,107,-125,57,285,-182,-337,-595,139,507,-98,76,-26,-302,195,9,10,5,3
39,130,-96,30,264,-174,-481,-682,165,395,-138,86,-6,-308,166,9,10,5,3
-60,44,120,6,245,-168,-408,-260,96,-689,-331,312,-108,60,169,9,10,5,3
-76,23,98,-15,228,-161,-323,-175,112,-751,-239,321,-51,62,242,9,10,5,3
-94,3,78,156,18,158,-187,-66,103,-788,-111,334,-9,83,303,9,10,5,3
2906,3815,-2498,236,14,-199,-36,35,105,-797,36,356,34,104,356,9,10,5,3
-116,296,-297,240,6,-223,-229,-75,9,365,227,-26,-314,131,73,9,10,5,3
-57,289,-300,236,-1,-244,-227,28,20,324,205,-25,-335,191,101,9,10,5,3
8,287,-290,226,-7,-260,-207,113,57,206,73,171,-353,216,114,9,10,5,3
79,282,-264,289,115,6,-172,180,101,73,-170,344,-370,199,120,9,10,5,3
-38,-45,75,312,71,29,-392,-776,92,-451,-397,-191,-263,64,-26,9,10,5,3
-29,-31,67,330,17,39,-562,-758,180,-480,-428,-167,-238,88,-16,9,10,5,3
-20,-7,53,345,-38,38,-432,-905,157,-550,-474,-146,-228,115,-5,9,10,5,3
3738,-3736,-2459,142,-249,291,-262,-1041,73,-630,-550,-141,-219,145,8,9,10,5,3
195,166,244,123,-287,302,-8,-139,116,1144,147,-722,-36,209,136,9,10,5,3
204,154,266,100,-331,304,-51,-169,137,1137,92,-745,-38,213,97,9,10,5,3
209,148,286,73,-378,300,-92,-208,127,1113,53,-727,-40,221,60,9,10,5,3
216,142,302,-453,-421,-56,-145,-237,96,1078,19,-688,-44,231,27,9,10,5,3
-68,-91,2,-483,-404,-57,288,-683,203,-177,17,-114,332,253,-86,9,10,5,3
-47,-89,16,-509,-383,-55,120,-717,185,48,349,-111,330,252,-84,9,10,5,3
-30,-83,25,-527,-360,-52,-53,-731,157,49,364,-105,334,253,-68,9,10,5,3
-3858,-3695,-907,-188,58,-70,-209,-713,145,76,383,-90,341,239,-41,9,10,5,3
-33,-100,-134,-156,53,-89,57,140,76,103,419,-84,-78,-29,251,9,10,5,3
-18,-90,-110,-134,49,-112,-67,141,97,-540,-1053,-434,-110,-5,298,9,10,5,3
-7,-80,-80,-119,50,-132,-180,146,116,-620,-1013,-520,-139,6,340,9,10,5,3
0,-63,-50,-119,63,-229,-258,138,136,-695,-975,-590,-124,31,366,9,10,5,3
-238,85,-347,-124,66,-234,-539,-263,403,-758,-932,-631,67,-452,33,9,10,5,3
-205,94,-317,-140,79,-213,-599,-210,423,-26,-160,94,111,-451,43,9,10,5,3
-155,100,-287,-171,103,-171,-639,-166,413,-119,-125,83,136,-441,72,9,10,5,3
-94,100,-248,-70,208,-123,-677,-125,363,-144,-93,45,145,-420,120,9,10,5,3
34,-64,-36,-49,211,-117,67,141,10,-107,-82,-4,-302,-121,-34,9,10,5,3
26,-54,-25,-35,216,-104,106,-313,46,-601,-345,371,-321,-93,-85,9,10,5,3
18,-31,-17,-29,219,-80,132,-225,31,-678,-271,323,-318,-65,-130,9,10,5,3
10,0,-8,200,114,268,144,-122,36,-740,-211,263,-303,-39,-149,9,10,5,3
-192,104,114,193,113,243,133,-34,55,-822,-136,192,-98,-96,-97,9,10,5,3
-204,164,99,180,112,216,-55,-175,2,859,515,0,-81,-107,-136,9,10,5,3
-212,229,61,176,113,187,-31,-126,30,726,607,-208,-69,-116,-171,9,10,5,3
-210,287,5,420,59,-96,-11,-97,67,407,521,-72,-56,-119,-189,9,10,5,3
6,-160,160,426,55,-140,3,-82,93,48,312,172,-368,51,24,9,10,5,3
0,-158,174,429,55,-175,-15,-427,-46,-350,-147,-160,-355,51,15,9,10,5,3
-16,-149,186,428,61,-198,-57,-385,-22,-347,-167,-164,-342,42,2,9,10,5,3
-42,-134,191,193,-144,-4,-100,-338,4,-349,-186,-173,-346,23,-11,9,10,5,3
82,190,-119,169,-159,-19,-150,-300,38,-363,-217,-180,126,-50,332,9,10,5,3
92,171,-67,138,-175,-35,161,-270,231,1182,388,-476,103,-69,377,9,10,5,3
104,148,-14,102,-197,-44,114,-306,225,1155,334,-542,77,-74,399,9,10,5,3
118,124,37,43,-196,-208,54,-335,204,1113,277,-583,50,-74,395,9,10,5,3
-6,-101,-322,36,-198,-236,-16,-338,174,1070,215,-609,387,292,155,9,10,5,3
-39,-89,-252,28,-213,-245,-9,-522,252,254,56,53,385,313,170,9,10,5,3
-69,-83,-175,19,-243,-237,1,-451,208,250,-2,37,370,318,180,9,10,5,3
-98,-85,-92,-158,-267,-77,37,-386,171,194,13,5,181,263,-69,9,10,5,3
24,17,-32,-255,-157,-2,-328,708,155,-199,864,-185,169,273,-67,9,10,5,3
36,22,-31,-225,-152,0,-473,734,102,-265,989,-135,162,269,-66,9,10,5,3
42,18,-20,-192,-148,7,-489,682,90,-290,1098,-77,162,251,-61,9,10,5,3
49,15,0,-154,-146,17,-410,536,105,-302,1118,-14,151,-4,337,9,10,5,3
-2,-394,484,-366,206,223,-124,169,153,-559,-881,-534,172,-17,350,9,10,5,3
-93,-425,433,-365,215,187,-96,201,136,-614,-830,-525,179,-37,355,9,10,5,3
-188,-432,344,-360,221,152,-71,231,127,-647,-771,-511,182,-60,351,9,10,5,3
-259,-422,256,-348,221,118,-45,238,98,-676,-714,-495,38,-417,123,9,10,5,3
-70,104,147,-14,495,-92,-362,228,27,319,-30,-91,62,-394,112,9,10,5,3
-56,86,126,-17,461,-131,-285,272,7,328,-38,-122,78,-368,96,9,10,5,3
-37,73,108,-25,424,-163,-204,330,11,316,-32,-152,101,-336,72,9,10,5,3
-14,70,95,-39,388,-185,-108,400,2,299,-34,-160,-88,10,9,9,10,5,3
-119,-104,72,136,247,234,116,167,197,-932,-1,62,-32,11,30,9,10,5,3
-128,-102,112,139,235,270,144,199,194,-945,24,8,16,18,62,9,10,5,3
-140,-101,149,136,222,308,184,230,200,-943,65,-74,56,23,101,9,10,5,3
-154,-94,182,127,207,343,234,253,212,-943,122,-159,-98,-44,-238,9,10,5,3
117,202,-300,266,105,34,48,-199,100,42,151,125,-104,-23,-218,9,10,5,3
111,204,-239,298,100,58,20,-151,113,-143,-174,229,-129,-30,-173,9,10,5,3
100,205,-180,340,101,85,4,-60,122,-109,-523,224,-290,-70,-72,9,10,5,3
95,200,-121,392,95,116,-5,63,140,-15,-835,243,-368,128,-34,9,10,5,3
-194,-135,179,344,-176,-29,-273,-680,-29,-324,-79,-62,-377,115,-39,9,10,5,3
-189,-116,188,329,-170,-32,-342,-600,6,-309,-68,-49,-379,109,-51,9,10,5,3
-186,-89,191,313,-159,-34,-403,-490,54,-300,-64,-42,-385,100,-60,9,10,5,3
-166,-65,191,296,-142,-35,-463,-337,112,-315,-70,-46,78,-90,289,9,10,5,3
-45,177,325,-27,-258,356,-34,-239,163,888,174,-238,68,-78,291,9,10,5,3
-10,186,355,-21,-237,328,-43,-235,160,884,117,-292,48,-52,290,9,10,5,3
42,176,370,-14,-224,307,-57,-207,148,882,60,-334,23,-21,291,9,10,5,3
113,150,366,-9,-218,288,-76,-177,132,888,-5,-370,156,170,81,9,10,5,3
22,29,297,-201,-403,40,323,-188,207,145,246,0,172,157,71,9,10,5,3
6,6,312,-210,-395,45,501,-121,198,153,133,21,166,173,55,9,10,5,3
-9,-12,322,-220,-384,53,705,-106,206,124,25,32,156,207,45,9,10,5,3
-24,-28,324,-216,-368,64,870,-174,228,73,-24,14,302,128,-36,9,10,5,3
82,-34,-50,-119,-122,-27,-190,53,0,266,994,144,307,99,-33,9,10,5,3
78,-43,-65,-105,-119,-45,46,163,64,424,789,183,308,68,-27,9,10,5,3
70,-58,-74,-106,-113,-61,-67,240,86,596,529,223,306,43,-20,9,10,5,3
54,-73,-84,-118,-101,-71,-140,294,113,764,253,235,94,-106,205,9,10,5,3
51,-227,-179,-161,130,-119,-168,301,134,-530,420,-224,79,-108,155,9,10,5,3
39,-255,-231,-182,144,-160,-153,73,81,32,756,-293,67,-104,98,9,10,5,3
26,-285,-273,-196,152,-194,-487,-440,229,1,983,-133,60,-96,43,9,10,5,3
5,-313,-308,-195,148,-219,-510,-589,210,-182,903,-6,317,-253,-90,9,10,5,3
44,120,229,-248,31,-166,-562,-678,192,407,1,-176,275,-250,-97,9,10,5,3
60,99,197,-244,51,-152,-622,-679,182,413,-12,-173,236,-259,-96,9,10,5,3
79,78,160,-236,79,-140,174,263,105,423,-29,-174,186,-271,-91,9,10,5,3
93,55,125,-222,113,-128,4,194,79,437,-44,-174,-218,111,101,9,10,5,3
-30,-35,84,211,174,340,-138,108,98,-843,367,76,-145,97,167,9,10,5,3
-17,-52,99,200,183,344,-215,10,122,-845,463,31,-86,95,218,9,10,5,3
-11,-72,110,189,181,340,82,-395,-20,-835,530,-6,-44,106,247,9,10,5,3
-10,-92,121,178,172,332,15,-443,-33,-815,563,-50,-100,-10,29,9,10,5,3
94,86,-107,454,240,265,-65,-469,-37,-145,-763,-87,-155,-14,82,9,10,5,3
92,38,-41,487,225,252,-139,-478,-44,-219,-584,-139,-222,15,124,9,10,5,3
95,-4,21,502,206,220,24,383,109,-265,-368,-123,-286,70,146,9,10,5,3
98,-37,77,506,188,179,73,350,113,-313,-147,-82,-302,-79,-50,9,10,5,3
-69,-54,-73,377,-20,-4,131,293,93,-430,-527,-172,-293,-63,-49,9,10,5,3
-67,-18,-65,365,-45,-8,167,223,43,-454,-580,-155,-284,-39,-48,9,10,5,3
-58,9,-53,345,-65,-6,-117,67,45,-487,-646,-125,122,-4,225,9,10,5,3
-25,69,254,24,-295,408,-73,-63,72,863,593,-232,22,115,336,9,10,5,3
-22,62,268,16,-252,399,-39,-160,123,887,540,-323,45,122,306,9,10,5,3
-14,56,270,10,-208,382,-336,369,-29,910,481,-379,31,127,278,9,10,5,3
-6,52,269,6,-171,360,-311,410,-12,940,432,-436,24,138,247,9,10,5,3
-56,6,241,54,-536,75,-264,407,-11,125,53,22,15,327,87,9,10,5,3
-58,14,286,37,-537,64,-181,357,-30,160,52,-21,-12,333,52,9,10,5,3
-52,15,318,27,-531,50,-433,-340,-63,147,67,-46,-38,338,22,9,10,5,3
-41,17,337,24,-518,30,-512,-256,-56,97,80,-66,-60,345,-3,9,10,5,3
63,-116,16,-1,-141,75,-584,-175,-48,-424,1047,26,325,-43,55,9,10,5,3
65,-124,19,-4,-145,77,-645,-102,-61,-352,1031,87,316,-74,34,9,10,5,3
63,-131,25,-21,-147,69,-257,26,199,-221,977,148,299,-113,13,9,10,5,3
59,-136,30,-50,-148,55,-276,53,194,-46,874,220,276,-148,-4,9,10,5,3
-19,-290,-191,-182,5,-244,-288,111,195,-116,815,-252,5,-24,-283,9,10,5,3
-4,-313,-247,-179,7,-256,-281,174,188,-222,796,-22,16,-17,-239,9,10,5,3
4,-324,-304,-173,2,-252,-353,-540,198,-338,556,70,43,-40,-162,9,10,5,3
5,-299,-353,-174,-9,-226,-376,-582,194,-241,406,151,116,-63,-69,9,10,5,3
-56,164,112,-228,26,-76,-409,-557,213,107,39,-129,243,-230,-60,9,10,5,3
-48,145,83,-226,46,-70,-425,-489,238,91,33,-127,255,-218,-66,9,10,5,3
-40,130,56,-225,66,-62,769,-77,62,93,28,-111,256,-219,-63,9,10,5,3
-36,121,33,-221,83,-50,717,-33,56,116,22,-101,237,-213,-50,9,10,5,3
65,-166,-189,194,125,73,639,16,44,-567,-341,430,36,-2287,-2870,9,10,5,3
50,-191,-199,203,119,111,523,71,23,-685,-239,454,23,-1,306,9,10,5,3
38,-211,-188,214,113,144,159,-114,92,-807,-171,401,0,-29,305,9,10,5,3
28,-222,-154,224,108,173,177,-176,67,-889,-139,330,-28,-42,304,9,10,5,3
-135,-71,-359,69,191,-10,195,-219,38,284,703,-177,-45,-54,292,9,10,5,3
-95,-39,-314,114,232,54,187,-254,30,45,580,-82,-264,-192,243,9,10,5,3
-53,-4,-261,162,265,109,213,364,204,-40,179,60,-264,-193,-101,9,10,5,3
-15,19,-207,215,295,155,241,269,170,16,-357,242,-295,-193,-114,9,10,5,3
-51,-21,93,327,177,56,244,210,126,-216,-288,-76,-326,-167,-123,9,10,5,3
-61,-10,100,325,158,65,-145,-573,0,-220,-244,-68,-346,99,69,9,10,5,3
-65,0,105,323,141,69,-81,-483,13,-221,-208,-62,-326,140,69,9,10,5,3
-67,6,105,321,128,70,-30,-369,42,-223,-190,-56,-287,189,59,9,10,5,3
40,25,167,91,-219,278,-12,-260,61,735,628,-224,-241,243,47,9,10,5,3
36,26,193,78,-194,271,-153,-101,64,755,599,-295,-15,108,5,9,10,5,3
34,34,216,64,-172,261,-175,-74,48,753,582,-349,-26,102,-26,9,10,5,3
35,46,228,52,-151,247,-179,-38,30,736,556,-386,-23,91,-53,9,10,5,3
-104,38,88,202,-328,19,-187,-2,30,330,201,-19,-16,76,-78,9,10,5,3
-116,22,161,204,-323,16,-240,-878,117,216,202,-130,37,396,-18,9,10,5,3
-123,9,216,205,-323,14,-397,-806,94,74,188,-216,80,380,-1,9,10,5,3
-122,6,249,206,-329,11,-531,-703,99,-63,162,-216,108,369,9,9,10,5,3
133,-84,51,-26,-248,-18,-619,-600,59,-390,1018,31,119,366,14,9,10,5,3
135,-102,62,-26,-242,-20,218,254,53,-227,991,56,0,-135,221,9,10,5,3
133,-124,74,-38,-240,-28,109,217,61,-8,905,92,-47,-135,294,9,10,5,3
127,-148,83,-57,-242,-41,-14,167,87,237,745,104,-83,-126,340,9,10,5,3
176,-163,-108,-154,-24,-107,-126,120,116,1,567,-320,-99,-110,356,9,10,5,3
171,-199,-132,-149,-32,-123,-149,-149,132,-11,611,-190,149,-241,-2,9,10,5,3
148,-228,-154,-147,-45,-134,-259,-83,134,-162,435,-92,190,-247,38,9,10,5,3
104,-245,-180,-156,-64,-133,-348,-16,177,-273,238,-29,258,-251,91,9,10,5,3
-24,45,166,-288,-76,-150,-430,6,254,133,73,-138,338,-252,140,9,10,5,3
-30,43,148,-299,-63,-150,266,338,3,198,2,-131,199,-215,92,9,10,5,3
-34,38,138,-306,-46,-142,341,364,39,240,-58,-107,201,-227,90,9,10,5,3
-36,32,127,-307,-24,-128,424,379,62,268,-108,-88,202,-234,83,9,10,5,3
-109,-150,-287,138,296,148,513,366,67,-795,-475,413,-29,2,325,9,10,5,3
-102,-164,-265,29,286,345,160,174,170,-881,-380,379,-31,31,332,9,10,5,3
-88,-176,-223,13,265,341,155,144,166,-963,-276,313,-12,28,320,9,10,5,3
-318,273,-224,-2,245,330,158,116,165,268,-647,154,-195,-18,-197,9,10,5,3
-301,288,-263,434,375,22,-129,-4,134,387,-422,17,-216,-8,-140,9,10,5,3
-265,304,-302,489,376,79,-141,206,151,546,-3,-84,-240,-1,-82,9,10,5,3
-211,327,-351,544,372,135,-165,436,165,781,281,-71,-261,12,-33,9,10,5,3
-25,-28,42,591,354,179,-214,668,144,-373,-240,-113,-347,96,-37,9,10,5,3
-32,-20,43,322,-60,16,-560,-76,162,-394,-221,-122,-320,93,-38,9,10,5,3
-37,-16,47,299,-45,13,-577,-73,182,-422,-200,-140,-295,95,-35,9,10,5,3
-39,-13,53,277,-32,11,-621,-173,143,-454,-180,-166,-270,89,-23,9,10,5,3
60,187,217,257,-23,7,-657,-369,74,1032,590,-104,-57,123,411,9,10,5,3
75,196,261,195,-224,189,-215,-64,123,1039,533,-170,-43,148,405,9,10,5,3
93,189,303,161,-322,-192,-227,-48,88,1035,460,-239,-28,165,384,9,10,5,3
443,-108,-220,148,-325,-217,-233,-31,67,-772,-557,-177,251,148,-11,9,10,5,3
411,-162,-245,126,-332,-238,-245,-9,64,-673,-904,-160,265,130,-7,9,10,5,3
373,-240,-292,95,-342,-251,295,-708,254,-554,-1136,-224,267,117,-2,9,10,5,3
322,-312,-346,-108,-315,-163,242,-727,220,-239,-1097,-287,260,115,9,9,10,5,3
-50,28,89,-119,-317,-164,159,-738,192,322,515,-131,366,78,-16,9,10,5,3
-45,22,84,-139,-319,-158,58,-736,165,338,518,-149,362,81,-14,9,10,5,3
-36,16,77,-165,-321,-143,117,-277,52,350,511,-173,366,84,-17,9,10,5,3
42,-141,175,-295,278,337,182,-208,42,-434,-961,-20,9,-31,369,9,10,5,3
-88,-199,275,-299,281,362,203,-118,40,-869,-467,-510,17,-49,367,9,10,5,3
-96,-213,249,-297,282,382,213,-130,-6,-906,-404,-502,26,-67,351,9,10,5,3
-106,-227,219,-187,54,-69,225,-238,-24,-950,-343,-494,27,-88,325,9,10,5,3
-119,-238,185,-196,67,-17,240,-334,-48,-984,-274,-489,-63,-344,180,9,10,5,3
33,-47,103,-200,81,22,260,-380,-65,49,-132,-64,-63,-296,176,9,10,5,3
42,-73,106,-205,105,54,524,515,73,36,-111,-33,-61,-255,157,9,10,5,3
54,-89,120,-43,350,5,661,426,46,-8,-73,-13,-42,-234,132,9,10,5,3
66,-93,140,-103,200,69,771,300,6,-29,-38,-40,-294,-97,34,9,10,5,3
-59,131,-150,-98,197,75,849,148,-36,159,-869,219,-295,-94,14,9,10,5,3
-56,129,-132,-87,192,76,-88,-95,104,-67,-717,281,-288,-84,-9,9,10,5,3
-56,129,-112,-71,187,68,5,-116,122,-307,-507,305,-281,-69,-28,9,10,5,3
-57,129,-96,131,117,209,82,-137,131,-520,-289,309,-145,-4,58,9,10,5,3
-121,281,-155,125,127,174,-520,26,-13,-36,-773,-114,-153,-14,11,9,10,5,3
-91,306,-230,122,133,131,-535,64,-11,248,-735,6,-166,-21,-32,9,10,5,3
-75,316,-297,548,-69,146,-502,99,10,553,-472,84,-258,241,86,9,10,5,3
-36,24,161,552,-100,125,265,-190,115,-100,0,-94,-281,215,51,9,10,5,3
-29,-5,159,550,-127,98,253,-255,117,-181,34,-125,-310,188,18,9,10,5,3
-21,-29,157,202,-187,-68,224,-325,114,-265,41,-138,91,300,-30,9,10,5,3
195,119,-16,72,-203,12,35,189,46,313,619,260,133,284,-37,9,10,5,3
209,109,-22,45,-229,48,4,138,28,455,577,265,169,266,-46,9,10,5,3
227,94,-29,7,-263,92,-26,88,27,575,525,255,206,242,-56,9,10,5,3
244,78,-32,-34,-298,140,-48,32,55,656,460,209,100,71,-109,9,10,5,3
216,53,-69,49,-186,-69,108,182,9,-507,-729,141,92,61,-120,9,10,5,3
221,-33,-75,30,-212,-41,62,135,27,-500,-814,16,84,49,-129,9,10,5,3
210,-111,-88,7,-242,-12,21,116,45,-364,-750,-126,75,44,-137,9,10,5,3
185,-169,-112,-22,-271,18,-14,129,62,-136,-552,-84,382,35,-59,9,10,5,3
15,0,71,-337,-317,-108,-242,828,-83,363,356,-191,392,7,-58,9,10,5,3
19,-12,58,-353,-296,-90,-131,888,-113,377,342,-185,395,-12,-56,9,10,5,3
22,-22,46,-359,-271,-71,-1,919,-117,385,317,-171,3596,366,3360,9,10,5,3
25,-26,31,-357,-243,-54,124,922,-93,382,288,-148,-128,-120,210,9,10,5,3
-39,-28,173,-170,380,400,-1,254,119,-991,-399,-199,-109,-84,265,9,10,5,3
-27,-29,178,-168,366,383,34,225,121,-1036,-352,-265,-104,-55,307,9,10,5,3
-20,-45,175,-161,347,353,61,204,130,-1054,-305,-336,-105,-36,331,9,10,5,3
-16,-65,164,-150,320,312,83,174,133,-1044,-261,-406,-129,-261,163,9,10,5,3
53,23,70,-125,476,73,-439,486,140,-170,8,-39,-10,-372,28,9,10,5,3
65,14,113,-117,454,48,-412,511,137,-89,-96,-78,-8,-364,7,9,10,5,3
77,9,147,-116,427,23,-352,536,148,-9,-187,-96,-13,-352,-5,9,10,5,3
90,5,171,-120,397,0,-248,541,164,45,-246,-91,-26,-346,-14,9,10,5,3
-132,-10,-28,135,232,69,152,-62,93,158,-919,112,-229,140,36,9,10,5,3
-126,7,-19,215,56,117,101,55,105,12,-852,164,-204,174,31,9,10,5,3
-119,25,-6,219,40,145,29,110,103,-148,-742,218,-176,203,29,9,10,5,3
-92,73,363,218,29,176,-66,130,92,-316,-587,247,-145,215,39,9,10,5,3
-105,82,352,215,24,210,-278,-93,4,334,384,-339,-126,52,-154,9,10,5,3
-118,99,339,260,45,-15,-290,-50,17,322,292,-264,-109,54,-159,9,10,5,3
2016,-1226,-2442,294,14,18,-299,28,17,297,145,-181,-84,62,-157,9,10,5,3
-19,-11,290,332,-14,52,577,340,115,-32,-50,-138,-196,204,-75,9,10,5,3
-47,-10,278,368,-38,86,53,-669,200,-62,-64,-100,-195,223,-84,9,10,5,3
-69,-3,253,296,-293,-24,-123,-702,182,-80,-63,-67,-183,250,-88,9,10,5,3
-84,3,223,283,-287,-43,-305,-702,164,-75,-58,-45,-159,282,-85,9,10,5,3
124,-1,-33,272,-277,-57,-490,-665,157,-277,587,47,289,-37,-45,9,10,5,3
135,-26,-26,265,-267,-69,-102,150,126,-73,525,80,260,-74,-46,9,10,5,3
146,-45,-27,-113,-191,288,-170,106,139,109,441,108,221,-95,-29,9,10,5,3
162,-54,-35,-25,-123,49,-211,57,149,253,345,145,173,-97,5,9,10,5,3
347,-80,5,6,-118,21,-225,9,144,-298,453,-38,109,-33,-29,9,10,5,3
352,-165,-19,37,-114,-4,-22,-250,206,-410,117,56,138,-36,50,9,10,5,3
332,-229,-48,64,-112,-28,-96,-301,220,-515,-241,208,177,-30,127,9,10,5,3
300,-247,-82,-324,-266,-102,-158,-347,237,-614,-307,347,214,-33,184,9,10,5,3
-6,62,29,-290,-257,-104,-189,-406,254,296,317,-127,313,-27,-18,9,10,5,3
-10,49,34,-256,-247,-101,614,609,-5,380,348,-153,321,-18,-24,9,10,5,3
-14,36,36,-224,-238,-97,690,510,24,460,375,-182,326,-14,-30,9,10,5,3
-19,26,37,-188,294,-58,732,378,81,519,396,-203,330,-13,-36,9,10,5,3
-101,-127,96,-190,346,-22,791,191,151,-903,-437,-18,-17,-28,261,9,10,5,3
-57,-91,98,-192,389,33,131,110,102,-962,-374,-66,-20,-47,270,9,10,5,3
-10,-64,106,-194,432,105,92,79,71,-1009,-310,-123,-24,-64,278,9,10,5,3
30,-46,120,-169,6,-106,61,25,79,-1032,-244,-185,-44,-85,276,9,10,5,3
-241,170,-161,-178,44,-54,58,-16,76,435,-729,72,-176,-250,133,9,10,5,3
-211,199,-167,-188,85,4,-75,377,172,368,-724,-40,-164,-265,133,9,10,5,3
-194,210,-162,-191,131,57,-127,378,167,204,-647,-159,-153,-276,133,9,10,5,3
-187,204,-148,80,422,-8,-213,398,155,33,-510,-193,-144,-281,126,9,10,5,3
-54,-23,15,97,423,-9,-314,412,153,-106,-453,-77,-337,-113,1,9,10,5,3
-62,-9,15,113,422,-10,-116,-467,94,-132,-478,-61,-337,-90,21,9,10,5,3
-69,5,15,126,416,-13,-4,-297,65,-170,-504,-44,-339,-65,42,9,10,5,3
-74,20,17,287,-143,346,91,-130,54,-205,-531,-38,-338,-36,60,9,10,5,3
-111,-130,293,269,-140,393,144,23,10,529,830,-248,-19,156,250,9,10,5,3
-115,-99,309,256,-129,426,-226,-5,55,546,801,-323,-25,170,206,9,10,5,3
-119,-64,319,254,-118,442,-234,38,37,563,766,-390,-36,176,164,9,10,5,3
-125,-29,330,253,31,266,-236,98,21,578,713,-440,-47,176,120,9,10,5,3
-45,109,252,299,29,316,-230,153,1,225,125,32,-190,300,54,9,10,5,3
-40,116,263,352,10,339,428,-184,51,156,84,-21,-214,308,22,9,10,5,3
-29,119,269,397,-28,332,489,-258,73,44,71,-55,-230,310,-9,9,10,5,3
-14,118,274,251,-376,-61,489,-368,119,-68,76,-78,-235,307,-39,9,10,5,3
182,15,35,235,-370,-67,408,-470,179,-675,972,-47,374,128,-12,9,10,5,3
193,2,28,219,-364,-71,367,50,64,-588,1043,-1,395,71,-33,9,10,5,3
201,-17,17,202,-365,-68,280,112,108,-403,1069,74,396,6,-62,9,10,5,3
204,-35,0,-233,-127,189,171,178,135,-130,984,142,383,-57,-93,9,10,5,3
204,8,-114,-231,-125,140,48,236,140,-625,-412,-183,39,-30,-210,9,10,5,3
229,20,-128,-229,-127,92,2,-318,130,-405,175,-179,46,-26,-211,9,10,5,3
252,21,-134,-226,-131,48,-140,-356,199,-190,667,-156,60,-40,-190,9,10,5,3
269,8,-131,-296,-206,-6,-292,-378,233,-305,841,-31,97,-58,-142,9,10,5,3
-20,38,260,-247,-213,-39,-439,-387,253,269,115,-131,278,-209,-45,9,10,5,3
-21,27,238,-208,-218,-70,471,182,11,629,94,-145,282,-180,-62,9,10,5,3
-27,22,217,-178,-225,-94,557,103,74,693,122,-143,294,-159,-77,9,10,5,3
664,-2168,2358,-88,147,31,692,51,125,775,165,-138,306,-143,-90,9,10,5,3
-36,-16,78,-92,184,55,903,50,150,867,220,-110,-41,10,237,9,10,5,3
-16,-21,102,-94,228,91,180,75,119,-974,212,-540,-25,-29,253,9,10,5,3
0,-29,129,-92,269,131,153,75,112,-955,279,-559,-17,-69,274,9,10,5,3
14,-34,158,-141,64,-208,128,57,106,-933,359,-569,-29,-88,291,9,10,5,3
-159,184,-213,-129,80,-201,111,29,126,-889,422,-520,-226,-151,55,9,10,5,3
-119,176,-214,-119,109,-174,-95,352,198,-69,170,62,-220,-170,43,9,10,5,3
-91,159,-223,-112,143,-125,-188,412,203,-9,81,-15,-223,-176,49,9,10,5,3
-70,137,-232,38,410,-74,-275,510,205,9,-25,-85,-228,-179,73,9,10,5,3
-103,-47,46,75,420,-59,-331,631,208,6,-135,-137,-334,-66,-29,9,10,5,3
-116,-27,27,113,422,-48,-380,-406,138,-487,-496,-88,-336,-42,-28,9,10,5,3
-123,2,12,146,415,-45,-178,-348,136,-514,-559,-78,-336,-12,-20,9,10,5,3
-118,40,2,328,-52,164,20,-282,86,-530,-634,-67,-335,21,-9,9,10,5,3
33,70,133,331,-84,200,170,-186,41,-547,-679,-47,-4,110,349,9,10,5,3
15,57,125,332,-112,237,-220,-64,93,905,132,-500,-9,120,335,9,10,5,3
-6,48,128,334,-135,278,-251,-31,83,885,72,-486,-9,131,314,9,10,5,3
-3067,-3837,-177,192,10,-13,-247,6,64,876,0,-469,184,248,-33,9,10,5,3
-135,-17,-14,233,27,13,-221,57,44,873,-110,-456,178,261,-32,9,10,5,3
-135,3,30,281,26,38,82,-585,39,41,179,-36,159,286,-9,9,10,5,3
-128,34,74,328,3,57,40,-521,32,-8,178,-60,145,309,23,9,10,5,3
-119,70,116,120,-546,-81,10,-456,61,-30,153,-67,258,352,-50,9,10,5,3
241,-86,50,87,-550,-71,-7,-420,103,-32,135,-87,270,328,-36,9,10,5,3
251,-103,31,58,-546,-59,263,-437,76,875,-96,237,286,296,-22,9,10,5,3
251,-119,6,31,-537,-49,250,-406,73,861,-240,295,301,251,-6,9,10,5,3
244,-137,-20,-464,-124,366,172,-308,60,800,-409,360,95,-63,305,9,10,5,3
41,-3,130,-437,-103,337,80,-166,45,700,-582,386,116,-44,274,9,10,5,3
50,-25,97,-408,-89,304,508,-443,-26,603,529,114,151,-24,243,9,10,5,3
58,-63,65,-375,-81,267,480,-516,-39,838,629,159,172,-18,207,9,10,5,3
64,-110,28,-514,77,216,423,-554,-62,828,810,-22,57,-301,195,9,10,5,3
34,-58,244,-501,110,224,344,-550,-78,422,1070,-425,81,-295,161,9,10,5,3
23,-47,228,-486,140,218,1125,-77,-33,201,-218,-71,113,-294,120,9,10,5,3
12,-36,213,-473,160,193,122,-688,167,265,-286,-100,141,-292,74,9,10,5,3
8,-28,193,-178,154,17,67,-671,201,306,-357,-110,-244,-90,-93,9,10,5,3
-210,67,-33,-174,164,5,171,-623,176,325,-405,-114,-251,-55,-113,9,10,5,3
-224,70,-65,-166,179,-8,269,-516,144,-515,759,103,-256,-11,-124,9,10,5,3
-237,71,-87,-151,192,-24,108,-118,89,-466,857,40,-255,23,-122,9,10,5,3
-248,73,-98,75,117,-82,52,-152,101,-421,935,-15,-58,19,-143,9,10,5,3
-279,89,-287,63,110,-110,20,-184,82,-378,988,-64,-48,11,-172,9,10,5,3
-213,118,-317,53,110,-132,-37,-205,79,-872,-788,-54,-39,0,-196,9,10,5,3
-138,152,-330,50,113,-150,462,-372,-3,-741,-420,-98,-29,-5,-211,9,10,5,3
-66,188,-329,-76,384,-36,233,-495,120,-506,-4,-106,-426,229,-35,9,10,5,3
35,46,72,-45,387,-40,129,-379,168,-260,305,16,-412,240,-42,9,10,5,3
46,39,55,5,380,-48,88,-239,125,-962,-228,-291,-364,248,-58,9,10,5,3
57,31,34,69,367,-58,-224,-125,93,-1107,-302,-270,-311,223,-60,9,10,5,3
65,26,14,286,-123,211,19,-94,95,-1287,-383,-205,85,12,233,9,10,5,3
67,199,14,313,-186,240,193,-68,93,-1401,-409,-97,65,3,244,9,10,5,3
85,181,46,330,-242,264,254,-25,109,928,-603,-549,40,16,250,9,10,5,3
103,167,83,333,-283,285,-67,141,-16,851,-679,-541,27,42,257,9,10,5,3
119,157,119,202,-212,-118,7,154,-30,767,-751,-528,197,57,-72,9,10,5,3
288,-145,-335,187,-228,-114,63,186,-44,676,-815,-511,201,44,-66,9,10,5,3
238,-121,-291,170,-251,-106,89,214,-27,4,-146,-59,196,49,-61,9,10,5,3
192,-106,-232,154,-278,-96,-714,-588,318,26,-180,-63,191,73,-67,9,10,5,3
150,-99,-152,-240,-385,17,-816,-382,309,43,-181,-54,379,-107,-25,9,10,5,3
10,9,8,-247,-368,4,-872,-182,303,29,-140,-35,376,-102,-41,9,10,5,3
1,-4,22,-255,-350,-12,-902,29,299,704,536,-75,380,-94,-56,9,10,5,3
-10,-19,34,-265,-333,-34,281,-95,-44,764,571,-59,376,-92,-64,9,10,5,3
-21,-34,49,-220,293,412,288,-105,11,844,575,-46,-98,19,359,9,10,5,3
-134,-132,266,-182,143,245,249,-91,89,924,534,-21,-81,14,338,9,10,5,3
-130,-141,283,-172,131,197,191,-45,155,-822,277,-503,-53,1,318,9,10,5,3
-127,-147,291,-162,116,149,45,-533,-118,-818,363,-477,-22,-13,301,9,10,5,3
-124,-153,289,-157,101,103,-22,-436,-90,-773,415,-449,-164,-247,218,9,10,5,3
30,52,316,-289,322,68,-98,-307,-47,-670,447,-352,-132,-271,203,9,10,5,3
31,46,325,-264,268,43,-153,-178,13,67,108,-57,-98,-300,184,9,10,5,3
26,36,326,-244,221,17,634,-284,-128,69,67,-87,-72,-324,165,9,10,5,3
18,23,317,-229,187,-7,-56,-658,-69,77,0,-111,-151,-184,15,9,10,5,3
-93,-26,-35,-36,260,96,-148,-683,-64,77,-58,-131,-136,-178,31,9,10,5,3
-116,-6,-25,-18,246,86,-245,-697,-39,-195,-755,151,-140,-186,41,9,10,5,3
-129,15,-18,0,239,72,-323,-680,14,-322,-620,176,-157,-179,49,9,10,5,3
-141,36,-12,11,234,60,35,-231,165,-438,-439,201,-74,94,241,9,10,5,3
-260,2,309,226,195,182,27,-243,170,-532,-252,213,-85,106,233,9,10,5,3
-259,52,316,245,196,147,19,-252,166,692,141,-363,-96,113,220,9,10,5,3
-235,106,299,261,196,115,21,-248,159,597,82,-294,-111,119,208,9,10,5,3
-199,158,273,276,196,89,165,79,151,465,38,-198,10,243,91,9,10,5,3
80,-19,130,500,-193,-42,221,7,129,329,-5,-79,-61,315,15,9,10,5,3
76,-28,140,492,-202,-62,243,-74,119,-212,65,-116,-60,309,5,9,10,5,3
78,-32,153,479,-205,-79,233,-157,112,-186,97,-129,-61,302,-11,9,10,5,3
83,-39,169,460,-198,-94,-742,556,-131,-177,129,-123,-61,297,-33,9,10,5,3
36,12,31,171,-197,2,-654,700,-151,-179,153,-106,270,57,29,9,10,5,3
48,24,24,-33,-203,12,-573,843,-148,623,-66,202,286,32,10,9,10,5,3
69,35,12,-78,-243,53,-475,940,-119,684,-173,244,297,8,-20,9,10,5,3
91,36,2,-128,-273,107,78,171,94,741,-235,279,296,-34,-52,9,10,5,3
239,-24,-76,-176,-286,163,120,153,69,746,-305,295,26,-115,-120,9,10,5,3
253,-74,-77,-35,-262,161,151,140,15,-1038,-444,-115,30,-139,-91,9,10,5,3
265,-126,-81,-69,-303,145,217,124,11,-542,-687,20,69,-148,-29,9,10,5,3
269,-175,-87,-108,-342,126,-648,-147,115,117,-687,137,127,-148,43,9,10,5,3
-82,124,88,-150,-375,113,-602,-32,137,591,-224,181,263,-249,-27,9,10,5,3
-14,45,11,-237,-188,-41,-530,62,156,507,-2,-192,263,-232,-40,9,10,5,3
-12,39,9,-239,-178,-42,1010,2313,-1863,508,-15,-210,274,-209,-54,9,10,5,3
-7,41,-1,-247,-169,-43,44,139,62,507,-31,-215,280,-187,-64,9,10,5,3
-2,46,-15,-259,-163,-41,-102,140,88,530,-36,-196,-295,53,90,9,10,5,3
344,3932,3084,-92,436,245,-188,96,115,-962,324,-96,-243,44,135,9,10,5,3
-115,-144,164,-102,421,248,7,-169,55,-974,367,-177,-195,37,173,9,10,5,3
-149,-146,130,-101,400,242,-26,-218,40,-977,401,-258,-34,21,-199,9,10,5,3
-181,-141,100,874,1311,-392,-71,-274,30,-964,422,-346,-49,45,-137,9,10,5,3
-210,-128,70,-121,531,55,-103,-322,-9,-169,204,69,-72,36,-39,9,10,5,3
118,-148,309,-122,503,12,73,176,-58,-184,38,14,-110,-7,71,9,10,5,3
131,-104,301,-134,461,-22,87,265,-68,-164,-129,-54,-298,-169,-19,9,10,5,3
137,-74,279,-157,408,-53,134,336,-58,-137,-218,-104,-284,-176,-34,9,10,5,3
130,-62,244,154,256,-73,221,385,-3,-546,-899,9,-280,-172,-46,9,10,5,3
-163,-6,29,107,215,-22,132,188,120,-598,-940,38,-279,-151,-47,9,10,5,3
-149,4,28,50,177,31,27,181,111,-639,-909,63,3,52,243,9,10,5,3
-141,17,20,-9,146,83,-81,151,87,-675,-795,88,-1,58,244,9,10,5,3
-143,33,2,262,-1,103,-158,119,62,896,-119,-454,-9,67,250,9,10,5,3
298,322,-101,249,10,76,-51,514,-11,876,-173,-443,-23,82,260,9,10,5,3
318,296,-146,240,24,52,-26,554,-10,841,-210,-434,97,218,-22,9,10,5,3
326,269,-186,235,37,28,1,559,-6,768,-241,-420,96,217,-17,9,10,5,3
323,245,-222,347,-272,-16,19,519,-18,-122,217,-107,88,229,5,9,10,5,3
-71,-48,211,331,-252,-64,-784,-29,-38,-91,210,-102,242,309,-61,9,10,5,3
-81,-46,206,319,-241,-105,-832,92,-65,-57,201,-100,242,310,-62,9,10,5,3
-83,-48,201,311,-240,-139,-863,257,-75,-27,193,-107,240,315,-59,9,10,5,3
-78,-51,192,-151,-296,40,-859,449,-75,636,-50,125,240,326,-53,9,10,5,3
155,-129,61,-214,-319,44,-2,236,163,635,-186,149,-58,-93,291,9,10,5,3
122,-124,96,-266,-331,59,4,238,159,624,-325,164,-43,-94,281,9,10,5,3
86,-109,122,-306,-334,86,10,250,160,593,-465,186,-27,-105,273,9,10,5,3
60,-93,136,-24,-154,-104,12,257,164,601,631,-199,-9,-112,270,9,10,5,3
-41,-95,-271,-40,-154,-87,-69,191,185,196,528,-239,163,-238,98,9,10,5,3
-58,-72,-243,-65,-157,-61,-121,173,204,-282,398,-19,184,-230,66,9,10,5,3
-73,-49,-209,-98,-163,-26,-198,145,221,-652,379,225,200,-223,44,9,10,5,3
-88,-29,-169,-422,-64,-52,-295,112,194,401,-340,-160,77,-347,-42,9,10,5,3
-81,-30,-11,-437,-32,-47,192,-1096,262,403,-373,-181,66,-340,-40,9,10,5,3
-78,-36,-15,-443,-5,-43,367,-1103,184,405,-406,-191,58,-343,-37,9,10,5,3
-76,-52,-21,-441,14,-43,442,-999,108,422,-432,-194,45,-347,-33,9,10,5,3
-75,-76,-30,-7,441,360,443,-826,81,-733,819,-176,-144,17,294,9,10,5,3
-151,-72,74,-6,440,364,-95,-256,96,-672,855,-217,-148,14,275,9,10,5,3
-170,-61,51,-1,428,362,-113,-293,81,-606,883,-270,-153,7,250,9,10,5,3
-188,-49,34,35,219,-24,-137,-313,54,866,369,38,-239,48,56,9,10,5,3
13,85,292,43,242,15,317,421,125,511,320,13,-254,75,60,9,10,5,3
11,26,186,54,263,46,422,516,145,113,172,79,-265,101,62,9,10,5,3
8,19,156,286,360,-76,544,560,176,-446,13,-149,-288,270,-78,9,10,5,3
11,12,134,322,341,-70,663,547,199,-484,26,-149,-288,274,-80,9,10,5,3
15,0,113,352,320,-69,35,-211,150,-507,36,-161,-291,281,-84,9,10,5,3
133,238,-30,377,298,-67,200,-241,155,-535,40,-164,-289,288,-90,9,10,5,3
151,248,-35,271,-303,314,262,-214,171,981,-68,-53,98,91,250,9,10,5,3
166,246,-36,165,-108,94,-55,188,85,979,-103,-109,103,95,216,9,10,5,3
83,176,62,173,-106,54,-67,221,61,965,-134,-177,111,100,183,9,10,5,3
111,197,86,180,-106,16,-58,263,47,948,-172,-244,114,104,151,9,10,5,3
129,220,102,188,-104,-16,-64,304,24,256,339,51,289,42,27,9,10,5,3
138,232,80,23,-544,-45,-40,-864,94,292,310,-13,286,45,37,9,10,5,3
-4,33,151,0,-549,-55,-212,-948,128,294,215,-60,284,39,47,9,10,5,3
-10,39,140,-17,-554,-68,-400,-928,174,263,77,-86,283,26,52,9,10,5,3
-20,43,130,-33,-558,-83,-588,-795,232,362,66,-145,293,-184,-35,9,10,5,3
-32,42,124,-110,-200,52,-43,-2,31,333,52,-123,280,-200,-15,9,10,5,3
-23,-190,-85,-107,-189,57,-39,10,-1,321,42,-100,264,-217,7,9,10,5,3
0,-229,-87,-112,-177,60,22,5,-9,-816,-234,5,-82,-44,255,9,10,5,3
18,-255,-74,-115,59,41,134,-154,43,-792,400,-471,-72,-53,232,9,10,5,3
-225,-221,-74,-100,35,5,-131,-257,-15,-803,470,-460,-65,-59,212,9,10,5,3
-241,-216,-82,-98,20,-28,-105,-152,10,-775,541,-427,-182,-273,135,9,10,5,3
-242,-189,-89,-317,209,-65,-66,-41,54,96,-292,-3002,-181,-283,117,9,10,5,3
-221,-146,-95,-332,175,-102,-26,68,112,-35,-117,-129,-179,-288,104,9,10,5,3
-36,-71,18,-337,175,-94,127,-452,-133,-10,-128,-148,-172,-298,90,9,10,5,3
-51,-65,-1,-338,179,-87,55,-461,-120,10,-134,-141,-326,-100,-9,9,10,5,3
-63,-56,-18,-338,193,-81,-3,-471,-103,22,-139,-111,-335,-70,-1,9,10,5,3
-71,-46,-34,107,259,130,-49,-478,-84,-662,461,296,-341,-33,13,9,10,5,3
-220,71,70,128,242,148,119,-86,96,-625,558,265,-341,2,31,9,10,5,3
-192,67,103,142,222,172,124,-92,112,-579,667,265,-154,129,182,9,10,5,3
-165,68,128,151,200,202,103,-123,112,-505,797,320,-173,142,159,9,10,5,3
-138,73,152,279,249,-136,59,-143,109,-25,-59,28,-171,159,130,9,10,5,3
232,216,-402,295,230,-128,97,-20,80,-134,-107,96,-168,172,100,9,10,5,3
181,187,-404,310,209,-115,252,-134,84,-196,-148,100,182,288,62,9,10,5,3
126,161,-389,324,189,-102,316,-166,72,-279,-143,76,167,288,38,9,10,5,3
79,142,-360,432,-257,-34,371,-208,74,49,97,-76,152,290,14,9,10,5,3
3715,-2602,861,410,-261,-11,437,-267,83,64,138,-81,135,287,-3,9,10,5,3
9,-139,140,386,-271,2,354,356,96,68,179,-78,295,-32,65,9,10,5,3
0,-126,143,-3412,-1485,-490,305,-10,-79,483,361,127,285,-42,62,9,10,5,3
-1,-106,137,-209,-157,186,365,3,-62,551,89,142,273,-61,47,9,10,5,3
3,-88,122,-220,-119,244,401,45,-18,584,-156,166,255,-81,28,9,10,5,3
207,-252,184,-224,-87,297,431,110,13,570,-367,171,43,-58,-46,9,10,5,3
226,-280,145,-221,-70,341,156,-163,54,-560,239,-83,45,-52,-57,9,10,5,3
236,-306,107,-364,-302,101,66,-140,63,-600,184,-109,50,-52,-60,9,10,5,3
237,-339,69,-397,-335,124,7,-128,61,-529,137,-238,40,-67,-57,9,10,5,3
21,38,215,-408,-354,130,-30,-138,56,-340,66,-310,162,-312,-50,9,10,5,3
28,40,211,-403,-354,120,375,225,-106,308,-64,-126,134,-325,-47,9,10,5,3
31,41,206,-375,47,4,432,142,-100,336,-109,-151,123,-330,-46,9,10,5,3
30,47,199,-355,44,-4,478,56,-81,364,-156,-166,117,-328,-45,9,10,5,3
-67,10,1,-332,39,-8,524,-40,-72,386,-198,-162,-241,-27,-199,9,10,5,3
-44,1,0,-308,34,-7,23,-146,99,-1173,-87,66,-252,15,-167,9,10,5,3
-22,-20,-9,-151,147,332,192,-152,153,-1204,93,23,-255,52,-102,9,10,5,3
-2,-53,-24,-165,161,297,145,-207,128,-1195,254,-18,-245,79,-9,9,10,5,3
-376,132,-325,-170,174,264,90,-230,116,-1178,409,-80,-224,153,-112,9,10,5,3
-352,144,-363,-169,177,230,43,-227,107,-15,149,50,-226,176,-86,9,10,5,3
-323,153,-399,105,579,19,407,543,158,-276,-111,247,-237,185,-53,9,10,5,3
-289,158,-426,114,598,-26,477,564,171,-403,-474,346,-249,189,-19,9,10,5,3
45,25,52,119,607,-66,519,527,191,-442,-756,227,-325,150,-57,9,10,5,3
88,83,-14,125,602,-98,530,467,199,-327,-38,-131,-324,151,-43,9,10,5,3
102,97,-22,242,164,71,-653,448,99,-343,-31,-122,-308,157,-29,9,10,5,3
117,108,-27,227,158,62,-624,529,130,-352,-40,-115,-291,160,-18,9,10,5,3
135,116,-32,214,156,52,-549,561,165,-359,-42,-114,142,250,-129,9,10,5,3
-200,159,72,200,156,45,-483,540,182,654,827,158,151,213,-141,9,10,5,3
-205,168,116,110,165,369,-193,-101,186,727,765,118,151,168,-127,9,10,5,3
-180,155,179,163,161,312,-174,-61,175,811,698,83,141,122,-82,9,10,5,3
-151,144,247,217,135,254,-152,-15,162,895,630,26,209,103,-117,9,10,5,3
2,179,-266,266,98,197,-127,29,137,-606,-395,-57,221,96,-129,9,10,5,3
27,165,-215,356,-461,195,-438,-127,267,-531,-565,110,226,88,-137,9,10,5,3
48,145,-156,340,-460,210,-576,-540,101,-361,-587,153,347,173,-52,9,10,5,3
61,116,-94,321,-450,216,-663,-450,122,-281,-575,100,352,157,-59,9,10,5,3
-18,-51,63,301,-433,213,-714,-309,142,390,291,-146,360,140,-61,9,10,5,3
-25,-51,58,-33,-237,-46,-702,-120,146,410,316,-148,369,112,-57,9,10,5,3
-24,-56,55,-163,-127,-22,-197,-237,107,425,338,-171,-170,-207,73,9,10,5,3
-19,-65,56,-220,-119,10,-175,-266,106,449,399,-159,-157,-168,161,9,10,5,3
-99,-263,122,-285,-108,60,-82,-235,106,-906,-64,-404,-123,-128,247,9,10,5,3
-97,-267,72,-354,-93,129,50,-172,117,-913,57,-411,-110,-96,318,9,10,5,3
-100,-279,24,10,-97,39,97,0,116,-886,165,-398,-76,-215,119,9,10,5,3
-102,-287,-22,7,-107,65,77,62,132,-859,246,-365,-85,-260,189,9,10,5,3
-25,78,205,-6,-121,95,10,147,127,162,-7,-66,-106,-290,247,9,10,5,3
-22,87,180,-41,-142,133,-44,252,147,139,-23,-69,-120,-303,270,9,10,5,3
-16,98,161,-306,97,-7,285,-381,-69,118,-47,-79,-107,-246,6,9,10,5,3
-11,110,141,-296,95,-10,222,-450,-70,107,-65,-110,-107,-245,3,9,10,5,3
-5,17,110,-285,89,-11,155,-481,-57,256,-833,-3,-109,-237,2,9,10,5,3
6,-1,117,-274,82,-12,106,-513,-47,290,-832,3,-111,-226,7,9,10,5,3
18,-15,133,128,318,162,-66,-34,124,296,-825,14,36,40,217,9,10,5,3
27,-30,145,114,292,200,22,-69,143,254,-802,19,17,32,223,9,10,5,3
-199,91,-186,94,259,236,78,-110,155,437,612,-470,-1,39,227,9,10,5,3
-200,47,-208,72,229,264,100,-161,145,440,475,-388,-31,31,234,9,10,5,3
-208,14,-230,126,356,282,26,-179,208,440,315,-277,-208,223,139,9,10,5,3
-218,-8,-242,149,403,283,129,-195,215,433,124,-168,-222,204,107,9,10,5,3
51,10,17,174,439,256,239,-186,205,-151,-14,-115,-228,193,76,9,10,5,3
61,-4,20,199,462,207,329,-149,184,-197,4,-149,-223,187,56,9,10,5,3
74,-20,24,422,166,-53,-353,366,-106,-237,22,-163,-53,398,-36,9,10,5,3
85,-35,26,418,152,-62,-284,408,-75,-264,40,-160,-34,395,-29,9,10,5,3
30,46,45,410,141,-66,-240,439,-44,-202,526,102,-13,390,-16,9,10,5,3
32,57,50,402,134,-64,-180,453,-8,14,513,106,10,385,0,9,10,5,3
42,75,46,207,-212,298,-181,197,183,173,501,107,139,38,269,9,10,5,3
60,95,29,204,-229,300,-152,211,182,281,478,122,151,44,253,9,10,5,3
232,-6,-479,196,-241,297,-124,214,163,-474,156,-155,155,29,224,9,10,5,3
205,33,-500,184,-247,290,-85,195,148,-359,507,-38,153,26,188,9,10,5,3
182,63,-518,221,-399,78,-412,-88,210,-96,790,52,312,-71,105,9,10,5,3
151,85,-528,212,-401,53,-371,-81,171,-109,780,70,323,-111,153,9,10,5,3
-44,-63,50,202,-404,41,-327,-77,154,138,29,-100,338,-126,166,9,10,5,3
-58,-63,46,190,-410,41,-296,-68,165,175,49,-72,337,-126,142,9,10,5,3
-64,-63,45,-157,-273,-19,302,-422,105,209,78,-61,128,-332,50,9,10,5,3
-67,-61,45,-141,-260,-8,341,-291,96,256,99,-58,80,-314,62,9,10,5,3
13,-198,-105,-133,-243,5,265,-211,151,-309,-518,212,46,-294,76,9,10,5,3
34,-206,-98,-135,-221,15,176,-140,177,-412,-498,266,18,-275,78,9,10,5,3
48,-201,-84,-145,74,119,133,-159,74,-505,-460,274,-62,-52,23,9,10,5,3
61,-181,-67,-130,68,85,97,-187,71,-569,-411,248,-71,-52,4,9,10,5,3
-175,17,-250,-116,58,52,52,-197,63,-61,356,306,-81,-50,-15,9,10,5,3
-150,59,-242,-102,45,23,11,-207,56,97,16,439,-93,-45,-35,9,10,5,3
-114,85,-232,-340,15,9,376,-13,-4,260,-182,235,-232,-281,-89,9,10,5,3
-71,93,-224,-329,-10,-16,345,-5,-62,294,-322,9,-268,-285,-100,9,10,5,3
-79,5,-130,-323,-25,-41,313,0,-81,-134,-311,-141,-296,-278,-97,9,10,5,3
-84,17,-109,-323,-29,-58,328,-7,-67,-130,-317,-141,-314,-245,-88,9,10,5,3
-83,28,-87,-15,274,28,168,-110,201,-137,-331,-148,-156,196,36,9,10,5,3
-78,39,-64,9,289,19,-75,-6,97,-444,615,198,-118,219,48,9,10,5,3
-157,368,12,37,296,7,-111,-60,116,-359,677,225,-88,232,60,9,10,5,3
-127,362,-16,63,291,-4,-137,-104,127,-262,717,235,-63,234,72,9,10,5,3
-106,357,-53,224,292,-78,-144,-143,138,-177,767,207,-118,164,-44,9,10,5,3
-90,349,-92,219,282,-78,20,352,2,-604,-118,-84,-99,166,-50,9,10,5,3
-1,284,-55,207,270,-74,4,334,-19,-394,-363,-97,-72,170,-54,9,10,5,3
31,286,-39,1806,299,1839,0,289,-26,-27,-644,-71,-40,172,-51,9,10,5,3
61,279,-16,452,90,-22,5,229,-14,275,-873,10,36,424,-19,9,10,5,3
89,260,11,440,83,-30,-665,-7,39,-32,252,-146,72,405,-35,9,10,5,3
32,-118,-3,433,80,-45,-707,76,26,-29,265,-153,100,391,-48,9,10,5,3
32,-117,-10,432,79,-64,-739,177,4,-15,283,-155,123,382,-55,9,10,5,3
33,-116,-13,141,-115,89,-752,286,-30,8,300,-164,183,-267,-96,9,10,5,3
40,-114,-10,134,-120,53,229,93,96,512,-783,344,153,-289,-113,9,10,5,3
117,29,137,123,-137,17,235,181,111,418,-873,305,119,-302,-110,9,10,5,3
120,41,173,106,-170,-5,232,230,127,334,-955,257,93,-288,-78,9,10,5,3
125,51,210,-1,-251,-151,200,255,131,244,-1032,189,128,-126,-213,9,10,5,3
132,55,245,6,-255,-172,-162,-173,10,-586,525,69,128,-125,-235,9,10,5,3
1,-129,36,21,-258,-187,-187,-46,54,-661,448,46,101,-126,-250,9,10,5,3
-5,-123,50,30,-261,-198,-197,67,104,-668,374,-154,58,-126,-256,9,10,5,3
-20,-108,67,-420,-124,-21,-202,160,140,-579,251,-118,-175,-392,7,9,10,5,3
-40,-86,86,-434,-111,-19,205,-865,-101,122,-414,-122,-201,-386,14,9,10,5,3
-58,24,153,-448,-94,-16,81,-923,-98,120,-435,-139,-214,-373,12,9,10,5,3
-69,14,148,-460,-73,-15,-27,-952,-99,122,-434,-161,-212,-361,4,9,10,5,3
-84,9,141,-73,307,-31,-131,-938,-100,126,-423,-168,-86,188,100,9,10,5,3
-102,4,135,94,275,342,156,-264,209,-358,723,27,-41,195,169,9,10,5,3
-123,-78,187,84,251,386,150,-289,222,-341,797,-57,2,202,226,9,10,5,3
-115,-100,150,70,232,414,131,-294,222,-313,860,-136,41,195,271,9,10,5,3
-100,-126,111,58,221,421,111,-295,210,-271,905,-203,-226,116,224,9,10,5,3
-87,-150,75,-238,572,143,574,-156,145,325,329,184,-297,126,268,9,10,5,3
48,-58,206,-218,577,120,617,-74,137,170,241,110,-358,130,276,9,10,5,3
41,-32,172,-204,559,105,651,-35,165,23,148,61,-404,122,251,9,10,5,3
42,-8,140,-201,521,93,654,-51,198,-98,72,-9,-265,250,-11,9,10,5,3
48,10,113,244,326,3,-76,540,27,-801,114,-189,-250,267,-11,9,10,5,3
-58,218,114,258,309,-10,-29,674,127,-888,127,-147,-229,284,-10,9,10,5,3
-41,413,-31,263,289,-16,-200,776,158,-993,153,-96,-211,303,-5,9,10,5,3
-35,421,-51,265,273,-11,-278,775,210,-1101,149,-35,129,79,225,9,10,5,3
-14,411,-57,414,-10,190,-105,107,149,840,-685,-437,145,98,222,9,10,5,3
12,388,-54,432,-35,149,-78,127,143,769,-755,-437,159,122,216,9,10,5,3
347,90,-189,443,-53,111,-52,161,136,693,-820,-445,241,5,-87,9,10,5,3
269,-87,52,377,-402,-26,-305,-21,6,88,-157,81,235,14,-62,9,10,5,3
244,-94,99,369,-418,9,-330,16,38,221,138,209,232,38,-48,9,10,5,3
220,-102,142,362,-435,47,-333,49,77,300,229,165,231,64,-45,9,10,5,3
194,-114,175,358,-448,82,-310,77,151,330,231,88,233,-272,0,9,10,5,3
-29,-36,-23,-129,-335,-25,1003,-644,-268,207,-112,-103,228,-259,0,9,10,5,3
-49,-83,108,-141,-339,-32,973,-836,-205,235,-83,-87,227,-247,-3,9,10,5,3
-54,-91,106,-154,-341,-41,848,-982,-117,273,-41,-78,232,-236,-4,9,10,5,3
-50,-98,96,-163,-340,-48,661,-1054,-20,301,-29,-93,-98,66,255,9,10,5,3
-40,-110,66,-94,114,367,2848,1622,2114,-728,394,-183,-95,73,270,9,10,5,3
-1131,281,3145,-80,103,354,17,-149,52,-675,465,-215,-89,62,273,9,10,5,3
-55,-38,-126,-82,97,324,-13,-171,52,-585,532,-233,-186,-1,60,9,10,5,3
-53,-45,-133,-471,274,110,-53,-190,49,-29,-321,-93,-176,-31,81,9,10,5,3
-56,-39,-134,-482,274,89,-210,194,171,-40,-175,-174,-172,-48,114,9,10,5,3
-60,-30,-131,-486,280,58,-148,177,142,-49,-21,-209,-176,-62,138,9,10,5,3
-30,171,56,-482,285,27,-103,141,130,-48,95,-158,-102,-89,47,9,10,5,3
-34,166,48,-148,17,96,-57,99,98,-87,-24,-49,-95,-94,45,9,10,5,3
-36,156,45,-123,7,94,20,121,66,-93,-41,-44,-89,-103,44,9,10,5,3
-39,139,43,-104,0,94,3,111,71,-82,-59,-56,-87,-108,43,9,10,5,3
0,78,-44,-91,-5,94,-1,93,61,-55,-63,-86,2,-137,50,9,10,5,3
3,77,-33,-43,-150,53,-10,73,51,1,-157,-90,12,-128,44,9,10,5,3
2,78,-22,-24,-156,49,-132,117,183,-4,-154,-85,20,-120,37,9,10,5,3
0,84,-14,-3,-157,47,-113,142,139,-16,-141,-73,25,-113,33,9,10,5,3
21,-65,-37,14,-159,48,-96,163,96,-31,-130,-65,-6,71,78,9,10,5,3
18,-74,-40,31,63,51,-37,-37,80,-151,109,-68,1,79,69,9,10,5,3
16,-82,-44,30,60,47,-42,-38,80,-142,88,-66,8,88,58,9,10,5,3
-17,-85,-20,33,58,44,-48,-44,82,-129,60,-68,63,112,6,9,10,5,3
-9,-87,-10,95,3,19,-72,49,83,14,-37,-45,65,117,5,9,10,5,3
5,-88,-7,94,2,28,-67,41,84,64,-6,-20,64,122,4,9,10,5,3
23,-85,-4,90,2,39,-67,34,84,101,18,-9,63,126,4,9,10,5,3
-29,45,33,87,1,48,-69,26,86,120,34,-12,30,-58,24,9,10,5,3
-23,43,24,4,1,82,-122,19,77,-1,-49,-65,26,-59,32,9,10,5,3
-23,45,16,0,-9,80,-110,18,83,-2,-51,-64,20,-54,40,9,10,5,3
-23,50,6,-4,-22,78,-99,23,69,1,-53,-65,11,-49,47,9,10,5,3
41,-5,-63,-21,-51,60,-119,15,77,17,-41,-68,-6,-48,37,9,10,5,3
43,-3,-63,-21,-49,58,-113,13,78,21,-41,-69,-3,-49,37,9,10,5,3
42,-2,-63,-21,-47,57,-112,12,74,27,-40,-70,-4,-49,37,9,10,5,3
38,0,-64,-21,-47,55,-116,11,72,32,-39,-70,-6,-47,37,9,10,5,3
-23,-29,-55,5,-27,53,-118,21,73,3,-45,-68,-9,-17,41,9,10,5,3
-22,-29,-55,3,-28,53,-120,19,72,8,-44,-69,-10,-11,43,9,10,5,3
-20,-28,-54,1,-27,54,-120,17,72,11,-44,-68,-11,-11,44,9,10,5,3
-18,-25,-53,0,-27,56,-120,15,73,12,-44,-63,-11,-13,44,9,10,5,3
9,-8,-57,-3,-18,56,-130,18,72,7,-48,-67,-11,-14,36,9,10,5,3
9,-8,-57,-2,-17,57,-130,20,72,7,-48,-67,-14,-15,39,9,10,5,3
10,-8,-56,-1,-17,58,-130,19,72,9,-47,-67,-12,-16,37,9,10,5,3
2033,-3251,-3581,0,-18,62,-132,13,71,19,-52,-65,-9,-17,36,9,10,5,3
-4,-10,-57,4,-18,63,-133,13,72,16,-52,-65,-20,-22,41,9,10,5,3
-2,-11,-58,4,-17,63,-132,13,72,15,-53,-66,-22,-23,41,9,10,5,3
-1,-12,-58,3,-17,62,-133,9,71,14,-55,-70,-21,-23,41,9,10,5,3
-1,-12,-59,1,-17,61,-132,8,70,15,-55,-69,-20,-24,41,9,10,5,3
0,-4,-57,-3,-11,68,-131,8,70,16,-54,-67,-20,-20,43,9,10,5,3
2,-3,-55,-2,-10,69,-132,8,72,18,-55,-65,-19,-19,42,9,10,5,3
4,-3,-55,0,-10,69,-134,13,70,14,-55,-69,-19,-19,41,9,10,5,3
4,-10,-51,6,-5,61,-134,12,70,15,-55,-69,-27,-15,38,9,10,5,3
4,-9,-50,6,-4,59,-135,10,72,16,-54,-67,-28,-15,38,9,10,5,3
3,-9,-50,5,-2,58,-133,17,72,14,-52,-69,-27,-15,38,9,10,5,3
2,-9,-50,6,-3,57,-132,21,70,14,-51,-70,-25,-15,37,9,10,5,3
5,-5,-53,10,-3,64,-132,22,69,15,-51,-69,-25,-21,40,9,10,5,3
5,-4,-55,10,-4,63,-131,23,68,17,-52,-69,-25,-21,40,9,10,5,3
4,-4,-56,10,-5,61,-137,6,73,20,-56,-68,-24,-20,41,9,10,5,3
4,-4,-56,10,-7,60,-139,6,73,21,-57,-68,-24,-19,41,9,10,5,3
1,-5,-52,-3,-4,66,-140,7,72,23,-57,-68,-22,-18,45,9,10,5,3
1,-4,-50,-3,-6,63,-140,9,71,25,-56,-67,-24,-19,44,9,10,5,3
0,-2,-51,-2,-9,63,-142,16,71,20,-59,-68,-26,-20,42,9,10,5,3
0,-2,-51,0,-11,64,-141,17,71,20,-59,-68,-27,-21,41,9,10,5,3
3,1,-53,8,-2,57,-140,16,70,21,-59,-68,-25,-19,36,9,10,5,3
5,0,-53,7,-2,58,-139,16,70,22,-60,-68,-25,-17,37,9,10,5,3
6,-1,-54,7,-2,58,-138,13,72,16,-59,-68,-26,-17,37,9,10,5,3
6,-1,-54,8,-2,58,-139,12,73,17,-59,-67,-26,-16,38,9,10,5,3
8,-5,-54,-2,0,64,-139,12,73,18,-59,-67,-33,-20,37,9,10,5,3
11,-4,-54,-3,0,63,-138,12,72,18,-58,-67,-34,-20,36,9,10,5,3
12,-2,-54,-5,0,62,-136,25,72,22,-60,-69,-35,-21,36,9,10,5,3
12,-2,-55,-6,0,62,-134,24,73,24,-60,-69,-36,-21,36,9,10,5,3
0,4,-52,7,-4,61,-134,23,73,25,-61,-69,-24,-23,40,9,10,5,3
0,3,-50,5,-3,60,-132,22,73,25,-61,-68,-24,-23,39,9,10,5,3
0,3,-49,6,-4,61,-140,21,70,31,-55,-66,-29,-22,38,9,10,5,3
1,4,-51,8,-2,62,-141,21,73,30,-56,-65,-31,-23,38,9,10,5,3
-12,9,-52,43,13,52,-141,22,73,30,-58,-65,-26,-16,40,9,10,5,3
-5,13,-54,40,13,55,-141,22,73,30,-57,-67,-27,-18,39,9,10,5,3
-2,13,-54,30,9,59,-142,15,69,27,-59,-68,-30,-19,39,9,10,5,3
1,11,-54,15,2,63,-142,16,68,27,-59,-68,-28,-21,39,9,10,5,3
6,2,-56,-11,-12,61,-143,16,67,27,-58,-68,-36,-24,36,9,10,5,3
2,2,-56,-10,-10,63,-145,16,68,27,-60,-68,-32,-24,38,9,10,5,3