-184,76,-101,-118,-179,92,-4,4,19,-8,-26,-8,42,-22,36,9,10,5,3
-169,73,-68,-75,-180,187,1,35,48,1,-40,-62,16,-40,44,9,10,5,3
-149,62,-18,-42,-161,235,1,45,55,-1,-41,-67,6,-42,42,9,10,5,3
416,-199,121,408,-43,-275,6,51,86,-4,-41,-67,-2,-45,42,9,10,5,3
439,-196,79,395,-15,-311,7,49,85,13,-48,-74,-178,25,24,9,10,5,3
458,-190,37,375,5,-338,8,45,84,13,-48,-72,-175,26,24,9,10,5,3
472,-189,-4,352,18,-355,9,41,82,13,-49,-72,-170,27,26,9,10,5,3
-191,587,-613,-178,-654,-483,-34,11,80,12,-49,-72,-166,31,28,9,10,5,3
-292,582,-542,-208,-650,-428,-33,9,81,-11,0,-69,-126,20,50,9,10,5,3
-387,566,-452,-226,-621,-366,-33,7,83,-13,-4,-76,-124,18,41,9,10,5,3
-462,543,-366,-233,-571,-300,-31,6,83,-14,-8,-78,-115,13,34,9,10,5,3
-388,-190,-45,-626,88,-107,-24,-62,79,-11,-16,-76,-106,8,35,9,10,5,3
-394,-146,-85,-591,52,-130,-24,-73,80,-4,-17,-68,-119,43,65,9,10,5,3
-404,-103,-124,-562,21,-147,-26,-76,80,-12,-16,-68,-113,33,67,9,10,5,3
-413,-72,-150,-545,-12,-159,-30,-79,81,-20,-15,-68,-105,25,66,9,10,5,3
138,-41,402,459,108,500,-72,-34,87,-24,-14,-72,-99,19,65,9,10,5,3
166,-62,392,500,120,449,-70,-34,85,-47,0,-117,-174,82,39,9,10,5,3
185,-77,375,535,127,394,-69,-34,84,-44,5,-123,-183,79,37,9,10,5,3
197,-86,359,562,136,346,-68,-36,85,-43,19,-121,-185,76,38,9,10,5,3
576,-170,-310,229,41,-386,-69,-49,82,-42,28,-114,-182,74,40,9,10,5,3
594,-140,-330,228,36,-363,-76,-50,79,-67,17,-84,-125,75,42,9,10,5,3
612,-107,-350,230,32,-341,-81,-55,81,-68,16,-81,-125,77,54,9,10,5,3
625,-69,-369,236,22,-318,-81,-59,82,-63,13,-82,-126,80,64,9,10,5,3
-119,-94,524,-27,264,496,-73,-81,76,-52,14,-78,-129,84,67,9,10,5,3
-131,-129,549,-53,279,512,-73,-79,78,-57,56,-74,-70,69,98,9,10,5,3
-152,-160,560,-86,288,527,-73,-75,80,-56,51,-74,-73,75,92,9,10,5,3
-179,-186,558,-123,289,537,-71,-70,80,-57,47,-72,-83,82,80,9,10,5,3
-309,56,-229,-348,-136,-223,-77,-106,72,-57,43,-76,-97,83,67,9,10,5,3
-307,76,-210,-338,-138,-208,-78,-107,74,-51,12,-76,-105,74,76,9,10,5,3
-305,101,-197,-337,-138,-190,-79,-106,73,-66,35,-78,-110,68,65,9,10,5,3
-299,127,-187,-342,-135,-168,-79,-105,73,-61,38,-80,-112,62,57,9,10,5,3
289,13,259,527,68,-116,-61,-136,75,-58,40,-78,-109,55,53,9,10,5,3
310,6,234,495,57,-140,-60,-139,75,-59,39,-75,-234,121,18,9,10,5,3
334,-1,209,466,45,-161,-62,-139,76,-52,44,-76,-239,123,12,9,10,5,3
365,-14,179,445,37,-178,-67,-137,76,-51,51,-77,-244,127,7,9,10,5,3
392,167,-540,277,-182,-444,-91,-80,77,-48,57,-75,-248,129,4,9,10,5,3
343,207,-568,223,-217,-464,-93,-80,76,-49,61,-71,-125,66,60,9,10,5,3
287,255,-588,159,-255,-475,-94,-79,76,-50,36,-68,-120,66,63,9,10,5,3
239,308,-602,101,-298,-472,-95,-79,77,-47,36,-68,-119,68,67,9,10,5,3
-321,-270,297,-504,247,195,-95,-100,70,-44,34,-68,-186,80,-4,9,10,5,3
-326,-255,249,-309,-19,-135,-97,-104,71,-26,9,-72,-196,83,-1,9,10,5,3
-337,-239,202,-316,-25,-162,-98,-110,73,-27,11,-68,-201,84,4,9,10,5,3
-248,267,-243,-331,-39,-189,-96,-112,72,-28,13,-68,-206,82,5,9,10,5,3
-230,276,-227,-351,-52,-214,-104,-89,74,-31,16,-71,-154,80,29,9,10,5,3
-209,275,-208,389,114,416,-103,-89,73,-74,51,-74,-154,78,35,9,10,5,3
-192,261,-188,415,124,396,-102,-89,76,-74,52,-75,-155,80,42,9,10,5,3
339,-94,250,434,133,372,-102,-90,78,-73,52,-75,-153,82,49,9,10,5,3
358,-102,214,452,142,342,-91,-111,73,-72,51,-73,-215,98,31,9,10,5,3
372,-108,176,318,69,-437,-91,-112,73,-63,40,-75,-221,96,25,9,10,5,3
385,-108,141,310,52,-430,-93,-113,75,-68,42,-76,-227,95,20,9,10,5,3
-39,592,-692,301,31,-415,-105,-108,73,-71,42,-76,-143,70,82,9,10,5,3
-288,392,78,-115,-91,373,-100,-109,70,-56,63,-71,-153,72,80,9,10,5,3
-222,336,173,-101,26,477,-93,-108,70,-62,69,-70,-163,74,74,9,10,5,3
-156,267,260,-84,154,561,-89,-107,71,-67,74,-70,-171,77,66,9,10,5,3
-92,194,346,-72,285,623,-90,-139,67,-74,78,-71,-222,82,24,9,10,5,3
-334,136,-201,-383,-95,-120,-92,-142,67,-50,31,-76,-214,81,20,9,10,5,3
-324,150,-223,-387,-101,-112,-92,-144,68,-57,33,-78,-205,78,18,9,10,5,3
-314,159,-237,-382,-106,-102,-91,-145,68,-65,33,-80,-195,73,17,9,10,5,3
-306,169,-244,-368,-112,-91,-118,-91,77,-73,33,-83,-144,75,32,9,10,5,3
-3323,1457,-1345,434,183,104,-116,-91,77,-74,46,-75,-140,80,48,9,10,5,3
260,-104,171,428,183,71,-115,-90,78,-71,41,-75,-138,84,61,9,10,5,3
269,-114,156,422,178,36,-117,-89,79,-68,39,-76,-137,88,70,9,10,5,3
279,-120,142,425,163,6,-105,-90,74,-64,39,-76,-259,52,3,9,10,5,3
289,-119,132,225,-20,-264,-106,-94,74,-81,47,-76,-258,51,5,9,10,5,3
226,427,-759,231,-37,-258,-109,-94,73,-83,47,-77,-254,50,10,9,10,5,3
157,462,-716,250,-56,-253,-110,-93,72,-87,49,-78,-249,49,16,9,10,5,3
87,489,-655,269,-69,-245,-93,-91,74,-87,48,-80,-135,61,77,9,10,5,3
11,493,-587,-283,404,413,-97,-93,75,-73,44,-77,-140,56,70,9,10,5,3
-280,-193,172,-297,443,396,-101,-94,76,-75,44,-79,-144,54,65,9,10,5,3
-302,-187,146,-305,479,381,-104,-96,75,-76,42,-78,-145,49,64,9,10,5,3
-312,-159,115,-329,505,363,-101,-112,67,-78,41,-76,-155,60,52,9,10,5,3
-299,-128,91,0,-216,-16,-100,-110,68,-59,22,-78,-155,55,52,9,10,5,3
63,-24,65,41,-203,0,-102,-109,68,-61,21,-77,-155,50,51,9,10,5,3
57,-63,79,85,-188,19,-105,-107,68,-62,20,-76,-155,47,50,9,10,5,3
36,-100,88,131,-172,48,-114,-83,76,-62,19,-73,-201,52,42,9,10,5,3
8,-123,97,331,28,170,-118,-81,76,-75,33,-72,-199,58,49,9,10,5,3
577,-147,-184,365,11,132,-119,-77,74,-77,30,-74,-198,64,54,9,10,5,3
578,-157,-243,394,-4,88,-123,-77,74,-76,28,-76,-193,65,57,9,10,5,3
579,-155,-292,418,-19,44,-120,-78,75,-73,26,-75,-158,53,54,9,10,5,3
576,-150,-331,-44,-343,-390,-120,-77,72,-65,27,-78,-158,57,53,9,10,5,3
-129,333,-47,-63,-357,-341,-120,-79,71,-66,26,-81,-162,57,52,9,10,5,3
-125,316,5,-74,-362,-292,-117,-80,68,-64,26,-79,-169,56,50,9,10,5,3
-119,293,55,-75,-353,-244,-122,-77,75,-62,27,-76,-136,67,89,9,10,5,3
-120,260,107,-590,242,14,-123,-79,74,-54,26,-69,-142,66,80,9,10,5,3
-342,-31,-83,-596,203,-28,-122,-80,73,-57,30,-76,-153,64,65,9,10,5,3
-337,-4,-98,-593,165,-52,-121,-81,73,-59,30,-81,-165,59,49,9,10,5,3
-339,18,-127,-568,136,-65,-126,-79,68,-57,31,-80,-163,35,57,9,10,5,3
-339,39,-157,92,198,406,-126,-76,67,-79,41,-76,-195,14,13,9,10,5,3
42,5,394,104,219,446,-126,-74,68,-78,46,-75,-182,7,19,9,10,5,3
71,-6,395,120,226,475,-126,-72,69,-79,50,-78,-167,5,31,9,10,5,3
102,-19,397,142,220,495,-111,-63,79,-81,55,-80,-151,10,46,9,10,5,3
138,-33,400,360,168,-623,-106,-65,77,-69,85,-74,-229,26,30,9,10,5,3
520,-124,-390,335,163,-648,-102,-64,76,-72,82,-74,-195,41,42,9,10,5,3
402,192,-506,317,155,-667,-100,-64,77,-76,80,-77,-196,37,45,9,10,5,3
364,222,-493,303,137,-678,-124,-76,70,-79,77,-75,-194,35,46,9,10,5,3
317,243,-483,-134,-194,82,-125,-78,68,-61,42,-76,-195,37,47,9,10,5,3
265,259,-481,-135,-173,169,-127,-78,67,-63,44,-76,-120,47,91,9,10,5,3
-206,-192,288,-141,-137,256,-128,-78,70,-66,47,-77,-114,48,86,9,10,5,3
-201,-197,258,-149,-81,334,-132,-79,74,-70,50,-78,-108,43,78,9,10,5,3
-194,-200,228,-405,-58,-136,-132,-81,73,-71,59,-79,-108,43,65,9,10,5,3
-195,-203,209,-379,-70,-147,-130,-83,71,-74,58,-80,-197,12,48,9,10,5,3
-242,109,-74,-355,-82,-157,-126,-83,70,-75,55,-81,-191,15,56,9,10,5,3
-260,78,-38,-337,-97,-166,-138,-53,80,-74,51,-80,-185,18,64,9,10,5,3
-284,56,3,657,85,290,-141,-51,79,-78,33,-77,-180,24,70,9,10,5,3
-300,46,56,671,88,225,-142,-50,77,-75,34,-75,-244,7,43,9,10,5,3
553,-340,-262,680,93,160,-134,-52,72,-71,36,-75,-238,6,44,9,10,5,3
600,-132,-483,210,38,-709,-134,-50,75,-73,42,-76,-234,10,44,9,10,5,3
598,-106,-504,211,15,-692,-130,-48,75,-71,39,-76,-233,15,44,9,10,5,3
587,-73,-520,221,-10,-667,-125,-49,76,-69,37,-77,-149,40,62,9,10,5,3
567,-31,-530,226,-41,-634,-133,-41,72,-67,35,-74,-142,36,66,9,10,5,3
-301,39,428,-200,210,594,-132,-39,71,-72,38,-79,-134,30,72,9,10,5,3
-293,-14,429,-221,255,601,-130,-39,73,-74,37,-80,-129,25,79,9,10,5,3
-285,-64,415,-249,294,595,-127,-41,76,-75,36,-81,-267,-48,-14,9,10,5,3
-278,-103,404,-281,329,572,-120,-58,72,-75,36,-80,-258,-43,-9,9,10,5,3
-238,155,-101,-65,-208,5,-124,-59,69,-53,14,-82,-248,-35,-1,9,10,5,3
-229,168,-90,-51,-199,23,-126,-60,68,-74,24,-76,-170,-4,44,9,10,5,3
-218,180,-82,-35,-193,43,-128,-63,70,-76,26,-78,-169,-5,39,9,10,5,3
-208,190,-74,-17,-186,67,-133,-27,84,-77,28,-81,-165,-5,38,9,10,5,3
377,-129,89,451,91,-169,-116,-61,70,-79,31,-79,-159,0,42,9,10,5,3
372,-135,67,441,91,-179,-111,-65,69,-74,55,-74,-239,-11,27,9,10,5,3
370,-133,53,434,87,-185,-112,-67,70,-76,52,-73,-235,-12,26,9,10,5,3
262,264,-668,-25,-188,-588,-122,-36,71,-78,51,-74,-233,-13,22,9,10,5,3
222,285,-671,-19,-239,-579,-121,-41,74,-76,38,-79,-149,17,45,9,10,5,3
190,304,-677,-10,-279,-564,-124,-46,75,-73,32,-76,-147,25,51,9,10,5,3
168,325,-687,-10,-285,-533,-127,-51,73,-71,30,-75,-147,33,60,9,10,5,3
-259,-170,244,-346,554,374,-160,-58,69,-68,26,-76,-152,37,72,9,10,5,3
-280,-169,206,-394,534,346,-158,-57,70,-67,36,-73,-264,-54,-4,9,10,5,3
-288,-168,173,-429,509,307,-155,-56,72,-71,41,-72,-259,-42,-1,9,10,5,3
-112,160,-27,52,-85,77,-136,-42,73,-72,43,-77,-251,-29,6,9,10,5,3
-97,155,-24,65,-54,84,-132,-40,72,-87,43,-80,-155,-1,52,9,10,5,3
-80,152,-16,73,-22,93,-132,-38,72,-92,44,-80,-154,4,50,9,10,5,3
-63,146,-3,81,1,109,-131,-38,71,-93,44,-80,-156,6,51,9,10,5,3
228,4,207,406,-15,-147,-115,-52,71,-92,42,-82,-159,3,54,9,10,5,3
233,-2,187,396,-7,-173,-114,-57,71,-53,47,-68,-253,-49,26,9,10,5,3
238,-12,171,384,4,-197,-112,-60,70,-56,44,-66,-254,-44,24,9,10,5,3
248,-28,154,370,18,-216,-112,-62,68,-57,42,-69,-252,-40,21,9,10,5,3
193,432,-547,-108,-395,-447,-143,-21,75,-58,40,-70,-247,-38,20,9,10,5,3
149,458,-552,-110,-397,-405,-141,-19,74,-72,16,-77,-200,-34,65,9,10,5,3
87,473,-563,-110,-390,-368,-138,-21,73,-72,18,-79,-201,-40,58,9,10,5,3
-311,-251,359,-372,477,327,-138,-32,73,-69,20,-80,-199,-44,54,9,10,5,3
-321,-253,331,-396,463,301,-140,-30,75,-50,15,-72,-255,-71,-7,9,10,5,3
-323,-246,302,-414,438,271,-139,-30,74,-49,15,-70,-248,-68,-2,9,10,5,3
-336,-248,279,-428,403,236,-141,-31,72,-48,17,-74,-238,-62,4,9,10,5,3
-91,277,-172,29,-178,50,-144,-19,71,-49,20,-77,-229,-55,8,9,10,5,3
-85,268,-143,47,-150,61,-143,-20,70,-80,43,-82,-194,-33,32,9,10,5,3
-83,250,-118,63,-123,77,-144,-21,70,-81,45,-80,-195,-31,35,9,10,5,3
-80,223,-96,74,-94,99,-145,-22,71,-82,45,-77,-194,-28,40,9,10,5,3
298,-158,118,459,107,-92,-123,-17,76,-80,46,-77,-193,-26,44,9,10,5,3
305,-137,112,452,95,-98,-122,-18,74,-72,51,-77,-204,-24,42,9,10,5,3
314,-123,103,440,84,-113,-122,-18,74,-73,49,-77,-203,-23,40,9,10,5,3
320,-118,88,430,79,-133,-123,-20,76,-74,44,-76,-201,-26,40,9,10,5,3
120,389,-671,0,-279,-544,-149,-28,66,-78,42,-74,-199,-30,42,9,10,5,3
69,406,-625,-23,-286,-481,-146,-26,64,-77,24,-84,-142,9,83,9,10,5,3
15,414,-584,-48,-304,-430,-146,-26,67,-76,21,-84,-144,-5,75,9,10,5,3
-44,414,-549,-79,-329,-400,-144,-24,71,-77,20,-89,-144,-20,69,9,10,5,3
-148,-246,277,-336,478,282,-151,-21,72,4,-782,-971,-142,-35,67,9,10,5,3
-171,-241,253,-390,428,256,-152,-20,71,-64,38,-73,-230,-90,-2,9,10,5,3
-196,-229,231,-449,377,228,-155,-21,72,-58,35,-77,-226,-81,3,9,10,5,3
-230,-214,216,-465,337,195,-156,-21,71,-53,30,-79,-226,-72,10,9,10,5,3
-209,140,-10,-66,2,241,-148,-14,74,-50,25,-77,-226,-62,17,9,10,5,3
-212,120,23,-33,20,273,-153,-14,74,-74,26,-77,-170,-14,56,9,10,5,3
-212,94,58,0,38,298,-159,-14,73,-74,26,-79,-166,-10,64,9,10,5,3
-203,70,92,29,55,317,-163,-13,73,-77,29,-81,-166,-7,69,9,10,5,3
361,-178,132,417,187,-292,-134,-14,73,-79,32,-80,-168,-6,69,9,10,5,3
374,-195,109,411,196,-308,-136,-13,71,-73,52,-73,-253,-71,15,9,10,5,3
388,-223,81,399,194,-325,-137,-14,74,-74,53,-73,-245,-66,15,9,10,5,3
402,-258,47,387,194,-346,-137,-14,74,-74,53,-72,-237,-61,16,9,10,5,3
-325,517,-557,-189,-489,-201,-157,-10,78,-55,14,-68,-126,-4,102,9,10,5,3
-348,577,-487,-222,-490,-154,-157,-7,79,-54,12,-74,-125,0,98,9,10,5,3
-388,606,-397,-249,-461,-112,-157,-2,74,-57,13,-84,-124,5,90,9,10,5,3
-241,-248,277,-344,348,160,-143,-14,72,-68,24,-81,-215,-90,15,9,10,5,3
-245,-223,256,-388,306,157,-148,-12,73,-65,24,-76,-215,-97,7,9,10,5,3
-247,-208,253,-411,276,141,-151,-9,74,-62,24,-73,-216,-97,3,9,10,5,3
1913,-428,813,-84,-98,41,-149,0,69,-71,30,-76,-167,-44,55,9,10,5,3
-133,225,39,-61,-86,58,-146,3,70,-71,30,-76,-170,-48,52,9,10,5,3
-107,219,92,-40,-75,77,-145,6,71,-72,30,-78,-168,-52,51,9,10,5,3
-82,206,139,-22,-65,99,-143,7,71,-75,31,-80,-168,-57,53,9,10,5,3
-55,184,181,453,213,-293,-121,0,72,-81,61,-72,-219,-77,23,9,10,5,3
644,-462,-326,436,217,-312,-124,0,74,-80,59,-73,-221,-81,20,9,10,5,3
654,-439,-401,426,222,-327,-128,2,75,-79,57,-74,-219,-83,18,9,10,5,3
654,-408,-482,429,225,-340,-130,3,76,-79,52,-74,-226,-79,15,9,10,5,3
648,-372,-562,-184,-275,-231,-153,-9,63,-76,32,-87,-141,-49,52,9,10,5,3
-151,236,305,-200,-282,-218,-152,-13,66,-78,30,-82,-135,-52,53,9,10,5,3
-119,213,376,-203,-316,-193,-151,-13,68,-78,28,-79,-134,-50,59,9,10,5,3
-101,185,424,-202,-360,-159,-151,-13,71,-76,29,-75,-138,-44,68,9,10,5,3
-88,148,453,-462,186,16,-152,5,70,-58,22,-78,-204,-100,0,9,10,5,3
-445,44,-147,-475,141,-20,-151,6,71,-60,20,-79,-198,-91,7,9,10,5,3
-441,66,-168,-478,96,-37,-150,7,72,-62,18,-82,-192,-83,14,9,10,5,3
-430,93,-181,-466,65,-34,-147,5,72,-65,18,-82,-188,-76,20,9,10,5,3
-411,127,-196,236,-23,336,-140,39,73,-92,36,-84,-143,-29,46,9,10,5,3
240,-103,302,268,-16,347,-146,11,73,-95,38,-82,-146,-27,45,9,10,5,3
234,-113,289,303,-7,359,-146,7,75,-94,35,-79,-150,-29,47,9,10,5,3
227,-120,278,338,4,368,-146,5,75,-95,33,-79,-156,-32,49,9,10,5,3
217,-126,275,327,203,-366,-148,0,75,-72,36,-75,-215,-117,24,9,10,5,3
593,-108,-393,333,186,-364,-139,26,75,-69,35,-75,-214,-115,24,9,10,5,3
588,-78,-412,331,167,-357,-137,27,72,-68,35,-73,-213,-112,23,9,10,5,3
577,-51,-430,320,148,-346,-137,25,72,-66,33,-72,-213,-110,22,9,10,5,3
565,-20,-450,-424,-427,-414,-140,26,74,-71,23,-85,-95,-7,98,9,10,5,3
-40,-59,598,-389,-440,-366,-143,10,74,-74,21,-83,-97,3,105,9,10,5,3
-25,-141,612,-330,-450,-301,-142,6,74,-75,21,-80,-107,15,107,9,10,5,3
-14,-204,621,-258,-452,-213,-142,2,74,-73,21,-78,-117,18,108,9,10,5,3
-7,-251,627,-453,140,59,-141,1,74,-78,22,-75,-175,-113,25,9,10,5,3
-175,173,-202,-448,107,37,-161,19,70,-75,21,-75,-175,-109,29,9,10,5,3
-169,176,-212,-431,80,17,-163,18,69,-71,18,-77,-176,-107,28,9,10,5,3
-167,184,-221,-419,56,1,-166,17,69,-67,15,-77,-174,-108,27,9,10,5,3
-166,194,-230,26,82,326,-168,18,67,-78,43,-77,-143,-60,43,9,10,5,3
173,-43,416,58,86,358,-137,30,77,-77,42,-75,-139,-50,48,9,10,5,3
213,-57,402,95,85,386,-137,29,77,-76,40,-78,-136,-39,58,9,10,5,3
252,-78,380,369,117,-177,-137,29,76,-77,38,-77,-190,-92,36,9,10,5,3
449,-190,-216,364,123,-187,-125,40,79,-79,40,-77,-193,-101,36,9,10,5,3
462,-196,-266,367,125,-200,-126,38,79,-82,42,-74,-198,-112,35,9,10,5,3
477,-198,-315,372,120,-216,-127,36,78,-83,44,-74,-204,-123,33,9,10,5,3
492,-194,-359,-133,-371,-369,-128,36,75,-59,18,-79,-130,-66,55,9,10,5,3
-196,228,224,-36,-75,390,-132,49,76,-60,17,-82,-129,-56,62,9,10,5,3
-177,187,286,-23,2,449,-128,47,77,-62,18,-80,-128,-50,72,9,10,5,3
-156,142,352,-21,79,492,-126,49,76,-60,20,-79,-125,-47,82,9,10,5,3
-143,94,408,-26,145,523,-126,53,74,-67,22,-78,-194,-144,22,9,10,5,3
-233,25,-96,-196,-82,-85,-137,27,70,-67,25,-78,-190,-136,26,9,10,5,3
-223,39,-106,-178,-80,-91,-140,28,72,-69,29,-76,-186,-128,30,9,10,5,3
-208,52,-118,-165,-65,-93,-141,30,71,-72,33,-75,-180,-122,34,9,10,5,3
-197,60,-127,-159,-47,-96,-142,31,72,-82,13,-80,-125,-60,75,9,10,5,3
-65,218,84,203,-75,231,-146,50,69,-82,12,-86,-128,-63,75,9,10,5,3
-36,214,131,224,-58,259,-146,48,72,-82,12,-84,-131,-69,74,9,10,5,3
-5,204,175,245,-40,284,-146,46,73,-83,14,-81,-133,-78,71,9,10,5,3
22,190,214,268,-19,300,-146,44,74,-72,59,-73,-202,-138,52,9,10,5,3
336,-192,7,1692,-1088,3485,-129,42,78,-68,56,-71,-200,-135,54,9,10,5,3
350,-187,-1,278,76,-510,-125,42,79,-65,54,-71,-195,-132,53,9,10,5,3
361,-185,-10,276,71,-505,-121,45,78,-66,52,-73,-189,-130,50,9,10,5,3
367,-188,-31,266,66,-506,-119,46,77,-82,22,-80,-159,-123,39,9,10,5,3
-266,504,-311,242,59,-517,-134,63,66,-82,20,-82,-151,-116,51,9,10,5,3
-305,473,-240,-149,-25,488,-131,56,67,-81,19,-84,-143,-109,64,9,10,5,3
-317,464,-138,-163,43,548,-131,48,71,-80,19,-83,-132,-102,79,9,10,5,3
-317,463,-11,-187,124,583,-133,43,74,-75,21,-81,-161,-141,26,9,10,5,3
-351,53,-47,-213,208,595,-144,50,68,-77,19,-85,-164,-154,14,9,10,5,3
-351,73,-98,-283,-2,-133,-146,48,69,-78,20,-88,-174,-165,3,9,10,5,3
-355,86,-144,-290,0,-134,-146,46,69,-78,23,-83,-176,-175,-5,9,10,5,3
-359,95,-194,-304,-1,-142,-145,44,70,-78,19,-81,-131,-92,66,9,10,5,3
-102,312,121,-322,-14,-157,-135,54,67,-80,21,-84,-134,-95,73,9,10,5,3
-75,309,186,532,47,525,-140,53,68,-83,21,-84,-140,-97,80,9,10,5,3
-38,297,249,579,96,502,-144,56,68,-85,21,-80,-133,-99,87,9,10,5,3
7,266,304,616,148,469,-143,58,67,-76,47,-74,-186,-164,34,9,10,5,3
364,-271,31,646,204,429,-130,58,76,-70,43,-74,-185,-158,31,9,10,5,3
385,-245,8,270,91,-479,-126,61,76,-67,41,-74,-188,-151,27,9,10,5,3
402,-211,-15,250,83,-474,-123,62,77,-64,39,-73,-189,-147,25,9,10,5,3
415,-182,-39,234,75,-466,-117,63,75,-75,13,-81,-147,-96,57,9,10,5,3
-397,404,-580,220,59,-461,-127,55,70,-72,11,-79,-137,-97,62,9,10,5,3
-406,400,-543,34,-158,327,-129,52,70,-67,8,-78,-130,-99,61,9,10,5,3
-386,423,-489,34,-79,392,-133,50,69,-65,7,-79,-116,-105,59,9,10,5,3
-360,459,-398,33,-11,449,-137,49,68,-74,30,-81,-160,-103,71,9,10,5,3
-413,-92,182,38,50,505,-125,69,74,-74,28,-74,-160,-118,54,9,10,5,3
-392,-75,141,-354,-24,-62,-137,58,68,-76,26,-73,-157,-133,37,9,10,5,3
-362,-60,108,-331,-35,-77,-140,58,68,-76,25,-81,-157,-147,23,9,10,5,3
-353,-50,77,-315,-45,-93,-143,60,68,-75,21,-75,-112,-132,67,9,10,5,3
-215,250,-118,-306,-58,-111,-145,60,69,-71,20,-76,-109,-129,68,9,10,5,3
-218,258,-68,300,-57,419,-140,78,72,-70,17,-76,-112,-126,69,9,10,5,3
-213,253,-13,347,-30,438,-137,77,72,-71,15,-78,-108,-121,73,9,10,5,3
-201,244,46,388,-5,454,-134,73,71,-69,48,-72,-177,-182,43,9,10,5,3
263,-251,87,432,20,463,-132,73,71,-68,45,-73,-174,-185,42,9,10,5,3
270,-244,76,272,120,-258,-114,78,78,-69,42,-73,-175,-187,40,9,10,5,3
282,-233,68,272,123,-271,-115,79,77,-72,41,-73,-175,-187,38,9,10,5,3
299,-220,64,276,130,-283,-118,78,76,-76,23,-74,-116,-144,37,9,10,5,3
-143,467,-679,281,134,-296,-119,75,75,-76,24,-75,-116,-137,43,9,10,5,3
-186,544,-593,-80,-324,46,-122,74,70,-75,25,-72,-125,-133,44,9,10,5,3
-232,600,-498,-57,-255,130,-125,72,70,-71,26,-73,-139,-130,41,9,10,5,3
-265,620,-409,-33,-184,211,-127,69,67,-81,29,-77,-121,-82,71,9,10,5,3
-352,-152,278,-16,-108,286,-129,69,67,-82,26,-77,-131,-96,65,9,10,5,3
-364,-125,225,-381,-52,-150,-127,67,70,-83,22,-78,-138,-112,56,9,10,5,3
-380,-94,168,-362,-61,-158,-128,65,70,-82,19,-79,-145,-131,43,9,10,5,3
-385,-58,112,-350,-71,-174,-128,65,70,-62,8,-78,-119,-151,55,9,10,5,3
-259,208,-85,-342,-80,-190,-131,65,69,-66,11,-79,-119,-150,56,9,10,5,3
-233,205,-9,160,-5,534,-124,88,78,-69,12,-78,-119,-147,58,9,10,5,3
-210,196,62,225,10,538,-123,95,77,-74,13,-78,-121,-145,59,9,10,5,3
-187,195,124,301,15,521,-120,99,74,-81,68,-72,-139,-225,14,9,10,5,3
242,-222,126,385,13,492,-119,97,75,-84,67,-73,-138,-224,14,9,10,5,3
242,-223,124,299,152,-87,-95,103,76,-87,66,-73,-134,-224,18,9,10,5,3
245,-212,129,318,157,-115,-91,99,76,327,-3606,-3657,-132,-223,24,9,10,5,3
253,-207,129,337,156,-150,-90,97,78,-74,39,-77,-115,-151,28,9,10,5,3
55,483,-846,349,151,-192,-89,96,80,-75,39,-74,-112,-148,33,9,10,5,3
-37,499,-781,31,-351,205,-124,87,63,-77,36,-72,-107,-142,40,9,10,5,3
-130,506,-700,-6,-262,319,-126,86,68,-78,35,-71,-103,-138,47,9,10,5,3
-193,514,-614,-47,-167,409,-128,85,72,-80,18,-77,-118,-128,52,9,10,5,3
-257,-213,342,-82,-73,475,-129,84,70,-77,15,-77,-114,-137,46,9,10,5,3
-253,-176,310,-265,-100,-71,-130,85,69,-77,12,-77,-115,-149,35,9,10,5,3
-265,-141,264,-239,-105,-77,-124,78,67,-78,11,-78,-118,-161,18,9,10,5,3
-295,-109,209,-214,-106,-85,-123,81,67,-70,6,-78,3689,3246,3079,9,10,5,3
-219,236,-141,-192,-99,-93,-123,86,67,-74,8,-79,-98,-148,51,9,10,5,3
-213,244,-94,245,-41,386,-121,89,68,-77,9,-81,-99,-149,52,9,10,5,3
-206,248,-49,532,162,274,-109,95,78,-80,10,-81,-102,-149,52,9,10,5,3
-195,246,-10,545,186,234,-107,95,78,-72,31,-73,-106,-146,49,9,10,5,3
245,-293,190,557,203,189,-105,93,76,-71,35,-70,-144,-220,27,9,10,5,3
238,-281,205,563,217,144,-105,90,75,-68,37,-71,-141,-219,24,9,10,5,3
228,-263,222,336,90,-259,-97,98,75,-69,41,-73,-139,-219,21,9,10,5,3
220,-244,234,320,77,-286,-98,103,77,-93,17,-80,-137,-219,21,9,10,5,3
54,333,-962,297,66,-323,-99,109,76,-89,14,-79,-80,-152,46,9,10,5,3
41,385,-913,270,62,-366,-100,114,75,-87,12,-82,-83,-139,40,9,10,5,3
20,412,-875,13,215,578,-133,104,69,-88,10,-84,-85,-126,34,9,10,5,3
-8,430,-841,-19,256,608,-129,103,71,-3869,3802,3414,-84,-114,34,9,10,5,3
-415,-299,553,-55,280,642,-123,103,73,-73,21,-76,-105,-200,-10,9,10,5,3
-401,-293,497,-95,298,674,-117,103,71,-71,20,-71,-107,-221,-19,9,10,5,3
-408,-274,457,-291,-168,-249,-111,97,69,-71,19,-74,-112,-242,-24,9,10,5,3
-411,-227,411,-288,-176,-253,-108,103,69,-68,18,-81,-112,-255,-21,9,10,5,3
-253,237,-146,-277,-181,-251,-104,108,68,-81,11,-76,-91,-151,35,9,10,5,3
-248,213,-89,-268,-185,-243,-101,111,68,-83,15,-78,-87,-146,37,9,10,5,3
-234,190,-30,594,254,98,-102,93,75,-85,18,-81,-94,-142,40,9,10,5,3
-223,176,28,594,277,53,-98,93,76,-86,20,-81,-92,-135,44,9,10,5,3
193,-375,0,587,293,12,-95,93,76,-87,33,-73,-117,-217,25,9,10,5,3
196,-350,-10,579,305,-30,-90,93,77,-86,30,-75,-114,-223,21,9,10,5,3
203,-322,-15,149,52,146,-98,111,72,-84,26,-77,-107,-229,17,9,10,5,3
209,-289,-18,166,58,176,-100,111,72,-82,24,-78,-100,-233,14,9,10,5,3
264,273,-933,191,67,194,-101,114,73,-70,34,-80,-61,-147,48,9,10,5,3
165,319,-994,223,84,201,-102,116,75,-75,34,-78,-56,-142,47,9,10,5,3
69,365,-1025,158,-157,337,-112,113,71,-76,33,-78,-50,-137,47,9,10,5,3
-85,-300,747,147,-28,434,-108,110,69,-92,42,-81,-73,-122,51,9,10,5,3
-125,-341,738,123,97,513,-106,107,70,-101,44,-79,-75,-110,57,9,10,5,3
-160,-368,715,88,205,578,-103,107,71,-105,48,-79,-82,-106,66,9,10,5,3
-191,-384,682,-235,-199,-198,-97,105,67,-103,46,-74,-92,-108,72,9,10,5,3
-244,302,-282,-233,-205,-202,-99,102,66,-62,5,-78,-78,-174,67,9,10,5,3
-235,304,-265,-235,-210,-200,-101,102,67,-64,4,-78,-71,-176,68,9,10,5,3
-232,298,-245,-242,-219,-198,-105,104,68,-65,3,-77,-63,-178,66,9,10,5,3
-235,284,-219,512,344,142,-73,107,75,-82,41,-75,-91,-244,31,9,10,5,3
355,-218,112,522,352,108,-75,103,77,-85,41,-75,-91,-239,32,9,10,5,3
360,-204,96,526,349,75,-76,101,78,-86,43,-74,-89,-230,35,9,10,5,3
359,-188,82,252,40,-330,-79,113,72,-83,31,-78,-77,-248,9,9,10,5,3
357,-171,70,247,32,-366,-88,110,71,-83,32,-76,-80,-252,3,9,10,5,3
163,158,-747,234,20,-398,-92,110,70,-84,34,-75,-79,-253,0,9,10,5,3
149,192,-746,211,8,-427,-93,111,69,-81,36,-74,-78,-254,-1,9,10,5,3
134,226,-742,154,24,457,-77,118,76,-89,29,-76,-46,-160,89,9,10,5,3
-240,-194,661,133,86,542,-78,120,79,-97,35,-76,-40,-150,89,9,10,5,3
-265,-209,626,100,152,607,-77,122,80,-103,40,-77,-41,-138,88,9,10,5,3
-290,-222,583,-551,-28,-171,-108,115,65,-56,18,-75,-54,-228,13,9,10,5,3
-247,153,-328,-513,-47,-167,-93,125,71,-60,21,-75,-66,-217,24,9,10,5,3
-244,159,-330,-477,-70,-161,-88,124,71,-67,22,-73,-76,-210,32,9,10,5,3
-229,173,-327,18,-277,104,-85,122,72,-74,22,-73,-85,-207,36,9,10,5,3
-203,187,-319,61,-245,144,-82,122,72,-99,31,-83,-68,-160,13,9,10,5,3
296,-152,471,99,-196,182,-81,127,74,-104,33,-81,-67,-157,19,9,10,5,3
312,-183,451,136,-140,221,-82,122,76,-106,34,-80,-70,-154,29,9,10,5,3
324,-208,431,288,199,-149,-79,117,76,-105,34,-78,-73,-151,44,9,10,5,3
330,-228,412,267,204,-146,-75,114,77,-97,38,-75,-54,-237,20,9,10,5,3
490,-323,-209,249,205,-146,-47,124,80,-98,36,-75,-54,-237,22,9,10,5,3
514,-343,-271,237,209,-146,-50,126,78,-99,34,-76,-54,-237,23,9,10,5,3
533,-363,-338,170,-221,-569,-55,128,77,-67,14,-76,-68,-154,55,9,10,5,3
546,-375,-408,189,-246,-546,-60,128,78,-65,13,-74,-61,-148,66,9,10,5,3
-302,411,239,186,-247,-497,-89,139,65,-66,11,-75,-55,-142,75,9,10,5,3
-249,361,341,155,-249,-458,-91,134,67,-66,9,-77,-48,-137,82,9,10,5,3
-202,310,450,-475,473,458,-93,128,70,-99,41,-76,-62,-211,43,9,10,5,3
2079,-2332,986,-490,434,406,-93,125,73,-93,36,-72,-54,-234,23,9,10,5,3
-333,194,-424,-503,377,333,-91,137,68,-86,31,-77,-42,-254,3,9,10,5,3
-303,217,-431,-538,318,248,-89,141,70,-78,25,-84,-32,-273,-14,9,10,5,3
-282,236,-444,-179,-267,-5,-86,144,70,-87,17,-82,-51,-144,84,9,10,5,3
-268,245,-460,-143,-258,43,-86,143,69,-103,33,-80,-59,-147,82,9,10,5,3
310,-51,495,-94,-236,96,-56,119,73,-103,31,-82,-57,-148,81,9,10,5,3
334,-76,482,-44,-201,156,-57,119,77,-100,30,-84,-56,-153,74,9,10,5,3
353,-102,466,297,292,-93,-58,120,78,-97,26,-78,-65,-219,38,9,10,5,3
367,-130,442,276,299,-86,-57,120,77,-67,21,-83,-65,-215,37,9,10,5,3
484,-296,-154,259,303,-78,-48,131,76,-66,21,-83,-64,-215,36,9,10,5,3
515,-321,-226,255,298,-70,-44,130,77,-69,23,-80,-62,-218,36,9,10,5,3
529,-340,-311,-30,-300,-781,-39,128,78,-70,24,-78,-41,-180,42,9,10,5,3
522,-355,-401,-13,-337,-748,-36,128,80,-52,-19,-89,-37,-160,44,9,10,5,3
80,378,224,11,-363,-711,-81,140,70,-56,0,-55,-38,-142,45,9,10,5,3
90,304,312,33,-393,-664,-79,143,68,-64,10,-33,-47,-130,42,9,10,5,3
86,239,399,-599,320,402,-76,143,68,-75,16,-22,-35,-216,15,9,10,5,3
73,193,484,-640,286,329,-74,142,70,-64,18,-69,-22,-238,-8,9,10,5,3
-434,169,-380,-673,246,258,-69,147,70,-65,16,-76,-7,-254,-27,9,10,5,3
-402,185,-412,-718,219,187,-68,149,67,-70,13,-80,0,-273,-42,9,10,5,3
-371,201,-437,-54,-313,-170,-68,149,65,-72,9,-80,-23,-179,47,9,10,5,3
-338,219,-453,-46,-312,-135,-67,146,67,-88,24,-81,-20,-168,49,9,10,5,3
204,-152,605,-38,-311,-95,-51,148,77,-88,25,-79,-21,-157,55,9,10,5,3
239,-215,607,-29,-304,-49,-54,145,75,-87,25,-77,-23,-149,64,9,10,5,3
265,-270,601,263,330,11,-55,142,77,-87,27,-79,-20,-231,35,9,10,5,3
284,-322,588,251,298,24,-50,139,77,-43,1,-88,-18,-232,38,9,10,5,3
457,-171,-91,247,268,37,-29,125,75,-40,0,-86,-18,-233,42,9,10,5,3
479,-196,-147,250,240,48,-32,123,77,-41,-1,-84,-23,-237,45,9,10,5,3
502,-218,-208,161,-33,-723,-32,122,78,-43,1,-87,-41,-192,42,9,10,5,3
517,-235,-270,151,-52,-715,-28,123,79,-65,-26,-102,-36,-194,38,9,10,5,3
-84,592,-93,147,-75,-708,-42,135,66,-66,-11,-73,-29,-195,37,9,10,5,3
-111,508,0,155,-114,-702,-45,139,65,-69,2,-53,-25,-193,36,9,10,5,3
-96,437,89,-564,396,553,-48,142,68,-68,14,-36,-61,-157,58,9,10,5,3
-43,395,187,-599,347,473,-52,148,73,-45,4,-83,-36,-191,29,9,10,5,3
-394,129,-266,-637,291,388,-72,140,65,-38,4,-75,-12,-223,0,9,10,5,3
-389,144,-316,-672,234,302,-69,140,66,-36,8,-67,6,-255,-23,9,10,5,3
-395,154,-372,-268,-188,-49,-68,141,66,-35,13,-66,-17,-145,73,9,10,5,3
-387,156,-423,-247,-204,-22,-67,141,63,-93,17,-83,-24,-136,81,9,10,5,3
44,107,316,-212,-215,3,-22,153,72,-96,19,-81,-27,-125,88,9,10,5,3
72,88,359,-162,-216,36,-22,147,72,-98,20,-81,-28,-116,89,9,10,5,3
99,63,396,353,408,-58,-24,139,71,-69,32,-77,-12,-247,40,9,10,5,3
206,-203,304,324,392,-74,-49,129,74,-67,34,-74,-6,-253,42,9,10,5,3
233,-181,312,293,373,-77,-47,131,72,-68,36,-69,-1,-260,42,9,10,5,3
263,-157,325,265,352,-68,-45,136,72,-68,38,-69,3,-266,41,9,10,5,3
297,-151,327,95,-49,-829,-43,144,76,-88,14,-80,1,-196,31,9,10,5,3
67,400,-816,67,-102,-825,-42,147,63,-85,12,-76,-2,-190,41,9,10,5,3
21,432,-786,36,-165,-821,-41,143,66,-81,11,-74,-7,-185,48,9,10,5,3
-33,463,-744,12,-230,-821,-39,141,69,-79,12,-75,-8,-180,54,9,10,5,3
-67,493,-671,-444,338,664,-35,142,72,-102,56,-73,-31,-131,104,9,10,5,3
-411,-155,418,-482,349,629,-25,125,72,-97,59,-70,-45,-135,119,9,10,5,3
-412,-134,371,-530,355,581,-24,121,73,-97,60,-68,-47,-144,122,9,10,5,3
-417,-118,319,-566,360,537,-20,123,77,-97,58,-74,-40,-151,112,9,10,5,3
-409,-102,265,-233,-194,-329,-13,127,78,-73,-2,-78,-1,-175,36,9,10,5,3
-110,366,-361,-229,-212,-340,-18,141,70,-69,-3,-77,0,-171,38,9,10,5,3
-105,374,-308,-220,-231,-343,-18,144,72,-67,-4,-76,1,-167,40,9,10,5,3
-104,375,-250,-212,-255,-337,-18,148,70,-69,-5,-76,2,-163,42,9,10,5,3
-101,371,-193,482,380,17,-18,151,66,-76,23,-71,2,-213,29,9,10,5,3
-20,-359,237,447,387,-9,-17,130,74,-77,27,-69,2,-216,31,9,10,5,3
-52,-333,241,404,389,-29,-14,131,76,-78,33,-71,0,-223,31,9,10,5,3
-74,-298,252,352,385,-30,-13,133,75,-78,38,-72,-2,-232,31,9,10,5,3
-83,-265,265,473,91,-304,-14,136,75,-91,37,-75,35,-230,28,9,10,5,3
575,-230,-793,469,94,-333,-2,143,71,-90,36,-75,34,-225,31,9,10,5,3
543,-208,-850,462,99,-375,-5,138,70,-92,36,-75,34,-218,36,9,10,5,3
507,-173,-904,451,98,-422,-6,132,70,-94,37,-77,31,-211,39,9,10,5,3
470,-113,-946,-208,-158,431,-8,128,70,-91,-10,-82,-25,-81,93,9,10,5,3
-72,-209,805,-174,-41,536,-13,148,74,-94,-6,-80,-33,-94,99,9,10,5,3
-95,-246,825,-132,65,638,-9,147,73,-94,-1,-77,-36,-109,106,9,10,5,3
-132,-285,827,-100,148,725,-9,147,72,-92,2,-77,-35,-124,111,9,10,5,3
-177,-322,809,-270,-95,-153,-15,148,71,-78,6,-75,26,-199,21,9,10,5,3
-243,224,-362,-288,-103,-160,1,159,71,-76,1,-79,24,-201,20,9,10,5,3
-222,224,-354,-306,-111,-170,2,155,71,-74,-2,-79,21,-203,21,9,10,5,3
-200,227,-330,306,-77,286,4,148,73,-91,14,-83,-11,-148,34,9,10,5,3
-183,229,-295,346,-47,313,5,142,76,-93,14,-83,-11,-160,29,9,10,5,3
211,-402,409,388,-19,331,-11,116,76,-93,12,-79,-6,-174,27,9,10,5,3
192,-408,404,430,13,343,-13,115,74,-94,12,-78,0,-189,24,9,10,5,3
176,-412,395,393,40,-76,-16,119,74,-90,10,-76,0,-190,57,9,10,5,3
164,-413,382,391,42,-93,-17,123,75,-90,9,-75,12,-199,54,9,10,5,3
500,-240,-652,396,46,-115,-14,158,68,-88,10,-77,26,-208,48,9,10,5,3
481,-228,-714,400,49,-137,-17,159,66,-86,10,-77,41,-217,43,9,10,5,3
451,-202,-772,-202,-542,-529,-18,162,65,-73,-12,-79,-6,-99,49,9,10,5,3
409,-172,-825,-188,-593,-456,-18,164,64,-79,-10,-82,-19,-85,55,9,10,5,3
38,-45,755,-166,-610,-385,-22,149,73,-82,-9,-88,-34,-76,67,9,10,5,3
6,-88,782,-132,-602,-312,-22,147,72,-84,-10,-90,-46,-68,83,9,10,5,3
-36,-124,799,-578,-6,3,-19,145,73,-67,-8,-77,122,-283,-20,9,10,5,3
-94,-156,805,-539,-58,-45,-13,143,73,-65,-3,-76,122,-280,-21,9,10,5,3
-272,190,-301,-517,-74,-68,0,156,67,-67,0,-77,112,-275,-18,9,10,5,3
-276,195,-302,-504,-100,-57,0,156,67,-69,3,-78,103,-265,-11,9,10,5,3
-285,202,-308,-61,-235,64,3,155,69,-91,3,-82,26,-148,78,9,10,5,3
-296,208,-314,-28,-234,102,9,150,71,-88,6,-83,22,-144,75,9,10,5,3
282,-169,464,9,-232,144,4,148,76,-86,7,-84,18,-143,69,9,10,5,3
292,-209,455,51,-223,186,9,146,79,-88,6,-79,16,-141,62,9,10,5,3
297,-248,444,303,284,12,14,149,81,-89,34,-77,31,-209,40,9,10,5,3
484,-150,18,327,271,6,16,149,75,-88,32,-76,33,-213,39,9,10,5,3
506,-156,-18,349,254,-8,33,129,77,-89,31,-76,38,-220,39,9,10,5,3
529,-171,-57,-67,-105,-860,34,131,73,-76,-4,-79,56,-193,48,9,10,5,3
-296,585,-786,-111,-137,-848,32,131,70,-77,-3,-80,59,-198,52,9,10,5,3
-367,612,-713,-133,-186,-830,30,129,71,-79,-2,-79,66,-196,56,9,10,5,3
-396,647,-624,-145,-241,-814,21,151,76,-81,-2,-77,69,-187,59,9,10,5,3
-391,685,-502,-355,473,573,18,154,75,-76,19,-77,0,-147,76,9,10,5,3
-497,-43,168,-418,461,548,14,156,73,-76,18,-78,0,-157,74,9,10,5,3
-523,-14,98,-462,428,516,11,160,72,-78,17,-72,10,-164,71,9,10,5,3
-517,15,36,-506,393,482,13,149,70,-82,16,-71,27,-175,61,9,10,5,3
-498,40,-12,-39,-183,6,18,150,72,-80,9,-80,34,-154,69,9,10,5,3
-44,173,108,-20,-181,23,23,151,72,-83,9,-82,34,-149,68,9,10,5,3
-39,168,148,0,-177,45,27,152,71,-87,10,-81,36,-142,69,9,10,5,3
-21,159,190,21,-171,71,22,137,73,-92,12,-79,37,-138,70,9,10,5,3
-3,145,239,374,353,-38,15,131,77,-101,53,-107,101,-243,45,9,10,5,3
510,-213,31,371,354,-57,10,128,79,-105,54,-103,92,-237,47,9,10,5,3
527,-237,-31,375,350,-85,9,125,78,-107,53,-100,84,-232,49,9,10,5,3
548,-260,-103,378,352,-109,52,131,73,-103,52,-95,79,-228,49,9,10,5,3
567,-285,-182,92,-439,-551,50,131,75,-98,11,-11,36,-118,65,9,10,5,3
-187,602,-164,38,-459,-492,49,131,77,-101,11,-30,38,-112,68,9,10,5,3
-159,553,-75,-12,-474,-451,-96,2110,-3403,-98,13,-50,41,-107,71,9,10,5,3
-124,506,2,-47,-496,-414,22,141,74,-92,14,-61,40,-102,70,9,10,5,3
-80,465,81,-531,190,205,22,142,73,-90,18,-86,138,-235,-36,9,10,5,3
-375,142,-180,-502,131,195,24,143,71,-86,17,-79,143,-233,-22,9,10,5,3
-366,160,-220,-470,74,128,28,140,72,-82,16,-75,145,-229,-4,9,10,5,3
-343,171,-261,-447,9,46,52,134,72,-78,17,-73,141,-230,8,9,10,5,3
-323,177,-294,47,-84,251,52,136,72,-75,0,-78,59,-160,57,9,10,5,3
203,-48,437,76,-59,288,51,137,72,-79,1,-81,59,-161,49,9,10,5,3
229,-91,432,112,-35,323,50,138,71,-84,4,-80,58,-161,40,9,10,5,3
248,-130,421,149,-15,356,34,130,74,-89,9,-79,55,-158,35,9,10,5,3
260,-163,408,422,165,224,37,126,79,-94,18,-78,94,-239,11,9,10,5,3
587,-371,-366,477,170,168,42,120,81,-76,15,-76,101,-243,9,9,10,5,3
576,-391,-458,529,172,97,46,116,81,-77,19,-69,106,-243,10,9,10,5,3
552,-410,-544,574,174,13,65,118,76,-75,23,-69,111,-247,12,9,10,5,3
523,-427,-619,227,-494,-224,66,122,75,-71,26,-69,37,-142,72,9,10,5,3
70,557,153,226,-486,-116,64,126,76,-56,-16,-71,35,-153,67,9,10,5,3
53,513,238,214,-446,-13,61,125,73,-57,-20,-72,36,-154,62,9,10,5,3
41,450,306,191,-384,77,29,140,71,-56,-21,-77,41,-147,64,9,10,5,3
29,382,370,-528,31,20,29,139,74,-55,-23,-81,200,-244,-36,9,10,5,3
-413,151,-158,-504,-19,-41,33,142,72,-79,20,-77,191,-241,-20,9,10,5,3
-385,182,-203,-479,-61,-71,33,144,69,-84,18,-72,177,-230,-3,9,10,5,3
-356,202,-235,-454,-88,-88,59,132,72,-84,16,-72,156,-217,9,9,10,5,3
-329,218,-263,74,-70,269,59,130,72,-86,12,-75,77,-154,50,9,10,5,3
103,92,447,104,-16,328,60,129,71,-90,16,-73,77,-159,45,9,10,5,3
131,84,465,129,29,390,60,129,72,-90,16,-70,78,-154,44,9,10,5,3
156,65,477,155,60,447,38,123,77,-89,14,-69,76,-149,42,9,10,5,3
176,33,478,209,291,-35,40,125,75,-89,12,-72,90,-183,43,9,10,5,3
345,-226,102,211,269,-30,40,126,75,-86,8,-74,93,-181,42,9,10,5,3
511,-172,-164,214,241,-29,42,125,75,-83,8,-74,98,-181,39,9,10,5,3
523,-187,-222,218,213,-29,53,124,73,-83,8,-75,102,-185,35,9,10,5,3
536,-201,-285,75,-75,-761,56,124,72,-84,10,-75,124,-173,26,9,10,5,3
543,-210,-350,26,-105,-786,56,123,68,-48,-10,-78,127,-171,28,9,10,5,3
-25,496,157,-25,-165,-810,55,125,68,-52,-11,-80,128,-167,30,9,10,5,3
8,420,239,-72,-243,-830,59,140,72,-55,-14,-79,127,-159,35,9,10,5,3
51,349,321,-608,577,526,53,141,72,-60,-15,-83,55,-152,69,9,10,5,3
89,288,419,-617,524,478,48,142,75,-70,-3,-71,85,-155,45,9,10,5,3
-417,117,-180,-637,447,414,44,147,77,-66,0,-74,116,-164,20,9,10,5,3
-419,148,-223,-656,338,345,49,146,68,-67,3,-79,146,-179,1,9,10,5,3
-411,172,-267,-17,-285,96,50,144,69,-65,7,-81,43,-111,74,9,10,5,3
-386,188,-297,220,27,344,55,141,69,-116,11,-86,45,-108,85,9,10,5,3
201,-205,445,230,111,376,61,137,69,-119,15,-85,48,-109,95,9,10,5,3
222,-252,435,228,197,403,68,107,81,-124,19,-83,54,-118,99,9,10,5,3
237,-289,412,221,275,425,73,100,81,-125,23,-85,149,-154,28,9,10,5,3
250,-313,376,302,144,189,76,95,81,-64,-21,-77,149,-156,25,9,10,5,3
523,-142,0,337,129,163,75,90,77,-56,-22,-76,150,-162,23,9,10,5,3
546,-161,-46,364,116,135,52,110,74,-50,-21,-75,149,-166,21,9,10,5,3
569,-187,-97,386,108,107,56,113,74,-46,-18,-74,137,-155,29,9,10,5,3
588,-220,-154,52,-441,-657,61,114,73,-76,2,-81,133,-160,32,9,10,5,3
-63,505,-230,41,-465,-592,65,117,73,-77,5,-79,127,-161,35,9,10,5,3
-9,475,-144,31,-479,-534,71,114,76,-77,8,-78,124,-164,38,9,10,5,3
43,442,-33,32,-493,-479,77,98,81,-75,9,-75,26,-84,91,9,10,5,3
83,396,85,-697,248,246,84,83,82,-84,-18,-92,41,-102,91,9,10,5,3
-474,100,-34,-683,152,199,93,74,83,-64,-23,-89,55,-125,88,9,10,5,3
-445,125,-69,-626,96,153,61,155,63,-43,-23,-77,77,-152,75,9,10,5,3
-413,149,-83,-559,31,95,79,123,70,-31,-14,-71,145,-154,51,9,10,5,3
-392,179,-94,72,-116,132,79,121,70,-82,4,-72,148,-147,55,9,10,5,3
-10,41,214,96,-86,161,81,121,73,-88,11,-77,150,-142,55,9,10,5,3
14,29,246,117,-60,187,81,118,73,-94,16,-78,149,-136,55,9,10,5,3
41,15,279,139,-35,214,79,95,78,-103,21,-78,158,-177,35,9,10,5,3
72,0,308,260,213,21,74,93,83,-69,9,-70,162,-176,35,9,10,5,3
461,-187,192,257,203,16,71,87,82,-71,9,-74,164,-172,35,9,10,5,3
496,-183,158,259,195,9,68,85,82,-71,9,-73,166,-169,32,9,10,5,3
527,-178,121,265,189,0,89,106,76,-74,9,-71,170,-167,7,9,10,5,3
555,-176,81,73,-134,-747,93,109,74,-75,15,-69,166,-170,4,9,10,5,3
-254,485,-737,62,-196,-747,95,113,72,-74,18,-71,163,-169,1,9,10,5,3
-230,580,-636,58,-254,-740,96,118,70,-73,21,-71,161,-169,1,9,10,5,3
-220,645,-534,47,-291,-729,94,124,76,-73,23,-74,96,-135,77,9,10,5,3
-224,665,-438,-424,526,541,96,128,75,-113,19,-86,102,-134,76,9,10,5,3
-528,-72,206,-435,524,516,98,130,75,-112,16,-83,104,-127,75,9,10,5,3
-496,90,-164,-450,497,487,100,130,73,-116,16,-73,103,-120,71,9,10,5,3
-522,115,-229,-476,457,447,68,130,65,-124,14,-78,117,-112,39,9,10,5,3
-530,134,-286,-86,-75,39,68,128,65,-69,-11,-79,117,-107,47,9,10,5,3
-520,157,-324,-62,-66,55,68,128,68,-66,-15,-77,114,-105,53,9,10,5,3
272,-4,233,-39,-69,67,71,128,70,-64,-18,-80,112,-104,61,9,10,5,3
280,-42,245,-16,-78,78,78,93,80,-63,-20,-79,191,-169,30,9,10,5,3
280,-81,257,247,396,117,88,94,85,-99,43,-73,181,-170,38,9,10,5,3
274,-124,271,257,363,108,97,92,85,-100,41,-69,169,-169,47,9,10,5,3
609,-106,67,269,331,99,100,89,82,-105,41,-70,159,-171,55,9,10,5,3
618,-136,-10,289,299,97,97,92,81,-105,40,-77,166,-132,17,9,10,5,3
627,-177,-85,-63,0,-988,97,90,80,-101,9,-78,166,-129,26,9,10,5,3
635,-225,-165,-58,-52,-982,97,91,76,-101,9,-81,165,-144,33,9,10,5,3
-144,552,43,-42,-98,-970,97,137,66,-101,10,-80,164,-150,39,9,10,5,3
-128,483,110,-31,-133,-952,93,141,64,-96,11,-80,162,-142,45,9,10,5,3
-99,411,182,-397,407,558,90,142,65,-112,18,-83,112,-120,63,9,10,5,3
-63,354,268,-415,404,506,90,140,70,-119,20,-83,114,-118,68,9,10,5,3
-377,96,-121,-426,400,455,88,114,68,-118,20,-85,123,-125,66,9,10,5,3
-378,118,-168,-98,1818,1369,83,116,69,-114,18,-84,130,-124,59,9,10,5,3
-359,136,-198,-169,-146,-1,80,120,71,-74,-1,-76,119,-96,64,9,10,5,3
-336,150,-212,-165,-152,11,81,124,72,-75,-2,-75,117,-94,59,9,10,5,3
0,91,137,-158,-158,20,110,95,73,-73,-5,-79,114,-93,57,9,10,5,3
151,-75,299,313,278,121,107,95,73,-73,19,-17,213,-136,36,9,10,5,3
174,-105,308,314,298,113,106,96,73,-76,23,-24,214,-139,38,9,10,5,3
193,-134,304,313,305,103,96,75,78,-81,28,-34,213,-145,39,9,10,5,3
428,-41,246,434,171,-18,96,74,78,-67,-3,-79,162,-133,50,9,10,5,3
463,-49,209,442,164,-63,98,73,78,-72,0,-80,157,-132,51,9,10,5,3
492,-57,164,448,157,-110,98,73,76,-75,4,-81,152,-130,52,9,10,5,3
516,-63,118,449,149,-165,94,115,65,-74,7,-81,148,-129,51,9,10,5,3
6,485,-430,203,-311,-251,95,122,64,-45,-46,-153,87,-90,60,9,10,5,3
23,435,-361,240,-311,-166,95,123,65,-44,-62,-153,72,-90,62,9,10,5,3
49,377,-302,271,-303,-75,98,122,67,-53,-70,-145,62,-93,70,9,10,5,3
90,345,-238,295,-286,12,88,109,72,-60,-64,-125,53,-88,83,9,10,5,3
-545,-119,127,-626,-34,-33,93,98,72,-72,-8,-80,275,-107,-33,9,10,5,3
-541,-88,51,-569,-59,-40,108,90,79,-66,-8,-77,257,-105,-22,9,10,5,3
-518,-60,-6,-499,-83,-52,116,86,80,-63,-5,-75,236,-101,-9,9,10,5,3
-490,-28,-49,-425,-100,-69,113,77,73,-62,-1,-73,216,-100,5,9,10,5,3
-122,157,84,65,-54,206,113,83,72,-80,-6,-79,129,-90,37,9,10,5,3
-103,152,120,90,-34,234,113,88,71,-83,-5,-78,133,-90,40,9,10,5,3
-79,144,163,115,-10,262,110,94,71,-86,-1,-77,140,-90,43,9,10,5,3
-54,135,202,140,11,288,95,82,78,-91,1,-74,145,-89,46,9,10,5,3
209,-165,296,295,254,55,102,86,76,-58,8,-80,192,-124,46,9,10,5,3
238,-177,280,306,250,44,108,90,75,-59,9,-80,189,-119,45,9,10,5,3
271,-183,263,323,247,31,113,94,74,-62,8,-82,186,-114,44,9,10,5,3
310,-187,245,347,248,17,112,80,71,-70,11,-82,184,-112,42,9,10,5,3
-260,327,-884,-214,-274,-607,111,85,71,-82,9,-51,166,-67,18,9,10,5,3
-276,352,-832,-228,-314,-578,108,90,71,-81,8,-61,155,-67,23,9,10,5,3
-279,374,-766,-230,-357,-541,1201,588,277,-79,7,-70,141,-65,33,9,10,5,3
-270,393,-698,-215,-394,-500,104,81,78,-77,8,-77,125,-62,46,9,10,5,3
-378,-196,523,-518,384,466,107,78,80,-90,20,-71,191,-116,82,9,10,5,3
-377,-188,470,-517,370,442,108,75,77,-85,17,-72,218,-119,58,9,10,5,3
-384,-181,428,-513,341,413,107,78,75,-82,15,-71,244,-105,35,9,10,5,3
-394,-162,392,-516,299,368,130,93,65,-79,14,-74,263,-85,14,9,10,5,3
-142,266,-197,-86,-290,-33,126,92,65,-86,-11,-82,124,-73,61,9,10,5,3
-20,133,192,-65,-279,6,121,91,69,-91,-9,-79,125,-74,62,9,10,5,3
11,119,231,-43,-259,46,117,89,72,-95,-9,-79,125,-75,66,9,10,5,3
38,104,267,-20,-231,86,113,58,78,-96,-9,-83,125,-76,73,9,10,5,3
57,88,301,250,299,106,114,56,78,-77,0,-73,257,-81,22,9,10,5,3
271,-132,205,396,165,14,114,54,79,-80,2,-75,244,-82,20,9,10,5,3
285,-131,193,395,156,-7,113,53,80,-86,5,-74,229,-84,22,9,10,5,3
304,-130,186,394,159,-28,113,74,75,-90,10,-73,215,-91,26,9,10,5,3
327,-130,172,396,171,-44,118,75,74,-90,1,-82,188,-72,10,9,10,5,3
-149,240,-949,-158,-320,-680,122,75,71,-90,0,-80,179,-73,20,9,10,5,3
-166,300,-915,-153,-338,-643,122,75,68,-87,-1,-76,171,-69,32,9,10,5,3
-171,366,-867,-146,-347,-603,135,86,75,-83,-1,-73,167,-68,41,9,10,5,3
-179,433,-814,-126,-353,-558,140,84,74,-70,-8,-80,177,-60,51,9,10,5,3
-314,-231,610,-452,342,477,142,82,74,-74,0,-74,171,-55,54,9,10,5,3
-314,-222,584,-473,316,455,140,79,75,-78,9,-73,164,-51,58,9,10,5,3
-318,-207,553,-487,277,433,124,83,71,-83,19,-75,156,-51,64,9,10,5,3
-329,-186,518,-485,220,390,126,81,68,-74,-7,-83,173,-70,37,9,10,5,3
-132,295,-302,-103,-211,-151,130,82,70,-73,-7,-82,169,-70,42,9,10,5,3
-120,304,-268,-108,-202,-134,132,81,71,-74,-6,-76,166,-69,48,9,10,5,3
-107,298,-230,-109,-198,-113,138,76,73,-74,-5,-76,163,-63,54,9,10,5,3
-104,277,-192,-98,-197,-87,137,76,71,-77,14,-67,150,-58,82,9,10,5,3
244,-120,254,431,352,114,136,76,68,-74,13,-69,153,-62,80,9,10,5,3
235,-136,245,425,362,80,133,77,69,-73,10,-75,157,-64,75,9,10,5,3
223,-151,236,417,368,50,123,60,78,-75,6,-77,162,-66,67,9,10,5,3
209,-162,230,409,372,16,121,54,78,-108,29,-66,213,-66,30,9,10,5,3
576,-372,-638,207,129,-639,116,47,77,-109,28,-74,213,-64,26,9,10,5,3
548,-353,-715,170,112,-671,114,41,78,-112,22,-81,216,-62,26,9,10,5,3
517,-325,-782,135,92,-698,140,96,62,-112,17,-91,219,-60,27,9,10,5,3
486,-288,-842,115,68,-720,142,95,60,-55,-31,-80,90,-51,65,9,10,5,3
-14,52,615,-315,304,704,140,94,62,-53,-33,-83,93,-52,66,9,10,5,3
-31,2,663,-523,399,498,135,71,70,-55,-36,-78,100,-53,73,9,10,5,3
-56,-36,708,-528,344,450,138,65,76,-76,-10,-79,260,-33,-6,9,10,5,3
-363,119,-142,-548,285,393,143,62,76,-76,-10,-78,250,-34,4,9,10,5,3
-355,139,-203,-571,215,344,140,61,69,-74,-9,-77,242,-42,13,9,10,5,3
-329,161,-236,-173,-199,-172,130,43,71,-70,-7,-76,233,-54,21,9,10,5,3
-289,188,-246,-166,-211,-159,132,41,70,-92,-5,-82,175,-36,71,9,10,5,3
2,182,244,-159,-222,-145,134,39,71,-110,-3,-82,166,-31,74,9,10,5,3
32,149,285,-154,-233,-133,133,36,73,-111,-3,-82,156,-33,70,9,10,5,3
70,116,316,369,354,32,106,35,75,-107,-4,-82,147,-36,64,9,10,5,3
121,80,342,332,330,70,103,40,75,-102,-7,-81,248,-56,38,9,10,5,3
370,-284,160,299,302,110,102,45,74,-84,17,-75,237,-65,49,9,10,5,3
384,-319,125,275,270,138,103,50,73,-85,20,-76,227,-71,60,9,10,5,3
403,-348,95,217,195,-602,137,10,81,-83,18,-74,219,-74,68,9,10,5,3
423,-373,55,234,158,-614,137,8,78,-81,14,-77,186,-45,26,9,10,5,3
15,542,-749,248,112,-620,138,8,78,-67,-26,-63,184,-38,15,9,10,5,3
-70,585,-712,260,62,-619,138,10,76,-69,-22,-65,180,-27,14,9,10,5,3
-152,628,-653,-254,176,619,150,58,74,-65,-18,-66,173,-14,17,9,10,5,3
-216,668,-580,-272,237,597,149,62,74,-60,-16,-68,220,-31,28,9,10,5,3
-457,-107,291,-290,287,568,145,63,72,-87,14,-69,217,-32,23,9,10,5,3
-439,-76,250,-311,327,540,141,66,69,-87,12,-71,215,-33,16,9,10,5,3
-415,-48,195,-222,-71,-106,133,46,72,-87,11,-78,216,-29,13,9,10,5,3
-418,-29,128,-234,-76,-100,134,46,73,-96,10,-74,162,-40,63,9,10,5,3
-89,242,-68,-242,-85,-94,136,45,74,-87,-16,-83,158,-38,61,9,10,5,3
-87,242,-51,-243,-93,-89,139,42,76,-89,18,1,153,-35,59,9,10,5,3
-83,241,-33,401,169,309,137,46,76,-72,15,5,147,-28,61,9,10,5,3
-79,239,-11,413,214,299,138,46,78,-61,3,0,222,-45,61,9,10,5,3
294,-232,332,422,259,288,140,43,78,-61,-3,-15,220,-41,57,9,10,5,3
295,-238,315,425,301,275,145,40,77,-56,-1,-77,221,-37,52,9,10,5,3
282,-243,305,265,326,-375,131,16,76,-56,-3,-79,220,-30,48,9,10,5,3
272,-249,295,247,341,-412,130,13,78,-58,-8,-81,209,-21,2,9,10,5,3
260,8,-809,230,341,-459,131,12,79,-63,-9,-83,215,-18,4,9,10,5,3
262,50,-825,216,328,-512,128,13,76,-108,3,-26,218,-16,8,9,10,5,3
258,108,-829,-84,-347,164,141,39,65,-110,-1,-35,224,-18,14,9,10,5,3
252,176,-807,-115,-256,236,142,43,67,-107,-3,-48,235,19,73,9,10,5,3
-273,-127,723,-135,-176,312,144,46,70,-102,-5,-62,218,12,79,9,10,5,3
-410,-45,379,-148,-103,390,147,46,71,-78,0,-85,194,2,83,9,10,5,3
-426,-29,312,-233,-75,-73,142,39,70,-76,-1,-78,180,-3433,923,9,10,5,3
-445,-10,241,-231,-67,-92,142,43,71,-78,0,-76,200,-11,19,9,10,5,3
-193,174,-256,-236,-62,-106,141,47,70,-63,-33,-77,200,-13,22,9,10,5,3
-187,175,-239,-46,-305,-42,135,14,71,-66,-29,-78,200,-14,26,9,10,5,3
-187,171,-228,-16,-289,-7,134,15,71,-70,-24,-81,199,-15,30,9,10,5,3
-192,170,-225,14,-276,29,136,18,72,-76,-20,-81,203,-16,63,9,10,5,3
334,-363,307,46,-256,72,137,21,69,-109,23,-72,211,-16,68,9,10,5,3
313,-371,280,186,375,-16,132,6,77,-116,22,-74,215,-12,76,9,10,5,3
290,-373,262,179,355,10,138,6,75,-118,22,-77,219,-12,77,9,10,5,3
264,-376,255,175,329,31,142,7,76,-116,22,-78,231,-6,29,9,10,5,3
649,-287,-649,172,306,43,144,9,77,-84,-8,-76,228,-5,29,9,10,5,3
638,-244,-694,129,-190,-638,148,32,71,-80,-7,-75,226,-4,25,9,10,5,3
614,-206,-743,75,-228,-642,149,31,70,-75,-8,-75,116,20,85,9,10,5,3
53,311,248,7,-259,-649,149,30,69,-84,-43,-86,86,9,92,9,10,5,3
100,241,326,-7,303,593,145,18,71,-69,-46,-83,53,0,100,9,10,5,3
132,186,406,-73,336,572,138,26,71,-56,-46,-80,29,-14,99,9,10,5,3
145,136,484,-137,351,548,133,38,70,-47,-45,-79,226,56,-2,9,10,5,3
-395,136,-259,-190,353,526,131,47,70,-64,-21,-72,237,62,-11,9,10,5,3
-362,157,-277,-163,-247,-141,160,14,69,-60,-21,-71,247,67,-9,9,10,5,3
-334,179,-292,-138,-253,-134,150,9,70,-56,-22,-71,251,62,-5,9,10,5,3
-304,205,-303,-109,-248,-120,149,9,72,-52,-23,-74,163,9,72,9,10,5,3
110,46,291,-88,-236,-103,149,9,70,-73,-5,-106,161,10,68,9,10,5,3
116,16,310,322,283,216,144,10,69,-78,-8,-118,163,8,61,9,10,5,3
119,-18,329,315,281,204,114,12,73,-82,-8,-103,235,40,35,9,10,5,3
122,-56,339,316,275,189,109,12,74,-85,-6,-73,230,36,37,9,10,5,3
358,-306,40,321,273,168,107,10,75,-78,2,-79,227,29,41,9,10,5,3
380,-338,10,169,222,-658,110,7,75,-81,0,-80,225,17,47,9,10,5,3
400,-371,-25,162,202,-667,138,0,70,-85,0,-81,228,33,15,9,10,5,3
422,-399,-72,153,181,-672,136,1,70,-88,0,-82,229,29,17,9,10,5,3
-182,614,-288,138,160,-674,138,3,71,-100,-9,-50,230,31,22,9,10,5,3
-168,575,-202,159,-30,463,142,6,71,-95,-13,-67,224,37,27,9,10,5,3
-125,545,-122,164,72,499,134,10,73,-92,-19,-75,230,71,3,9,10,5,3
-67,525,-39,152,170,519,127,14,74,-86,-27,-75,216,61,10,9,10,5,3
-460,-69,250,130,254,524,122,12,77,-85,0,-76,201,49,23,9,10,5,3
-460,-63,213,-435,-193,-136,122,8,80,-84,0,-74,193,32,38,9,10,5,3
-466,-51,175,-402,-196,-164,154,15,67,-83,-1,-77,185,18,59,9,10,5,3
-479,-33,124,-375,-196,-183,157,16,67,-82,0,-79,176,14,67,9,10,5,3
-93,337,-29,-350,-194,-192,159,15,69,-80,-24,-76,175,7,68,9,10,5,3
-65,323,27,392,76,339,139,-18,76,-88,-14,-74,151,0,58,9,10,5,3
-37,317,83,429,103,329,131,-18,75,-94,-4,-68,159,4,62,9,10,5,3
130,-314,376,458,137,312,126,-19,80,-66,11,-90,167,11,65,9,10,5,3
142,-291,379,473,181,285,125,-22,86,-78,17,-88,178,14,65,9,10,5,3
169,-280,369,283,275,-477,114,-21,80,-93,21,-88,235,53,26,9,10,5,3
199,-285,341,274,258,-517,116,-23,80,-111,21,-91,237,57,25,9,10,5,3
283,68,-847,256,240,-546,120,-25,80,-65,-19,-87,236,59,22,9,10,5,3
265,122,-830,232,226,-572,123,-27,79,-62,-23,-94,236,60,18,9,10,5,3
212,172,-826,159,-321,157,152,-11,73,-60,-23,-105,88,-26,100,9,10,5,3
138,223,-829,168,-258,252,157,-14,74,-55,-20,-115,104,-31,96,9,10,5,3
-281,-123,741,162,-177,334,162,-20,73,-114,10,-77,120,-26,96,9,10,5,3
-314,-142,734,149,-84,400,167,-22,71,-117,12,-77,139,-16,94,9,10,5,3
-335,-153,720,-415,-181,-137,147,0,74,-118,13,-74,228,84,5,9,10,5,3
-356,-163,695,-376,-179,-166,147,1,71,-119,14,-71,216,76,6,9,10,5,3
-163,383,-404,-345,-177,-199,149,0,71,-64,-26,-77,206,67,3,9,10,5,3
-148,384,-364,-329,-178,-226,157,3,71,-68,-28,-76,204,60,-2,9,10,5,3
-135,377,-316,360,205,383,147,-14,73,-72,-30,-78,174,54,69,9,10,5,3
241,-240,349,409,483,111,143,-12,75,-109,30,-31,180,58,62,9,10,5,3
238,-259,339,385,495,75,142,-12,77,-101,32,-27,188,60,52,9,10,5,3
233,-273,331,357,497,43,140,-11,77,-95,26,-26,195,58,41,9,10,5,3
227,-287,320,334,482,19,137,-25,73,-97,12,-25,210,66,48,9,10,5,3
636,-510,-469,267,272,-680,139,-23,73,-81,-2,-86,213,65,52,9,10,5,3
613,-520,-604,217,255,-746,139,-21,75,-87,-2,-89,215,62,56,9,10,5,3
574,-510,-738,166,230,-800,144,-32,67,-91,-2,-93,91,27,59,9,10,5,3
310,471,5,442,-129,358,143,-32,68,-54,-44,-65,96,17,51,9,10,5,3
327,416,106,399,-52,471,141,-31,67,-61,-14,-67,102,7,44,9,10,5,3
330,339,180,329,40,552,124,-16,71,-70,-9,-72,149,8,89,9,10,5,3
334,263,249,242,141,606,124,-14,74,-80,-4,-73,158,20,81,9,10,5,3
-418,184,-284,-204,-156,-167,126,-21,78,-89,2,-71,172,33,68,9,10,5,3
-390,209,-333,-194,-162,-191,131,-26,77,-83,-19,-82,197,44,55,9,10,5,3
-350,227,-364,-196,-171,-217,131,-55,76,-80,-26,-81,148,58,61,9,10,5,3
-313,239,-382,-196,-180,-234,127,-56,75,-75,-29,-79,148,57,54,9,10,5,3
28,0,327,301,139,404,123,-54,75,-71,-31,-78,149,54,49,9,10,5,3
44,-17,348,342,180,411,121,-50,75,-85,-3,-47,147,52,48,9,10,5,3
67,-37,364,382,221,411,119,-49,83,-87,7,-26,244,122,45,9,10,5,3
89,-59,379,411,261,400,122,-47,82,-85,16,-8,241,121,49,9,10,5,3
403,-80,284,353,176,49,126,-42,80,-50,-18,-80,239,118,51,9,10,5,3
432,-88,256,360,185,15,124,-37,77,-49,-17,-78,231,115,54,9,10,5,3
452,-102,218,363,201,-16,124,-49,70,-51,-16,-76,177,71,20,9,10,5,3
468,-121,172,367,221,-47,127,-47,73,-55,-15,-78,174,68,18,9,10,5,3
-218,580,-929,12,-530,-556,128,-47,73,-75,0,-11,173,68,15,9,10,5,3
-262,622,-856,39,-550,-507,129,-44,72,-83,-4,-6,179,70,10,9,10,5,3
-294,645,-764,64,-562,-446,167,-46,72,-88,-8,-13,201,126,77,9,10,5,3
-299,653,-642,85,-562,-374,167,-47,73,-90,-11,-27,205,135,58,9,10,5,3
-552,-244,465,-607,-95,202,156,-42,69,-93,-21,-89,197,138,40,9,10,5,3
-553,-199,416,-593,-108,148,145,-34,69,-90,-18,-84,181,132,27,9,10,5,3
-528,-166,369,-563,-126,56,144,-44,70,-84,-15,-77,159,70,58,9,10,5,3
-526,-127,311,-528,-150,-24,145,-48,69,-77,-12,-72,153,75,62,9,10,5,3
-54,382,-97,55,-306,21,145,-48,70,-69,-34,-78,152,82,64,9,10,5,3
-61,388,-57,92,-286,72,144,-51,70,-74,-31,-83,148,88,66,9,10,5,3
-66,393,-12,131,-259,122,153,-30,70,-78,-29,-83,225,128,21,9,10,5,3
-57,394,34,168,-226,166,148,-29,71,-89,-26,-72,231,134,26,9,10,5,3
-58,-287,288,59,386,135,143,-34,75,-108,-4,-80,233,139,29,9,10,5,3
-41,-235,320,351,311,5,121,-68,85,-106,-7,-80,215,113,50,9,10,5,3
-23,-187,348,378,296,-10,116,-71,84,-100,-3,-84,207,117,50,9,10,5,3
388,-312,-820,394,278,-37,109,-72,82,-92,-8,-74,198,120,50,9,10,5,3
337,-273,-854,398,265,-77,104,-74,80,-85,-8,-77,193,121,48,9,10,5,3
296,-225,-886,29,-571,-643,140,-50,65,-78,-9,-77,80,41,73,9,10,5,3
267,-161,-909,170,-192,468,137,-53,65,-76,-10,-76,63,27,72,9,10,5,3
0,-67,886,106,-56,576,133,-53,64,-52,-13,-67,44,14,76,9,10,5,3
-61,-110,926,37,67,654,130,-53,66,-54,-12,-69,33,1,84,9,10,5,3
-124,-145,960,-24,174,709,127,-60,69,-58,-11,-68,229,183,-19,9,10,5,3
-191,-174,981,-167,-174,-195,129,-64,73,-63,-9,-66,224,188,-17,9,10,5,3
-220,292,-407,-220,-228,-201,132,-71,77,-66,-29,-83,218,185,-15,9,10,5,3
-197,303,-399,-217,-232,-196,135,-74,77,-66,-34,-82,212,176,-11,9,10,5,3
-179,309,-399,-208,-234,-191,130,-65,68,-69,-37,-82,156,100,36,9,10,5,3
-166,310,-406,-198,-239,-186,134,-58,66,-71,-39,-81,160,111,38,9,10,5,3
480,-518,260,368,454,41,134,-51,63,-104,13,-4,162,121,42,9,10,5,3
437,-572,220,327,462,15,131,-48,65,-109,23,-27,162,128,44,9,10,5,3
381,-613,183,279,469,-2,119,-72,76,-105,29,-43,188,114,64,9,10,5,3
309,-643,154,227,470,-5,127,-80,77,-103,30,-54,187,110,69,9,10,5,3
564,-204,-77,387,220,-417,133,-84,78,-73,3,-87,187,107,71,9,10,5,3
588,-224,-130,371,225,-470,-2705,2609,-3056,-69,4,-88,189,104,70,9,10,5,3
613,-251,-194,349,224,-522,124,-69,65,-65,6,-90,118,99,40,9,10,5,3
-224,598,-583,205,-606,-139,127,-70,67,-36,-38,-74,109,56,55,9,10,5,3
-200,593,-489,186,-553,-9,127,-70,68,-35,-36,-69,113,69,72,9,10,5,3
-138,604,-386,144,-459,111,125,-73,76,-34,-32,-68,116,88,90,9,10,5,3
-66,624,-264,93,-344,222,124,-69,74,-36,-31,-71,123,105,99,9,10,5,3
-529,82,-57,-195,-177,-111,123,-62,74,-68,4,-73,161,109,48,9,10,5,3
-509,125,-112,-169,-178,-127,122,-59,77,-72,2,-73,155,97,53,9,10,5,3
-472,147,-146,-158,-183,-143,118,-83,71,-74,0,-73,149,88,57,9,10,5,3
-430,166,-173,-160,-190,-158,120,-88,71,-75,-5,-75,143,82,60,9,10,5,3
282,60,218,402,229,212,124,-89,69,-81,-20,-72,143,122,41,9,10,5,3
291,27,217,411,269,190,129,-86,72,-78,-19,-68,152,126,35,9,10,5,3
302,-13,213,425,303,156,114,-63,71,-78,-19,-71,158,133,33,9,10,5,3
310,-59,209,436,335,119,113,-60,72,-80,-18,-77,169,143,32,9,10,5,3
373,-200,205,359,257,-51,110,-59,73,-76,-15,-73,166,141,41,9,10,5,3
404,-237,142,361,257,-122,2290,3232,147,-79,-13,-73,166,140,38,9,10,5,3
431,-273,75,359,249,-203,113,-81,74,-84,-12,-74,167,140,37,9,10,5,3
457,-306,5,355,241,-286,112,-84,75,-91,-12,-73,169,140,33,9,10,5,3
85,319,-330,102,-301,-129,113,-89,77,-66,-29,-77,112,78,62,9,10,5,3
111,326,-272,100,-286,-77,117,-93,79,-61,-30,-75,117,85,68,9,10,5,3
127,338,-217,101,-261,-18,104,-85,74,-53,-30,-78,123,94,70,9,10,5,3
138,349,-165,104,-226,41,104,-81,74,-46,-30,-78,125,104,69,9,10,5,3
-518,20,188,-531,-105,-48,106,-81,75,-57,-8,-75,168,204,-5,9,10,5,3
-537,37,100,-521,-133,-85,106,-83,74,-60,-6,-77,169,196,-2,9,10,5,3
-540,55,31,-496,-152,-100,118,-89,68,-62,-4,-75,167,187,1,9,10,5,3
-524,68,-13,-463,-165,-107,115,-90,70,-67,-4,-75,165,178,5,9,10,5,3
50,219,56,152,-120,136,111,-92,71,-80,-25,-81,127,117,49,9,10,5,3
50,4,356,171,-82,169,119,-89,76,-81,-20,-82,129,115,42,9,10,5,3
68,-12,371,184,-53,202,119,-92,76,-82,-19,-81,133,114,38,9,10,5,3
92,-33,379,176,340,66,120,-89,72,-113,-5,-78,135,106,47,9,10,5,3
73,27,296,163,323,58,114,-97,72,-111,-9,-77,139,108,46,9,10,5,3
99,26,309,157,311,54,114,-96,75,-107,-15,-76,143,112,46,9,10,5,3
128,13,308,161,306,56,112,-96,76,-100,-20,-76,151,119,44,9,10,5,3
155,-10,290,162,116,-520,108,-96,75,-93,-11,-78,150,148,31,9,10,5,3
102,82,-793,89,-157,-578,106,-79,72,-94,-10,-78,143,144,29,9,10,5,3
64,112,-803,115,-209,-567,107,-77,73,-94,-10,-78,137,142,27,9,10,5,3
39,153,-804,135,-250,-544,109,-75,74,-54,-51,-82,103,65,63,9,10,5,3
27,205,-788,124,-265,-508,109,-74,71,-47,-40,-77,106,75,60,9,10,5,3
-54,-160,571,-286,219,364,86,-77,76,-49,-36,-77,115,89,58,9,10,5,3
-84,-153,565,-301,201,343,81,-85,81,-55,-33,-78,123,104,57,9,10,5,3
-115,-142,547,-302,185,327,79,-94,80,-60,-29,-76,136,192,18,9,10,5,3
-147,-125,530,-309,164,304,80,-96,75,-83,-24,-77,137,184,20,9,10,5,3
-153,202,-285,-174,-169,-129,104,-103,70,-80,-25,-78,137,173,24,9,10,5,3
-134,211,-275,-53,-161,-4,104,-99,70,-77,-24,-79,140,163,30,9,10,5,3
-117,217,-256,-37,-152,9,100,-97,70,-71,-24,-77,122,117,60,9,10,5,3
-106,217,-233,-21,-145,21,94,-96,70,-71,-26,-106,128,129,61,9,10,5,3
144,-76,321,-6,-136,35,107,-95,73,-76,-24,-99,130,141,60,9,10,5,3
138,-97,411,161,368,134,102,-95,73,-81,-22,-90,141,199,32,9,10,5,3
142,-101,427,156,378,153,98,-97,73,-93,-6,-72,140,194,28,9,10,5,3
155,-115,437,162,389,158,93,-98,72,-93,-7,-72,140,188,27,9,10,5,3
176,-143,438,177,399,153,71,-104,79,-91,-9,-74,140,184,27,9,10,5,3
309,66,-748,220,-113,-394,75,-106,78,-90,-10,-77,130,151,45,9,10,5,3
277,134,-696,192,-144,-367,80,-109,77,-65,-16,-72,125,151,41,9,10,5,3
241,192,-641,170,-189,-345,87,-112,77,-69,-31,-78,117,151,37,9,10,5,3
211,234,-592,160,-239,-326,90,-120,78,-68,-34,-78,108,152,38,9,10,5,3
-255,-166,503,-342,150,257,87,-123,79,-67,-36,-77,114,161,36,9,10,5,3
-283,-150,487,-338,134,236,86,-125,79,-65,-41,-77,117,153,43,9,10,5,3
-286,-147,459,-345,105,216,87,-121,76,-77,-7,-76,124,149,48,9,10,5,3
-302,-146,419,-333,94,194,87,-111,73,-76,-7,-77,128,147,52,9,10,5,3
-186,258,-259,-194,-270,-106,84,-115,74,-79,-10,-76,97,123,53,9,10,5,3
-187,259,-258,-185,-274,-93,83,-119,72,2148,89,-2101,98,122,53,9,10,5,3
-185,258,-251,-167,-276,-79,85,-116,69,-75,-21,-77,102,124,50,9,10,5,3
-184,257,-233,-148,-273,-58,97,-110,72,-70,-21,-78,102,124,50,9,10,5,3
35,-190,432,132,496,147,97,-110,74,-66,-20,-76,119,221,33,9,10,5,3
25,-188,450,109,488,163,97,-111,76,-64,-19,-73,118,210,35,9,10,5,3
34,-192,461,100,486,167,95,-111,75,-96,0,-75,121,200,35,9,10,5,3
58,-208,467,98,481,157,45,-112,81,-100,-1,-77,127,192,35,9,10,5,3
456,-24,-776,211,-48,-494,50,-117,80,-101,-3,-78,116,152,43,9,10,5,3
439,30,-754,213,-80,-490,57,-120,78,-103,-5,-79,116,152,39,9,10,5,3
427,75,-737,216,-106,-483,63,-122,76,-63,-17,-77,121,152,34,9,10,5,3
407,125,-727,221,-140,-469,105,-137,71,-73,-15,-75,116,150,34,9,10,5,3
-307,-306,533,-571,269,416,76,-113,76,-76,-16,-75,123,101,63,9,10,5,3
-332,-306,513,-587,222,380,77,-110,75,-78,-18,-73,121,116,48,9,10,5,3
-360,-294,495,-589,168,338,77,-109,72,-65,-11,-77,115,140,30,9,10,5,3
-404,-262,473,-580,102,291,81,-108,74,-68,-9,-76,109,162,12,9,10,5,3
-36,256,106,21,-91,299,72,-137,71,-68,-7,-74,92,101,52,9,10,5,3
-27,213,170,53,-57,323,71,-131,70,-69,-8,-75,93,97,51,9,10,5,3
-13,170,222,90,-32,344,71,-123,70,-66,-1,-72,96,97,52,9,10,5,3
4,134,255,134,-11,362,67,-120,74,-70,2,-74,99,100,55,9,10,5,3
476,-447,-147,311,372,-486,60,-126,76,-77,4,-71,114,215,23,9,10,5,3
502,-449,-212,315,326,-544,58,-128,78,-88,6,-73,114,214,17,9,10,5,3
524,-452,-289,310,280,-592,58,-128,77,-56,-20,-76,111,212,13,9,10,5,3
538,-449,-374,293,235,-640,57,-126,76,-51,-21,-78,108,209,7,9,10,5,3
141,259,282,-142,172,598,90,-135,70,-49,-21,-80,53,156,67,9,10,5,3
132,221,363,-203,215,643,85,-132,70,-47,-21,-80,50,141,80,9,10,5,3
104,184,435,-258,255,673,82,-127,70,-68,-8,-76,52,126,89,9,10,5,3
59,145,497,-312,284,684,83,-124,72,-70,-12,-79,59,112,92,9,10,5,3
-320,353,-396,-177,-279,-271,73,-114,72,-69,-17,-76,74,155,45,9,10,5,3
-294,373,-412,-183,-297,-277,68,-121,71,-67,-15,-77,66,153,43,9,10,5,3
-260,388,-415,-190,-310,-274,67,-126,68,-63,-34,-81,60,152,41,9,10,5,3
-229,407,-418,-195,-326,-267,69,-128,66,-59,-35,-78,59,152,41,9,10,5,3
450,-304,1047,504,902,322,69,-112,83,-57,-36,-78,150,347,20,9,10,5,3
606,-385,1001,548,878,206,66,-115,79,-56,-38,-74,153,364,51,9,10,5,3
744,-463,898,601,850,93,64,-122,82,-106,-14,-78,155,377,74,9,10,5,3
855,-532,756,640,812,-21,61,-135,86,-100,-15,-77,145,379,86,9,10,5,3
562,999,-725,763,-890,-751,61,-119,68,-98,-15,-73,36,51,64,9,10,5,3
-150,245,1443,812,-984,-525,101,-114,71,-33,-44,-76,35,32,50,9,10,5,3
-276,121,1558,832,-1030,-255,118,-115,74,-48,-43,-77,46,26,39,9,10,5,3
-422,6,1630,788,-1004,32,135,-119,75,-66,-37,-77,53,31,47,9,10,5,3
-577,-88,1666,-191,-524,-346,148,-127,78,-83,-24,-73,59,125,79,9,10,5,3
59,794,-465,-132,-528,-327,46,-165,66,-36,-44,-82,58,104,92,9,10,5,3
154,769,-392,-69,-503,-315,45,-159,69,-36,-40,-80,68,94,95,9,10,5,3
233,725,-313,0,-475,-281,38,-151,70,-35,-36,-76,66,81,98,9,10,5,3
279,672,-222,38,830,-22,31,-144,73,-33,-29,-70,98,296,2,9,10,5,3
233,-571,74,9,789,-90,47,-115,84,-93,0,-77,97,313,6,9,10,5,3
250,-567,26,-7,750,-145,43,-121,85,-96,-3,-73,95,327,11,9,10,5,3
262,-574,-16,-9,710,-187,38,-125,82,-103,-10,-74,94,340,17,9,10,5,3
284,-590,-56,627,-689,-619,35,-128,80,-108,-13,-76,23,119,68,9,10,5,3
-2,716,483,-129,-418,642,64,-129,75,-61,-47,-78,24,99,77,9,10,5,3
-49,577,596,-219,-294,749,69,-128,73,-84,-10,-73,30,84,83,9,10,5,3
-90,431,696,-310,-162,823,73,-124,72,-89,-7,-74,31,66,90,9,10,5,3
-125,296,793,-403,-21,857,77,-123,74,-93,-7,-76,74,192,24,9,10,5,3
-299,548,-565,-70,-520,-273,40,-139,74,-95,-1,-76,67,171,41,9,10,5,3
-248,558,-515,-55,-540,-223,28,-142,74,-90,-26,-79,71,157,51,9,10,5,3
-188,575,-460,-28,-568,-162,19,-145,73,-98,-31,-78,71,140,56,9,10,5,3
-137,596,-403,10,-582,-112,13,-145,70,-101,-32,-77,80,221,23,9,10,5,3
433,-649,40,312,610,-554,27,-104,85,-103,-36,-74,79,244,23,9,10,5,3
407,-640,-44,261,572,-608,10,-94,74,-88,-30,-78,75,263,27,9,10,5,3
374,-644,-126,209,533,-656,7,-91,85,-87,-27,-75,47,271,50,9,10,5,3
343,-654,-204,172,491,-700,0,-94,87,-82,-24,-75,48,128,29,9,10,5,3
96,699,460,-154,-98,836,39,-146,73,-72,-18,-67,46,120,44,9,10,5,3
-30,630,525,-266,-54,857,42,-144,71,-73,-16,-64,45,117,60,9,10,5,3
-136,550,572,-373,-10,858,46,-143,73,-78,-14,-62,39,118,77,9,10,5,3
-217,467,620,-467,32,849,49,-142,70,-87,-10,-62,73,171,9,9,10,5,3
-278,527,-603,37,-453,-197,32,-158,65,-39,-34,-75,50,98,86,9,10,5,3
-232,541,-574,60,-463,-169,24,-161,67,-34,-33,-84,35,98,85,9,10,5,3
-179,560,-537,82,-462,-146,17,-152,63,-31,-33,-76,23,99,84,9,10,5,3
228,-349,552,243,614,192,23,-76,77,-107,0,-78,13,301,6,9,10,5,3
246,-348,536,261,586,167,16,-74,80,-100,-9,-79,18,300,24,9,10,5,3
273,-354,517,282,559,129,13,-76,82,-94,-15,-85,22,295,43,9,10,5,3
658,-287,-1233,360,125,-902,22,-135,76,-34,-33,-83,37,230,30,9,10,5,3
658,-141,-1244,430,97,-871,26,-140,76,-30,-33,-80,49,233,30,9,10,5,3
645,-8,-1219,500,66,-833,30,-143,74,-31,-32,-69,56,231,29,9,10,5,3
-547,19,847,-873,-167,663,37,-156,71,-68,-33,-80,48,193,36,9,10,5,3
-600,0,803,-910,-231,561,34,-150,72,-62,-32,-82,25,235,10,9,10,5,3
-649,-16,747,-948,-283,447,28,-147,75,-54,-33,-83,3,268,-5,9,10,5,3
-68,607,-369,55,-354,6,29,-128,69,-73,-26,-84,-6,130,104,9,10,5,3
1,613,-310,77,-333,51,26,-122,71,-75,-33,-87,-3,132,109,9,10,5,3
64,603,-238,99,-308,96,21,-115,71,-73,-38,-89,-2,137,108,9,10,5,3
481,-397,495,416,643,-40,17,-132,75,-89,1,-57,41,262,81,9,10,5,3
517,-449,410,404,646,-123,6,-112,77,-85,4,-55,44,261,75,9,10,5,3
531,-502,308,386,642,-214,2,-116,77,-83,2,-59,40,258,65,9,10,5,3
454,178,-983,490,-196,-607,0,-118,74,-83,-1,-63,34,255,52,9,10,5,3
452,248,-942,514,-196,-541,3,-118,74,-77,-16,-67,-10,212,103,9,10,5,3
469,324,-878,536,-195,-465,891,-238,-581,-78,-19,-73,-12,215,105,9,10,5,3
486,405,-783,561,-190,-374,5,-154,75,-79,-23,-76,-19,205,105,9,10,5,3
-676,183,-154,-536,-462,-171,6,-148,72,-61,-29,-83,-2,275,-18,9,10,5,3
-662,207,-217,-450,-445,-204,7,-142,71,-57,-29,-75,16,254,0,9,10,5,3
-643,215,-272,-399,-438,-225,12,-141,73,-57,-31,-78,36,239,7,9,10,5,3
-612,220,-314,-350,-441,-239,14,-145,79,-55,-28,-79,41,213,22,9,10,5,3
427,-256,723,488,815,456,4,-150,81,-86,-27,-83,11,223,0,9,10,5,3
467,-299,700,474,887,384,-4,-154,85,-89,-21,-76,0,235,-3,9,10,5,3
507,-344,671,436,937,303,-8,-158,86,-92,-11,-69,-15,245,5,9,10,5,3
546,-396,634,388,952,205,-11,-140,80,-93,-1,-69,-22,261,16,9,10,5,3
394,689,-1145,687,-257,-446,-11,-138,81,-73,-30,-78,-5,172,76,9,10,5,3
343,810,-1018,682,-304,-329,-11,-135,80,-74,-30,-76,-10,175,92,9,10,5,3
263,917,-863,663,-345,-208,-8,-131,75,-73,-29,-77,-18,180,103,9,10,5,3
170,985,-679,626,-373,-81,32,-152,73,-75,-31,-76,-29,179,110,9,10,5,3
-1090,257,-330,-484,-569,-289,40,-157,70,-43,-16,-37,-15,212,29,9,10,5,3
-1045,352,-412,-406,-577,-305,45,-161,69,-50,-25,-28,-2,192,53,9,10,5,3
-973,471,-449,-311,-583,-308,51,-166,67,-56,-30,-33,-8,163,75,9,10,5,3
-896,570,-483,-219,-604,-301,-13,-129,78,-57,-25,-52,-17,140,92,9,10,5,3
596,-934,218,362,963,-159,-16,-133,84,-86,-18,-80,-10,342,19,9,10,5,3
588,-1001,72,366,958,-305,-18,-140,90,-93,-20,-82,-11,333,24,9,10,5,3
590,-1066,-78,373,950,-450,-14,-142,87,-94,-19,-84,-15,322,26,9,10,5,3
592,-1127,-219,362,945,-590,-23,-128,72,-92,-21,-84,-13,312,22,9,10,5,3
-195,261,1038,-503,277,1322,-31,-130,78,-69,-36,-74,15,8,252,9,10,5,3
-273,212,1109,-1317,-478,506,-33,-127,78,-72,-37,-69,36,-4,239,9,10,5,3
-344,181,1173,-1393,-578,280,-27,-124,79,-74,-34,-72,64,-6,208,9,10,5,3
-413,167,1210,-1423,-617,103,24,-161,59,-80,-31,-67,91,0,164,9,10,5,3
151,549,178,-1380,-637,-37,22,-159,57,-53,-24,-85,33,85,89,9,10,5,3
224,452,292,474,640,631,23,-166,63,-57,-38,-72,38,74,75,9,10,5,3
285,343,400,485,699,615,19,-163,59,-61,-33,-83,41,66,71,9,10,5,3
329,248,493,492,762,587,-40,-121,80,-61,-28,-78,40,59,75,9,10,5,3
718,-673,-1992,477,813,547,-48,-113,80,-111,-52,-93,4,252,24,9,10,5,3
804,-471,-2012,963,-162,-248,-52,-111,83,-108,-35,-86,8,234,63,9,10,5,3
891,-273,-1981,933,-191,-47,-56,-106,79,-97,-30,-76,14,231,88,9,10,5,3
968,-80,-1882,873,-208,177,46,-175,69,-91,-23,-83,9,227,100,9,10,5,3
-976,122,-68,784,-218,395,38,-174,70,-24,-45,-76,-129,354,-136,9,10,5,3
-980,153,-165,-298,-745,-134,27,-172,70,-28,-34,-76,-142,353,-149,9,10,5,3
-985,193,-257,-192,-717,-64,-1325,-2111,-190,-37,-29,-72,-160,339,-138,9,10,5,3
-984,245,-343,-91,-667,-6,-35,-112,80,-47,-28,-75,-166,321,-123,9,10,5,3
421,-283,732,3,-628,70,-40,-107,83,-138,-15,-87,-42,313,-6,9,10,5,3
478,-321,720,320,763,-443,-35,-108,89,-137,-18,-86,-59,331,-17,9,10,5,3
517,-374,689,309,751,-530,-30,-105,87,-136,-22,-80,-79,342,-25,9,10,5,3
528,-446,631,304,743,-617,-12,-112,74,-135,-21,-79,-96,348,-24,9,10,5,3
147,955,-278,297,726,-707,-2,-116,84,-38,-6,-53,-7,108,74,9,10,5,3
-97,276,650,-379,184,924,0,-119,82,-36,-5,-60,-24,114,84,9,10,5,3
-132,196,738,-469,209,948,-38,-137,75,-41,-9,-68,-32,128,90,9,10,5,3
-184,116,807,-548,258,974,-37,-126,76,-73,-7,-75,-179,367,-75,9,10,5,3
-424,278,-355,-276,-415,-264,-33,-118,77,-72,-3,-73,-148,344,-59,9,10,5,3
-412,308,-377,-273,-414,-263,-32,-111,76,-73,0,-72,-112,319,-39,9,10,5,3
-368,322,-380,-256,-403,-269,-54,-124,75,-64,-49,-81,4,144,54,9,10,5,3
-325,331,-390,-244,-395,-278,-24,-157,70,-62,-44,-82,12,145,53,9,10,5,3
429,-492,602,261,878,194,-17,-156,68,-61,-46,-76,17,138,59,9,10,5,3
437,-603,529,234,895,115,-12,-154,73,-62,-44,-80,15,131,72,9,10,5,3
431,-677,452,201,894,40,-10,-155,78,-45,-24,-83,-68,287,20,9,10,5,3
415,-715,383,166,866,-32,-16,-164,73,-39,-23,-73,-83,301,17,9,10,5,3
467,-499,-628,216,312,-570,-20,-160,69,-40,-27,-74,-95,311,14,9,10,5,3
498,-492,-684,237,301,-570,-21,-151,69,-41,-22,-73,-98,320,10,9,10,5,3
520,-469,-754,260,286,-566,-18,-143,74,-59,-34,-78,-34,129,46,9,10,5,3
529,-428,-820,284,266,-558,-13,-171,64,-53,-31,-76,-39,120,58,9,10,5,3
-66,148,536,-344,-12,501,-13,-170,66,-48,-32,-74,-37,119,67,9,10,5,3
-117,79,578,-403,30,494,-12,-170,68,-46,-35,-72,-31,123,71,9,10,5,3
-172,7,609,-450,72,486,-15,-168,70,-75,-24,-65,-98,260,-14,9,10,5,3
-218,-61,622,-482,112,476,-19,-134,70,-76,-19,-68,-104,261,-10,9,10,5,3
-256,244,-194,-149,-233,-13,-19,-132,69,-81,-14,-64,-105,257,0,9,10,5,3
-256,231,-192,-166,-237,-20,-16,-133,70,-82,-12,-60,-104,250,14,9,10,5,3
-257,222,-184,-186,-240,-30,-13,-130,69,-66,-44,-78,-30,171,55,9,10,5,3
-255,214,-167,-205,-242,-42,-40,-135,71,-77,-36,-82,-27,167,58,9,10,5,3
247,333,172,406,112,183,-36,-135,72,-75,-40,-79,-28,164,59,9,10,5,3
281,306,202,418,154,192,-34,-133,73,-73,-42,-82,-30,163,62,9,10,5,3
319,273,221,428,201,199,-31,-130,72,-70,-44,-82,-72,250,10,9,10,5,3
352,230,243,432,256,209,-48,-130,81,-89,-35,-73,-73,235,10,9,10,5,3
43,-79,239,44,274,109,-49,-129,83,-88,-37,-72,-67,218,16,9,10,5,3
52,-93,212,58,254,73,-53,-127,83,-86,-37,-72,-58,202,24,9,10,5,3
78,-110,175,82,231,27,-54,-125,80,-83,-37,-72,-68,216,-2,9,10,5,3
114,-128,125,109,213,-25,-35,-153,71,-48,-45,-86,-66,214,1,9,10,5,3
526,160,-554,451,145,-195,-34,-154,68,-50,-48,-90,-63,218,8,9,10,5,3
529,212,-467,447,137,-127,-34,-155,67,-52,-50,-93,-64,217,17,9,10,5,3
524,256,-370,433,135,-46,-35,-156,68,-50,-50,-95,-21,131,92,9,10,5,3
515,295,-267,413,136,44,-47,-134,74,-75,-27,-70,-18,121,99,9,10,5,3
-654,239,13,-519,-468,-135,-35,-129,71,-74,-28,-73,-14,106,112,9,10,5,3
-670,247,-54,-527,-462,-160,-26,-125,72,-75,-30,-78,-6,100,124,9,10,5,3
-666,252,-122,-535,-447,-182,-25,-122,73,-74,-31,-80,-62,187,28,9,10,5,3
-659,261,-196,-539,-428,-206,-64,-125,73,-75,-56,-82,-56,178,37,9,10,5,3
150,576,-23,411,-292,20,-62,-129,73,-73,-56,-82,-52,169,49,9,10,5,3
209,582,42,468,-267,59,-59,-131,74,-70,-58,-79,-51,160,61,9,10,5,3
278,575,111,520,-220,108,-56,-130,75,-67,-56,-77,-83,248,56,9,10,5,3
350,545,182,564,-153,159,-56,-107,80,-96,-16,-67,-92,246,57,9,10,5,3
85,-380,-355,43,143,-601,-58,-105,82,-97,-16,-63,-98,243,55,9,10,5,3
60,-324,-610,24,191,-584,-57,-110,82,-99,-19,-65,-106,254,27,9,10,5,3
77,-341,-632,45,208,-583,-56,-127,71,-72,-41,-76,-111,260,23,9,10,5,3
98,-349,-652,74,225,-580,-56,-124,72,-74,-43,-78,-115,262,16,9,10,5,3
117,-343,-673,111,239,-568,-54,-120,72,-73,-43,-78,-117,261,7,9,10,5,3
-347,347,761,-377,-300,553,-52,-111,76,-74,-44,-68,-44,148,98,9,10,5,3
-401,363,715,-412,-374,495,-35,-161,67,-55,-30,-69,-37,161,93,9,10,5,3
-453,374,661,-445,-430,426,-34,-165,62,-53,-29,-58,-36,172,84,9,10,5,3
-500,383,597,-461,-483,343,-31,-170,66,-52,-23,-42,-43,177,73,9,10,5,3
41,243,-461,-25,-73,-288,-30,-172,67,-49,-15,-24,-59,129,66,9,10,5,3
31,242,-416,-52,-100,-267,-55,-117,74,-76,-46,-81,-47,129,59,9,10,5,3
-11,234,-380,-75,-132,-239,-58,-118,74,-85,-47,-79,-35,130,53,9,10,5,3
-69,233,-354,-89,-164,-203,-63,-120,74,-91,-47,-80,-24,135,52,9,10,5,3
559,-706,528,132,1000,-23,-64,-123,70,-93,-48,-85,-106,236,37,9,10,5,3
549,-749,457,130,960,-99,-69,-93,77,-103,-34,-83,-107,233,42,9,10,5,3
535,-780,372,130,921,-176,-68,-97,79,-110,-40,-86,-107,229,47,9,10,5,3
510,-799,278,135,881,-251,-67,-99,80,-113,-43,-91,-107,224,49,9,10,5,3
295,363,-323,324,-218,68,-68,-102,80,-116,-46,-87,-65,130,73,9,10,5,3
82,338,250,319,-203,136,923,-416,-1132,-29,-58,-123,-69,132,89,9,10,5,3
67,306,302,301,-186,202,-70,-130,75,-25,-55,-136,-74,139,94,9,10,5,3
58,274,356,-596,-209,292,-70,-126,73,-20,-60,-136,-109,220,-2,9,10,5,3
-491,152,-57,-592,-254,239,-71,-123,74,-22,-70,-124,-132,221,-15,9,10,5,3
-476,159,-125,-577,-284,191,-73,-123,75,-37,-37,-72,-152,231,-22,9,10,5,3
-454,168,-171,-552,-305,145,-78,-125,73,-31,-35,-78,-166,233,-22,9,10,5,3
-426,179,-201,-249,-167,-84,-77,-123,76,-28,-36,-78,-82,161,58,9,10,5,3
-242,186,-48,-239,-181,-67,-76,-117,77,-28,-41,-77,-75,157,59,9,10,5,3
-249,213,-18,-225,-195,-56,-76,-111,78,-104,-38,-19,-73,151,61,9,10,5,3
-258,242,13,-211,-210,-55,-73,-125,79,-102,-33,-49,-71,152,62,9,10,5,3
-260,268,50,458,881,-215,-74,-129,79,-91,-30,-52,-137,229,66,9,10,5,3
303,-708,-437,406,871,-277,-74,-127,77,-81,-40,-78,-148,236,60,9,10,5,3
264,-718,-512,350,853,-329,-76,-125,77,-82,-37,-77,-158,242,53,9,10,5,3
237,-716,-598,293,832,-370,-75,-96,80,-80,-35,-80,-167,238,48,9,10,5,3
229,-691,-684,266,-43,-27,-73,-104,78,-78,-36,-86,-63,153,35,9,10,5,3
140,126,199,265,-15,38,-68,-111,73,-70,-46,-86,-65,159,31,9,10,5,3
120,91,241,246,14,101,-64,-116,69,-65,-47,-84,-68,160,30,9,10,5,3
108,68,284,213,46,157,-78,-113,75,-58,-48,-78,-71,156,33,9,10,5,3
103,57,319,-250,-185,117,-80,-109,75,-51,-48,-74,-103,183,38,9,10,5,3
-394,161,-6,-255,-225,88,-84,-103,75,-84,-29,-34,-106,180,32,9,10,5,3
-410,171,-43,-240,-253,64,-85,-101,75,-80,-34,-44,-112,172,26,9,10,5,3
-413,185,-71,-223,-268,40,-85,-123,72,-75,-37,-52,-116,163,19,9,10,5,3
-400,196,-88,30,-252,-39,-83,-121,73,-68,-37,-59,-88,157,64,9,10,5,3
-199,252,103,48,-241,5,-80,-117,71,-62,-55,-82,-90,154,67,9,10,5,3
-208,240,165,61,-223,50,-81,-114,71,-63,-55,-83,-92,150,72,9,10,5,3
-205,226,233,69,-203,93,-83,-91,78,-63,-54,-84,-91,148,74,9,10,5,3
-197,205,304,183,592,-62,-80,-85,79,-63,-49,-79,-94,158,24,9,10,5,3
316,-319,-280,188,590,-88,-80,-80,81,-39,-41,-88,-91,160,24,9,10,5,3
312,-304,-315,196,590,-122,-80,-74,81,-50,-34,-82,-87,164,28,9,10,5,3
309,-286,-357,204,583,-172,-81,-130,65,-53,-36,-86,-83,170,33,9,10,5,3
311,-269,-405,227,-48,-75,-85,-128,64,-55,-42,-89,-113,148,43,9,10,5,3
42,174,268,-185,133,489,-88,-126,67,-53,-50,-72,-113,146,42,9,10,5,3
27,137,300,-235,161,533,-102,-93,78,-51,-53,-72,-110,140,40,9,10,5,3
11,97,338,-286,182,571,-98,-91,76,-50,-54,-71,-104,132,39,9,10,5,3
-13,60,381,-335,193,593,-92,-90,75,-51,-53,-69,-117,156,42,9,10,5,3
-231,258,-276,-100,-234,-250,-86,-92,78,-42,-47,-80,-118,152,47,9,10,5,3
-233,275,-290,-143,-251,-238,-112,-104,74,-42,-51,-78,-115,151,52,9,10,5,3
-239,287,-299,-186,-273,-218,-114,-103,72,-40,-55,-77,-109,148,56,9,10,5,3
-240,293,-300,-229,-288,-191,-112,-102,72,-40,-57,-79,-85,121,80,9,10,5,3
9,232,312,312,205,387,-110,-105,72,-75,-48,-78,-91,118,87,9,10,5,3
39,185,372,311,276,423,-98,-105,79,-75,-51,-79,-97,120,91,9,10,5,3
68,129,427,302,345,454,-102,-106,76,-76,-52,-81,-101,123,91,9,10,5,3
103,73,483,292,409,477,-103,-105,74,-76,-52,-80,-147,220,48,9,10,5,3
419,-498,-624,163,165,-922,-103,-105,73,-79,-46,-119,-147,222,37,9,10,5,3
428,-481,-676,281,-84,-714,-87,-80,78,-82,-52,-110,-147,218,30,9,10,5,3
436,-456,-724,296,-115,-650,-91,-83,79,-86,-56,-102,1029,-3220,1568,9,10,5,3
446,-418,-773,295,-144,-589,-95,-89,78,-84,-61,-102,-161,158,37,9,10,5,3
-44,142,416,289,-173,-532,-100,-95,74,-84,-27,-77,-168,157,40,9,10,5,3
-55,97,443,-472,137,442,-98,-66,79,-86,-27,-75,-172,153,41,9,10,5,3
-74,55,459,-463,124,433,-98,-60,80,-88,-32,-73,-176,145,40,9,10,5,3
-94,13,465,-445,106,420,-98,-57,79,-90,-38,-75,-103,136,40,9,10,5,3
-318,239,-275,-420,82,404,-96,-57,78,-30,-40,-81,-109,137,38,9,10,5,3
-294,248,-287,-76,-238,-177,-118,-102,68,-28,-43,-82,-111,134,36,9,10,5,3
-271,253,-300,-68,-231,-163,-115,-102,72,-27,-44,-82,-111,129,34,9,10,5,3
-251,256,-306,-52,-214,-149,-112,-103,75,-28,-46,-79,-93,114,82,9,10,5,3
228,30,269,-35,-192,-135,-110,-102,75,-62,-37,-73,-99,116,78,9,10,5,3
238,5,242,205,384,267,-98,-90,78,-61,-42,-72,-104,113,76,9,10,5,3
252,-18,216,181,414,258,-102,-98,79,-62,-48,-75,-107,107,75,9,10,5,3
256,-44,199,140,444,244,-107,-105,81,-66,-48,-77,-186,185,31,9,10,5,3
585,-403,-262,82,468,235,-110,-108,79,-71,-29,-80,-187,182,24,9,10,5,3
619,-390,-325,295,175,-770,-107,-70,78,-67,-31,-74,-187,181,17,9,10,5,3
643,-379,-398,313,127,-778,-110,-67,78,-64,-33,-72,-187,180,13,9,10,5,3
652,-363,-480,333,72,-780,-113,-69,77,-63,-37,-76,-51,83,92,9,10,5,3
144,313,339,345,12,-778,-112,-70,76,-46,-59,-89,-55,84,93,9,10,5,3
146,232,437,-695,335,631,-114,-81,75,-45,-55,-83,-63,87,86,9,10,5,3
125,139,530,-770,392,664,-110,-77,75,-44,-47,-77,-71,89,78,9,10,5,3
89,49,612,-866,385,721,-104,-76,78,-44,-41,-70,-130,135,40,9,10,5,3
-352,286,-364,-961,353,757,-99,-76,77,-21,-8,-69,-115,131,41,9,10,5,3
-332,302,-382,-144,-341,-102,-104,-84,72,-21,-16,-69,-106,132,44,9,10,5,3
-308,315,-399,-148,-331,-62,-105,-80,71,-23,-25,-66,-102,135,42,9,10,5,3
-292,317,-408,-152,-316,-18,-106,-77,72,-24,-34,-72,-131,119,59,9,10,5,3
336,-130,306,-159,-304,22,-110,-77,74,-65,-37,-70,-139,117,54,9,10,5,3
346,-163,288,115,524,-87,-120,-58,84,-68,-41,-68,-145,116,49,9,10,5,3
352,-198,273,78,500,-110,-115,-56,80,-74,-44,-70,-147,119,42,9,10,5,3
357,-232,258,43,477,-123,-111,-56,77,-77,-43,-70,-192,165,9,9,10,5,3
554,-389,-214,11,452,-129,-105,-58,76,-65,-51,-77,-192,162,8,9,10,5,3
588,-363,-297,315,49,-642,-109,-67,75,-70,-52,-79,-192,161,9,9,10,5,3
615,-335,-375,308,-15,-650,-112,-68,76,-75,-53,-74,-191,161,10,9,10,5,3
637,-302,-454,304,-83,-643,-115,-67,75,-79,-53,-72,-114,112,67,9,10,5,3
138,204,351,302,-146,-633,-116,-68,75,-58,-43,-72,-115,120,67,9,10,5,3
129,153,438,-421,245,587,-115,-66,77,-60,-43,-72,-119,121,67,9,10,5,3
102,101,496,-452,230,600,-109,-82,71,-62,-46,-74,-812,-3337,2534,9,10,5,3
67,46,529,-480,211,610,-112,-81,76,-67,-48,-75,-203,124,-4,9,10,5,3
-413,245,-424,-63,-385,-216,-114,-81,77,-34,-51,-75,-149,120,31,9,10,5,3
-111,440,-271,-64,-385,-220,-119,-64,70,-35,-50,-76,-152,117,34,9,10,5,3
-85,447,-244,-63,-384,-218,-118,-64,68,-36,-47,-75,-155,119,37,9,10,5,3
-55,451,-202,-46,-379,-214,-117,-64,67,-38,-44,-75,-155,121,41,9,10,5,3
-14,444,-136,113,383,320,-117,-64,68,-82,-53,-77,-150,92,43,9,10,5,3
130,-278,290,115,406,301,-119,-78,77,-81,-49,-75,-156,99,46,9,10,5,3
120,-306,288,106,429,280,-124,-75,79,-79,-44,-71,-163,109,50,9,10,5,3
117,-330,290,89,444,258,-129,-74,80,-77,-39,-69,-171,117,53,9,10,5,3
118,-349,296,266,142,-738,-131,-74,80,-67,-46,-77,-194,132,14,9,10,5,3
259,357,-674,271,92,-731,-129,-72,67,-61,-43,-78,-195,136,16,9,10,5,3
187,387,-638,281,38,-713,-127,-73,67,-57,-44,-78,-196,139,20,9,10,5,3
138,419,-589,-72,36,394,-130,-73,71,-59,-60,-81,-118,107,59,9,10,5,3
-80,-151,316,-102,64,418,-125,-54,77,-54,-60,-81,-123,116,59,9,10,5,3
-75,-151,306,-140,84,423,-123,-54,78,-51,-61,-78,-130,122,62,9,10,5,3
-75,-145,296,-176,108,413,-120,-53,78,-49,-62,-78,-138,121,63,9,10,5,3
-83,-133,285,-314,-371,-40,-119,-52,78,-61,-47,-81,-183,101,19,9,10,5,3
-326,297,-317,-288,-372,-54,-128,-74,67,-61,-49,-83,-178,101,20,9,10,5,3
-296,323,-326,-253,-361,-67,-131,-75,68,-60,-50,-77,-171,102,21,9,10,5,3
-264,345,-328,-222,-340,-78,-135,-75,68,-61,-50,-72,-166,103,22,9,10,5,3
-225,371,-324,68,491,405,-135,-76,67,-64,-41,-71,-133,120,91,9,10,5,3
199,-175,565,66,511,371,-87,-36,83,-69,-36,-75,-139,115,89,9,10,5,3
219,-207,553,67,524,339,-93,-38,81,-75,-34,-73,-148,109,83,9,10,5,3
236,-241,529,73,528,310,-99,-42,78,-80,-34,-74,-159,104,73,9,10,5,3
251,-278,502,186,103,-711,-109,-48,77,-55,-64,-81,-195,99,5,9,10,5,3
310,162,-771,181,60,-696,-148,-64,72,-54,-65,-81,-188,103,9,9,10,5,3
294,197,-756,176,17,-677,-147,-62,70,-51,-65,-80,-181,102,15,9,10,5,3
275,236,-729,177,-29,-652,-147,-63,71,-47,-66,-78,-173,99,22,9,10,5,3
255,278,-687,-340,165,514,-145,-64,70,-70,-57,-78,-139,93,73,9,10,5,3
-382,-56,427,-357,156,535,-121,-43,72,-74,-57,-79,-134,98,70,9,10,5,3
-397,-36,397,-377,141,555,-126,-46,76,-78,-55,-78,-128,100,73,9,10,5,3
-417,-32,375,-398,117,562,-132,-48,77,-82,-55,-77,-117,97,83,9,10,5,3
-453,-21,332,-59,-336,-117,-136,-48,76,-42,-48,-74,-124,82,70,9,10,5,3
-87,281,-97,-37,-311,-84,-123,-32,72,-37,-45,-73,-114,88,76,9,10,5,3
-97,242,-76,-26,-293,-53,-127,-29,74,-33,-45,-73,-105,91,83,9,10,5,3
-98,210,-46,-9,-274,-19,-130,-24,74,-32,-49,-75,-101,95,86,9,10,5,3
-90,182,-2,135,623,18,-132,-21,75,-75,-43,-74,-249,116,10,9,10,5,3
158,-403,-4,165,613,-27,-118,-49,71,-71,-43,-71,-244,120,22,9,10,5,3
126,-391,10,185,588,-76,-115,-54,71,-67,-43,-71,-236,120,37,9,10,5,3
105,-380,32,178,154,-650,-115,-60,73,-59,-50,-73,-198,74,21,9,10,5,3
311,261,-873,219,-370,-563,-132,-27,74,-61,-52,-74,-192,76,17,9,10,5,3
269,317,-846,230,-398,-521,-133,-30,75,-62,-54,-77,-184,76,16,9,10,5,3
212,367,-813,237,-420,-476,-133,-33,73,-46,-63,-79,-122,81,72,9,10,5,3
-138,-118,648,-499,159,685,-123,-16,81,-50,-66,-82,-122,90,73,9,10,5,3
-174,-119,652,-542,129,673,-131,-56,72,-55,-67,-78,-124,92,78,9,10,5,3
-202,-112,647,-571,107,655,-131,-62,70,-63,-37,-73,-255,76,-17,9,10,5,3
-223,-106,639,-584,104,624,-135,-65,70,-63,-35,-76,-243,77,-8,9,10,5,3
-232,329,-425,-78,-347,-194,-140,-63,72,-61,-33,-75,-233,84,1,9,10,5,3
-202,352,-421,-67,-342,-193,-132,-9,77,-57,-60,-84,-97,60,98,9,10,5,3
-166,369,-402,-55,-339,-186,-135,-3,77,-60,-61,-84,-95,62,100,9,10,5,3
176,-177,367,227,623,165,-138,2,76,-63,-61,-86,-98,70,97,9,10,5,3
182,-181,350,224,627,96,-141,6,76,-64,-62,-83,-106,77,90,9,10,5,3
193,-181,334,213,623,35,-128,-30,75,-65,-44,-79,-220,108,13,9,10,5,3
207,-177,318,202,612,-8,-138,-27,78,-57,-42,-76,-218,118,15,9,10,5,3
605,-583,-543,185,300,-735,-146,-28,79,-51,-42,-71,-215,123,20,9,10,5,3
617,-546,-652,184,254,-774,-150,-28,77,-44,-42,-68,-215,126,24,9,10,5,3
617,-501,-757,185,208,-809,-122,-24,70,-73,-56,-75,-183,53,41,9,10,5,3
604,-446,-846,181,165,-838,-121,-32,69,-75,-56,-77,-179,46,41,9,10,5,3
100,-9,578,-293,210,680,-124,-35,68,-76,-52,-77,-167,35,48,9,10,5,3
68,-65,618,-377,227,691,-130,-33,68,-75,-49,-76,-153,24,60,9,10,5,3
30,-106,648,-442,233,700,-140,-34,73,-64,-53,-74,-255,58,-16,9,10,5,3
-16,-130,668,-493,229,706,-140,-39,70,-66,-50,-78,-263,71,-9,9,10,5,3
-359,235,-280,-99,-329,-141,-139,-42,69,-66,-47,-83,-265,76,1,9,10,5,3
-341,245,-280,-89,-313,-118,-141,-45,70,-63,-45,-77,-263,80,11,9,10,5,3
-320,254,-277,-79,-298,-96,-142,7,78,-76,-68,-82,-121,58,79,9,10,5,3
-299,262,-271,-67,-281,-77,-140,11,77,-78,-68,-84,-134,58,75,9,10,5,3
293,-103,331,150,475,110,-135,12,74,-78,-71,-85,-149,60,66,9,10,5,3
306,-140,311,142,486,66,-131,11,72,-78,-74,-87,-161,64,54,9,10,5,3
315,-179,291,138,497,32,-112,10,85,-80,-62,-70,-182,82,34,9,10,5,3
318,-218,272,136,509,3,-122,9,83,-77,-59,-69,-189,78,34,9,10,5,3
805,-234,-524,564,281,-595,-129,5,80,-74,-57,-73,-198,75,31,9,10,5,3
813,-181,-630,553,183,-667,-133,3,79,-72,-57,-76,-207,69,28,9,10,5,3
805,-120,-737,531,88,-734,-137,-11,67,-46,-62,-86,-117,46,74,9,10,5,3
765,-47,-836,494,-10,-792,-142,-14,68,-45,-62,-87,-109,46,73,9,10,5,3
92,-221,609,-330,546,603,-146,-18,69,-42,-60,-82,-103,46,71,9,10,5,3
57,-252,620,-379,512,598,-151,-21,72,-42,-58,-79,-101,50,69,9,10,5,3
22,-260,621,-420,461,598,-165,-15,76,-47,-47,-74,-242,56,9,9,10,5,3
-13,-256,617,-456,395,595,-161,-17,77,-51,-49,-71,-254,39,-5,9,10,5,3
-234,261,-171,8,-327,-104,-156,-18,73,-50,-47,-74,-264,28,-19,9,10,5,3
13,245,-134,42,-293,-78,-151,-20,70,-46,-44,-77,-271,17,-28,9,10,5,3
33,225,-103,72,-258,-46,-137,1,75,-65,-72,-79,-161,27,60,9,10,5,3
53,212,-68,100,-216,-13,-149,-11,77,-59,-70,-81,-158,26,56,9,10,5,3
70,199,-35,0,343,33,-146,-9,72,-54,-66,-81,-156,28,50,9,10,5,3
-19,-232,171,-24,335,34,-145,-11,75,-50,-63,-79,-152,31,47,9,10,5,3
-22,-234,177,-47,321,34,-145,-14,76,-62,-49,-78,-233,37,25,9,10,5,3
-25,-239,188,-68,305,36,-144,-3,77,-62,-46,-77,-232,40,25,9,10,5,3
-29,-244,205,377,559,-516,-143,-2,77,-63,-45,-73,-233,43,26,9,10,5,3
456,-130,-973,356,525,-614,-141,-2,76,-67,-48,-75,-233,44,27,9,10,5,3
407,-61,-968,335,457,-700,-140,-3,75,-48,-48,-77,-164,5,49,9,10,5,3
363,2,-962,315,367,-773,-151,-4,60,-45,-47,-78,-161,19,49,9,10,5,3
324,60,-963,-36,288,516,-154,-5,69,-44,-50,-80,-151,24,48,9,10,5,3
-7,-192,653,-122,340,565,-157,-6,73,-42,-50,-74,-139,32,48,9,10,5,3
-55,-204,651,-209,373,605,-156,-5,68,-65,-64,-81,-176,59,90,9,10,5,3
-98,-208,641,-291,382,639,-152,-13,66,-52,-23,-75,-199,46,78,9,10,5,3
-130,-201,631,-139,-270,-219,-151,-21,65,-49,-22,-75,-228,37,57,9,10,5,3
-153,265,-420,-134,-249,-221,-150,-29,67,-52,-30,-78,-243,20,37,9,10,5,3
-123,231,-205,-162,-246,-226,-3136,-1078,-1415,-52,-36,-76,-147,22,67,9,10,5,3
-130,218,-187,-201,-262,-232,-149,20,69,-43,-61,-86,-149,33,76,9,10,5,3
-132,196,-162,207,184,356,-146,22,71,-46,-63,-79,-157,46,82,9,10,5,3
-139,172,-127,215,222,378,-145,22,74,-50,-65,-77,-160,55,86,9,10,5,3
263,-208,415,220,260,396,-143,20,72,-56,-67,-79,-261,0,29,9,10,5,3
272,-224,401,220,297,410,-128,5,74,-83,-48,-71,-268,-7,30,9,10,5,3
284,-235,387,119,614,-439,-131,7,74,-80,-50,-72,-273,-10,33,9,10,5,3
299,-256,364,109,583,-501,-136,10,74,-80,-53,-72,-277,-12,37,9,10,5,3
320,11,-851,102,541,-557,-141,12,75,-78,-56,-73,-207,30,23,9,10,5,3
113,398,-763,108,476,-609,-145,0,64,-56,-59,-78,-200,33,25,9,10,5,3
79,448,-714,211,-52,255,-158,-2,65,-50,-55,-74,-193,32,31,9,10,5,3
56,493,-655,172,-41,317,-157,0,65,-44,-50,-73,-182,29,38,9,10,5,3
41,531,-585,131,-36,367,-155,0,68,-40,-50,-74,-167,17,68,9,10,5,3
-504,9,279,89,-36,409,-151,0,71,-55,-55,-76,-185,27,71,9,10,5,3
-504,48,246,-289,-367,-34,-163,-8,68,-53,-53,-75,-196,28,71,9,10,5,3
-508,82,200,-239,-345,-44,-161,-7,68,-54,-51,-75,-212,29,65,9,10,5,3
-506,106,141,-191,-315,-68,-163,-2,72,-54,-47,-76,-174,29,44,9,10,5,3
-221,242,-19,-141,-283,-91,-165,1,73,-45,-63,-82,-168,28,50,9,10,5,3
-204,215,18,80,214,395,-149,30,75,-48,-67,-83,-162,26,57,9,10,5,3
-178,189,67,98,259,408,-156,30,73,-51,-70,-82,-156,21,64,9,10,5,3
-150,170,116,118,300,408,-157,25,69,-52,-70,-80,-252,0,46,9,10,5,3
62,-269,225,137,339,397,-154,18,69,-75,-48,-72,-249,-4,51,9,10,5,3
60,-262,234,135,430,-108,-147,27,74,-71,-50,-76,-244,-5,54,9,10,5,3
64,-257,239,137,436,-134,-145,26,74,-69,-54,-77,-239,-4,52,9,10,5,3
73,-253,237,135,444,-163,-142,26,75,-68,-57,-74,-202,3,18,9,10,5,3
279,187,-979,131,456,-197,-140,26,77,-47,-72,-80,-192,4,18,9,10,5,3
249,247,-961,252,-395,-169,-140,19,67,-45,-68,-80,-182,9,18,9,10,5,3
212,311,-949,257,-358,-100,-142,13,66,-43,-65,-80,-174,15,19,9,10,5,3
163,378,-928,258,-320,-34,-144,7,63,-42,-63,-80,-170,22,62,9,10,5,3
-234,-175,505,258,-281,29,-148,2,62,-52,-57,-76,-180,17,60,9,10,5,3
-271,-162,478,-469,-196,138,-150,22,67,-57,-54,-75,-186,14,58,9,10,5,3
-318,-145,460,-444,-243,92,-149,17,67,-62,-52,-72,-191,10,57,9,10,5,3
-324,-141,439,-434,-280,66,-148,12,68,-67,-53,-76,-177,9,39,9,10,5,3
-50,315,-212,-412,-303,55,-149,9,67,-39,-73,-82,-173,18,43,9,10,5,3
-38,301,-192,60,50,227,-114,53,71,-44,-74,-81,-169,22,50,9,10,5,3
-30,281,-168,63,87,243,-118,44,69,-50,-77,-83,-162,23,56,9,10,5,3
-26,257,-144,68,121,258,-119,36,70,-56,-80,-85,-194,15,36,9,10,5,3
119,-178,334,75,151,272,-121,33,74,-86,-59,-42,-265,-21,29,9,10,5,3
122,-185,349,209,525,-59,-138,41,74,-87,-48,-20,-265,-21,19,9,10,5,3
119,-198,351,219,517,-117,-128,39,75,-78,-41,-10,-266,-17,9,9,10,5,3
502,-411,-788,218,506,-176,-120,37,77,-34,-58,-89,-192,3,21,9,10,5,3
480,-341,-825,200,-310,-465,-127,40,76,-35,-58,-89,-194,9,21,9,10,5,3
457,-264,-841,212,-367,-415,-134,38,78,-34,-58,-93,-189,17,20,9,10,5,3
435,-185,-838,220,-405,-367,-141,40,75,-32,-57,-98,-188,26,17,9,10,5,3
-137,156,417,217,-418,-329,-146,43,71,-23,-48,-69,-144,15,82,9,10,5,3
-181,144,427,-732,0,407,-120,53,76,-25,-47,-71,-142,13,83,9,10,5,3
-226,126,426,-734,7,384,-120,52,73,-32,-49,-75,-141,12,84,9,10,5,3
-269,100,418,-720,13,354,-121,50,72,-41,-51,-78,-139,11,87,9,10,5,3
-191,249,-273,-701,-15,320,-125,45,74,-52,-56,-76,-174,8,50,9,10,5,3
-182,257,-272,133,-170,28,-135,57,73,-50,-54,-74,-171,9,54,9,10,5,3
-180,267,-271,143,-142,50,-132,57,74,-49,-49,-73,-173,12,56,9,10,5,3
-177,281,-273,152,-118,76,-127,59,74,-47,-47,-74,-174,14,59,9,10,5,3
128,-172,297,159,-98,105,-126,59,76,-65,-54,-74,-223,-8,32,9,10,5,3
122,-179,296,-77,376,305,-118,57,69,-69,-55,-72,-233,-11,36,9,10,5,3
114,-185,293,-42,426,291,-122,52,71,-71,-57,-73,-240,-14,39,9,10,5,3
100,-186,296,1,480,259,-125,49,75,-76,-59,-76,-245,-21,44,9,10,5,3
538,-329,-628,47,533,211,-128,48,77,-45,-57,-73,-269,-56,19,9,10,5,3
537,-272,-667,386,-258,-516,-149,37,75,-44,-52,-73,-272,-58,23,9,10,5,3
531,-212,-703,257,-204,-149,-145,40,77,-45,-49,-74,-275,-57,25,9,10,5,3
521,-151,-736,276,-188,-84,-142,44,77,-46,-48,-75,-270,-59,30,9,10,5,3
-45,-3,570,288,-174,-7,-132,50,70,-15,-61,-75,-117,10,91,9,10,5,3
-90,-26,599,286,-160,76,-125,42,77,-23,-62,-75,-118,2,84,9,10,5,3
-133,-52,617,-264,-278,-51,-123,42,74,-32,-64,-75,-129,1,69,9,10,5,3
-176,-77,625,-231,-301,-106,-124,42,69,-44,-65,-79,-126,-4,59,9,10,5,3
-201,192,-302,-213,-321,-138,-130,35,68,-47,-63,-75,-208,-42,29,9,10,5,3
-209,188,-305,-201,-336,-142,-104,79,77,-45,-60,-78,-202,-38,34,9,10,5,3
-219,190,-308,102,-109,135,-103,77,76,-44,-57,-75,-196,-31,39,9,10,5,3
-224,197,-306,119,-76,166,-102,73,75,-46,-55,-77,-189,-24,48,9,10,5,3
112,-62,443,127,-50,194,-104,71,76,-43,-46,-64,-179,0,65,9,10,5,3
125,-77,442,132,-30,218,-116,62,79,-43,-48,-64,-187,-6,72,9,10,5,3
138,-90,430,-5,440,157,-120,76,76,-45,-49,-70,-191,-16,74,9,10,5,3
2176,810,298,125,418,-234,-121,80,78,-64,-58,-77,-226,-48,1,9,10,5,3
516,-497,-357,111,425,-269,-124,84,82,-68,-60,-76,-239,-66,22,9,10,5,3
512,-490,-420,96,432,-300,-90,90,78,-72,-63,-77,-232,-67,26,9,10,5,3
512,-481,-478,81,437,-327,-97,89,81,-75,-64,-78,-225,-67,29,9,10,5,3
519,-464,-534,287,-442,-370,-101,88,82,-34,-63,-109,-216,-64,32,9,10,5,3
41,441,133,297,-441,-315,-103,86,78,-30,-68,-115,-104,34,87,9,10,5,3
77,406,218,300,-419,-255,-129,85,74,-25,-70,-116,-116,27,95,9,10,5,3
98,354,294,300,-386,-190,-121,84,74,-19,-71,-113,-130,21,103,9,10,5,3
98,282,360,-483,-182,140,-113,81,73,-44,-49,-73,-141,12,109,9,10,5,3
-427,83,-175,-446,-246,62,-109,78,74,-43,-50,-74,-205,-69,20,9,10,5,3
-391,110,-197,-448,-307,16,-122,73,73,-43,-50,-75,-200,-66,20,9,10,5,3
-360,142,-220,-467,-364,-7,-123,73,67,-42,-49,-77,-196,-62,20,9,10,5,3
-344,167,-251,152,-139,195,-126,71,66,-41,-79,-111,-191,-61,22,9,10,5,3
100,25,282,154,-78,212,-133,69,68,-44,-82,-119,-163,-32,53,9,10,5,3
121,-1,307,160,-17,229,-110,69,74,-46,-85,-124,-161,-33,65,9,10,5,3
137,-24,314,157,41,248,-102,63,76,-55,-85,-121,-166,-33,73,9,10,5,3
145,-40,315,2,376,127,-95,59,78,-79,-45,-74,-168,-35,76,9,10,5,3
418,-264,148,16,364,143,-87,60,79,-79,-50,-74,-221,-55,30,9,10,5,3
443,-274,101,26,361,154,-107,92,82,-79,-54,-74,-217,-55,28,9,10,5,3
472,-286,58,39,367,159,-102,97,81,-80,-58,-75,-216,-53,26,9,10,5,3
502,-304,11,212,-304,-557,-99,97,78,-17,-48,-91,-216,-51,22,9,10,5,3
41,439,-317,220,-320,-516,-96,92,74,-15,-43,-91,-142,-64,70,9,10,5,3
46,436,-234,223,-323,-471,-129,89,74,-15,-43,-84,-138,-64,72,9,10,5,3
42,428,-147,224,-317,-420,-126,91,76,-16,-44,-81,-139,-60,68,9,10,5,3
40,415,-61,-241,-80,330,-122,96,76,-46,-64,-66,-141,-53,62,9,10,5,3
-334,159,136,-245,-92,269,-118,101,73,-41,-64,-74,-206,-138,22,9,10,5,3
-328,166,103,-245,-92,240,-131,104,69,-36,-65,-80,-213,-136,17,9,10,5,3
-358,172,64,-249,-93,228,-132,109,67,-34,-65,-79,-217,-130,15,9,10,5,3
-396,180,16,-34,-71,-69,-133,112,67,-49,-48,-72,-218,-122,16,9,10,5,3
-212,93,-102,-50,-89,-79,-134,109,65,-48,-46,-72,-159,-25,72,9,10,5,3
-235,91,-92,-63,-115,-81,-103,94,70,-48,-46,-75,-161,-23,78,9,10,5,3
-246,97,-63,-80,-138,-72,-101,94,70,-47,-48,-75,-161,-24,83,9,10,5,3
-250,103,-23,144,648,135,-97,99,73,-55,-44,-67,-160,-27,87,9,10,5,3
143,-210,279,99,658,85,-93,108,76,-60,-47,-70,-195,-118,32,9,10,5,3
132,-213,289,58,656,39,-104,91,74,-65,-50,-75,-245,-93,33,9,10,5,3
122,-216,301,24,641,3,-104,91,74,-73,-55,-77,-247,-89,28,9,10,5,3
111,-219,314,152,50,-883,-106,94,77,-65,-73,-76,-246,-85,24,9,10,5,3
327,117,-841,125,23,-881,-108,99,80,-61,-73,-78,-241,-79,20,9,10,5,3
294,158,-812,105,7,-880,-125,103,64,-58,-72,-79,-168,-61,28,9,10,5,3
268,192,-784,98,-6,-875,-124,92,64,-54,-71,-79,-159,-65,44,9,10,5,3
257,231,-746,-284,173,583,-116,84,63,-51,-66,-78,-151,-70,62,9,10,5,3
-334,5,508,-307,139,588,-108,81,66,-53,-69,-81,-144,-77,78,9,10,5,3
-356,0,497,-327,90,598,-114,116,69,-55,-71,-80,-235,-158,-24,9,10,5,3
-379,-6,488,-349,35,609,-117,109,69,-57,-71,-79,-238,-176,-36,9,10,5,3
-416,-12,461,-64,-239,-83,-119,102,70,-37,-58,-76,-238,-187,-44,9,10,5,3
-177,244,-330,-53,-220,-88,-122,97,69,-33,-58,-75,-237,-187,-47,9,10,5,3
-176,238,-322,-53,-214,-91,-82,110,76,-32,-56,-73,-178,-80,30,9,10,5,3
-178,235,-317,-53,-215,-90,-84,109,74,-28,-54,-76,-183,-90,30,9,10,5,3
-182,236,-317,174,563,113,-86,104,71,-54,-63,-74,-191,-96,31,9,10,5,3
401,-457,-110,144,617,70,-74,98,77,-55,-63,-74,-198,-106,30,9,10,5,3
382,-418,-114,111,652,23,-75,95,77,-56,-63,-76,-199,-105,31,9,10,5,3
367,-378,-121,79,671,-30,-77,95,77,-57,-63,-75,-199,-103,34,9,10,5,3
355,-339,-130,852,-650,221,-80,96,76,-62,-45,-102,-193,-103,40,9,10,5,3
25,0,0,0,-152,132,-68,90,75,-65,-83,-83,-144,-84,53,9,10,5,3
37,7,3,-14,-186,155,-66,84,78,-66,-78,-80,-149,-92,58,9,10,5,3
37,30,7,-35,-226,169,-65,88,78,-59,-71,-80,-150,-102,61,9,10,5,3
-52,56,0,-114,-13,100,-106,86,69,-37,-66,-114,-164,-92,45,9,10,5,3
-38,58,0,-103,0,112,-107,91,70,-30,-61,-132,-166,-93,42,9,10,5,3
-37,64,-5,-84,13,120,-107,96,71,-22,-57,-152,-166,-96,40,9,10,5,3
-45,73,-12,-67,35,125,-105,101,72,-6,-54,-163,-170,-98,38,9,10,5,3
17,64,-39,-19,46,57,-91,111,74,-61,-68,-70,-162,-99,43,9,10,5,3
13,63,-39,-22,44,58,-93,112,74,-65,-73,-59,-162,-100,44,9,10,5,3
8,60,-38,-26,40,60,-94,112,74,-70,-71,-40,-162,-101,44,9,10,5,3
7,63,-40,16,43,64,-90,104,73,-72,-80,-96,-148,-94,44,9,10,5,3
8,58,-41,16,46,64,-89,103,73,-67,-77,-91,-151,-95,44,9,10,5,3
5,56,-39,18,53,59,-85,101,73,-63,-71,-88,-152,-97,44,9,10,5,3
6,54,-37,-1826,-1848,-1921,-81,99,73,-57,-66,-84,-154,-100,44,9,10,5,3
7,51,-35,1,43,54,-97,110,73,-47,-65,-75,-150,-111,46,9,10,5,3
-1,49,-36,1,43,53,-83,109,74,-45,-64,-78,-151,-110,47,9,10,5,3
0,48,-37,4,43,53,-82,109,73,-44,-61,-79,-152,-109,47,9,10,5,3
                                                                                                                                                                                                                                                                                                                                                                                                      