9,26,-21,8,36,56,10,-13,88,5,0,-60,26,-16,60,9,10,5,3
11,31,-19,-50,20,77,-27,-35,87,-65,-18,-43,-8,-22,47,9,10,5,3
11,36,-19,-51,20,79,-21,-28,84,-77,-22,-42,-8,-22,45,9,10,5,3
4,29,-10,-49,18,79,-20,-15,81,-93,-36,-39,-7,-20,43,9,10,5,3
-6,52,-2,-46,11,77,-20,-3,82,-100,-43,-41,-5,-19,43,9,10,5,3
-19,73,4,82,143,11,-58,-75,72,27,41,-129,-104,-25,17,9,10,5,3
-32,90,7,79,149,9,-61,-81,71,-169,4,-165,-105,-28,14,9,10,5,3
-39,-3,84,74,155,7,-71,-89,71,-180,63,-100,-104,-33,12,9,10,5,3
-32,-48,74,70,160,6,-84,-96,70,-162,71,17,-103,-35,8,9,10,5,3
-18,-93,57,248,125,113,303,162,161,-137,7,155,128,67,72,9,10,5,3
1,-129,34,237,119,110,325,97,108,-10,94,-63,118,74,62,9,10,5,3
80,-7,-152,220,112,96,356,64,70,-11,122,-63,110,77,57,9,10,5,3
73,5,-146,200,101,80,404,66,56,-10,144,-62,102,79,55,9,10,5,3
66,25,-144,112,-92,117,-94,-187,-9,-12,153,-60,137,122,57,9,10,5,3
54,42,-145,109,-103,116,-85,-225,-87,74,160,-35,135,126,54,9,10,5,3
-112,72,-12,112,-116,118,-21,-237,-161,64,123,-14,137,128,54,9,10,5,3
-144,56,-27,122,-131,122,93,-232,-215,40,61,0,143,127,53,9,10,5,3
-182,40,-41,-174,106,-4,-78,-147,72,5,0,-1,-88,-218,-68,9,10,5,3
-220,23,-52,-170,110,-3,-63,-142,66,-445,176,391,-85,-224,-67,9,10,5,3
100,0,-193,-165,118,-4,-66,-122,55,-516,134,208,-81,-232,-70,9,10,5,3
125,49,-193,-164,123,-7,-86,-111,57,-531,98,-54,-70,-239,-70,9,10,5,3
136,99,-166,-31,50,-23,435,41,-230,-510,33,-191,-3,133,-69,9,10,5,3
133,143,-113,-34,36,-67,380,36,-215,-123,104,-63,6,141,-85,9,10,5,3
57,103,-68,-23,24,-102,329,56,-210,-119,75,-67,19,141,-92,9,10,5,3
42,97,-52,-3,17,-125,285,91,-197,-120,32,-84,15,143,-87,9,10,5,3
27,86,-30,-127,71,103,315,84,-5,-131,-13,-85,-28,42,-15,9,10,5,3
1,66,-2,-114,91,81,374,51,-36,-87,-49,-96,-22,62,-25,9,10,5,3
26,102,-145,-99,107,52,406,12,-83,-74,-38,-93,-17,79,-28,9,10,5,3
26,131,-143,87,-89,83,-154,236,17,-63,-29,-93,19,16,32,9,10,5,3
27,154,-139,-15,-15,77,-168,240,24,-49,54,-69,30,33,32,9,10,5,3
-1183,213,3496,-18,0,85,-196,245,14,-20,93,-65,35,49,30,9,10,5,3
37,-280,193,-14,1,100,-208,250,-13,22,138,-60,37,61,27,9,10,5,3
62,-279,179,-1,-6,120,162,111,30,85,164,-38,17,27,41,9,10,5,3
78,-283,168,57,29,38,126,93,45,82,-49,-64,26,27,43,9,10,5,3
88,-281,152,47,20,40,93,83,69,64,-40,-66,29,28,45,9,10,5,3
-2262,-1696,-786,40,10,40,91,178,-98,47,-20,-71,83,41,-9,9,10,5,3
39,2,-100,65,-7,46,107,139,-98,-10,15,-66,75,52,-10,9,10,5,3
36,5,-94,64,-17,63,138,70,-78,-2,10,-69,71,63,-7,9,10,5,3
32,7,-90,63,-30,76,-55,-646,264,15,-8,-81,-65,-94,241,9,10,5,3
27,9,-87,58,-43,83,-22,-590,274,37,-35,-84,-56,-65,221,9,10,5,3
107,27,-98,100,-17,10,7,-488,255,-51,125,-92,-34,-32,202,9,10,5,3
104,43,-119,103,-37,11,43,-360,215,-40,134,-89,-8,-1,184,9,10,5,3
96,59,-139,106,-60,14,157,-34,-38,-31,139,-90,109,60,43,9,10,5,3
86,79,-157,111,-90,16,147,-48,-16,-20,143,-89,111,57,45,9,10,5,3
66,0,-155,23,-60,40,152,-61,9,-20,163,-63,112,55,46,9,10,5,3
66,4,-161,23,-65,35,167,-60,20,-31,157,-68,109,55,45,9,10,5,3
68,6,-166,22,-67,27,-452,-51,5,-51,150,-73,-59,-97,15,9,10,5,3
73,6,-173,19,-65,16,-538,-33,119,-69,145,-72,-58,-113,95,9,10,5,3
24,-37,41,-220,19,30,-590,117,338,-50,-79,-88,-98,-107,198,9,10,5,3
40,-27,13,-151,-36,121,-617,303,539,-47,-78,-84,-160,-97,282,9,10,5,3
43,-13,-3,-144,-33,110,419,-4,354,-44,-66,-75,152,85,-34,9,10,5,3
38,3,-15,-134,-31,102,505,2,309,-36,-58,-68,179,92,1,9,10,5,3
234,95,-20,-126,-24,92,600,1,305,-127,217,-95,201,90,45,9,10,5,3
219,91,-40,71,-90,-99,678,-49,308,-159,267,-99,208,81,95,9,10,5,3
196,89,-63,72,-80,-102,127,154,-310,-182,322,-94,71,76,-60,9,10,5,3
166,93,-84,73,-68,-105,223,20,-9,-218,367,-96,108,33,8,9,10,5,3
0,-318,62,73,-55,-106,-161,-85,380,-26,-302,-15,147,-13,130,9,10,5,3
43,-300,25,-13,-31,85,-375,-100,645,-39,-272,-26,152,-66,273,9,10,5,3
88,-291,-1,10,-36,96,178,-151,170,-58,-242,-35,12,84,-9,9,10,5,3
107,-284,-25,34,-48,95,289,-53,171,-69,-209,-32,1,104,0,9,10,5,3
148,205,-33,58,-65,96,361,63,151,-136,62,-89,-5,119,13,9,10,5,3
151,203,-60,78,36,-50,396,171,116,-171,67,-86,-3,126,29,9,10,5,3
143,192,-87,86,29,-41,-196,47,216,-198,74,-82,-8,35,14,9,10,5,3
127,175,-109,97,19,-30,-307,-74,386,-215,85,-84,7,20,50,9,10,5,3
21,-190,81,107,3,-18,-399,-8,567,87,54,-55,24,1,102,9,10,5,3
23,-196,72,-55,151,39,-490,128,745,74,60,-59,38,-21,162,9,10,5,3
25,-197,54,-50,157,38,244,133,-93,60,48,-58,47,77,10,9,10,5,3
27,-195,33,-43,158,33,227,118,-81,51,18,-49,54,81,13,9,10,5,3
0,24,-185,-36,153,26,204,111,-69,-153,29,-96,64,82,16,9,10,5,3
-5,14,-186,4,-20,69,169,99,-52,-155,44,-100,69,81,19,9,10,5,3
-9,5,-183,-3,-14,85,-98,284,121,-116,61,-92,-2925,-1513,3376,9,10,5,3
-15,0,-177,-14,0,108,-46,292,89,-56,93,-77,6,46,-6,9,10,5,3
12,47,5,-28,12,134,-16,231,65,25,-64,-59,11,37,4,9,10,5,3
11,65,3,18,-21,2,5,205,95,11,-60,-61,12,29,15,9,10,5,3
12,80,0,15,-24,0,183,-65,14,1,-52,-67,15,21,22,9,10,5,3
14,89,-8,13,-26,-3,193,-79,9,-4,-44,-69,65,40,-5,9,10,5,3
15,72,-153,13,-27,-6,204,-105,7,-27,-102,-76,63,41,-10,9,10,5,3
21,67,-147,-55,-68,250,143,-68,367,-16,-117,-74,67,39,-16,9,10,5,3
29,58,-138,-55,-85,261,75,-154,371,2,-116,-65,73,34,-18,9,10,5,3
36,46,-123,-59,-98,265,-6,-219,324,41,-115,-63,83,35,7,9,10,5,3
4,107,-69,-64,-105,264,-52,-226,281,-48,75,-61,81,36,16,9,10,5,3
8,107,-70,-22,-6,16,35,-29,10,-38,76,-60,83,32,24,9,10,5,3
13,99,-72,-26,2,19,40,-44,13,-28,85,-72,88,25,29,9,10,5,3
15,91,-73,-32,7,23,51,-46,20,-8,100,-78,81,8,69,9,10,5,3
57,-29,-139,-36,9,27,60,-46,20,-85,18,-86,82,7,61,9,10,5,3
53,-27,-142,1,22,141,-373,4,368,-29,-12,-86,84,6,46,9,10,5,3
45,-22,-136,-3,32,168,-112,68,95,37,-58,-79,97,39,21,9,10,5,3
33,-12,-120,-12,45,195,-115,22,55,93,-108,-72,124,46,6,9,10,5,3
92,73,-88,16,-205,29,-121,-18,24,-154,213,-80,144,50,0,9,10,5,3
88,72,-91,17,-184,22,-131,-48,5,-191,238,-76,159,51,-2,9,10,5,3
84,70,-93,16,-161,20,69,-133,105,-201,256,-70,78,17,-15,9,10,5,3
81,68,-94,12,-138,20,79,-99,113,-184,279,-62,81,10,-14,9,10,5,3
-119,18,109,-38,121,210,72,-26,149,174,-289,-19,78,2,-10,9,10,5,3
-136,13,149,-43,130,248,-12,53,172,166,-282,-10,77,-9,-7,9,10,5,3
-151,1,185,-49,133,277,145,54,227,156,-281,-15,102,33,-77,9,10,5,3
-161,-18,212,-59,129,296,227,67,183,146,-280,-13,116,32,-53,9,10,5,3
55,85,-57,11,-50,58,296,57,184,5,186,-61,130,26,-25,9,10,5,3
57,77,-72,-8,-44,47,355,7,232,-16,214,-65,134,24,9,9,10,5,3
57,67,-86,-22,-37,34,128,140,-48,-42,234,-65,114,66,22,9,10,5,3
53,54,-96,-31,-30,21,68,108,-47,-65,249,-63,113,69,15,9,10,5,3
47,46,-182,72,-128,0,14,49,-15,61,-215,-99,103,72,11,9,10,5,3
42,62,-155,79,-114,11,-8,-1,-9,138,-281,-83,103,58,4,9,10,5,3
34,81,-114,85,-94,28,211,-183,39,219,-342,-43,33,15,51,9,10,5,3
25,98,-61,95,-68,54,396,-125,-130,-12,145,-98,39,26,30,9,10,5,3
-32,91,-91,103,73,-9,408,-138,-135,-6,158,-86,40,37,14,9,10,5,3
-27,89,-86,104,75,-9,421,-134,-139,-21,159,-81,39,21,56,9,10,5,3
-23,86,-82,104,78,-10,429,-110,-146,-49,150,-82,38,25,61,9,10,5,3
-19,79,-80,102,79,-13,11,275,-104,11,90,-115,38,26,66,9,10,5,3
-71,165,-63,179,-88,183,4,238,-72,60,79,-104,40,25,69,9,10,5,3
-100,159,-25,-66,73,135,50,117,-2,99,55,-89,-57,-34,13,9,10,5,3
-123,139,6,-109,103,102,83,4,86,118,36,-72,-62,-26,5,9,10,5,3
-136,107,30,-149,131,71,147,73,-16,-40,55,-97,-62,-20,5,9,10,5,3
3,141,-112,146,-34,52,127,87,-10,-46,69,-90,11,4,43,9,10,5,3
-27,65,-131,144,-37,53,105,101,-4,-57,76,-82,9,-1,47,9,10,5,3
-32,51,-129,139,-38,53,-566,68,474,112,251,12,11,-8,50,9,10,5,3
-34,34,-126,130,-33,53,-144,-31,94,82,257,8,11,-13,50,9,10,5,3
-34,20,-125,108,126,-70,-226,13,96,26,230,-15,5,-9,2,9,10,5,3
26,59,-110,143,113,-60,-329,46,108,32,125,-64,11,-17,2,9,10,5,3
3,65,-95,170,98,-56,-420,88,131,35,147,-74,18,-23,6,9,10,5,3
-17,60,-75,189,82,-60,403,181,-92,42,171,-77,22,-30,14,9,10,5,3
-36,51,-57,-27,131,79,440,94,-82,45,180,-73,-3,18,70,9,10,5,3
40,-16,-133,-22,132,74,476,2,-61,-154,81,-95,3,9,49,9,10,5,3
40,-15,-144,-20,131,63,510,-93,-34,-174,54,-101,5,7,25,9,10,5,3
38,-10,-152,-20,129,46,-18,-57,317,-191,10,-100,8,11,0,9,10,5,3
35,-2,-159,-119,-127,98,-47,-116,263,-192,-49,-106,83,66,72,9,10,5,3
40,36,-58,-128,-85,77,-45,-132,218,-55,108,-81,100,60,69,9,10,5,3
50,63,-77,-126,-48,67,-35,-119,184,-58,93,-80,115,51,67,9,10,5,3
53,80,-93,-109,-19,65,195,-70,-25,-60,75,-76,118,46,66,9,10,5,3
55,86,-107,22,-140,56,178,-88,0,-63,57,-74,110,30,50,9,10,5,3
19,-5,-114,17,-135,57,161,-105,25,31,86,-51,82,29,32,9,10,5,3
2,-47,-161,11,-125,59,-292,-103,4,7,110,-55,80,31,24,9,10,5,3
4,-43,-170,-22,-9,-60,-296,-111,-10,-17,136,-58,79,33,17,9,10,5,3
5,-38,-179,-19,-9,-45,-285,-116,-23,282,-287,16,-316,-40,259,9,10,5,3
9,-34,-189,-17,-12,-29,-276,-116,-32,248,-260,19,-304,1,211,9,10,5,3
22,153,52,-19,-17,-9,-708,176,262,205,-231,19,-263,36,194,9,10,5,3
-2,151,83,-80,134,-20,-708,132,337,163,-184,11,-202,50,173,9,10,5,3
-22,134,95,-96,109,-55,-681,81,383,-41,69,-73,29,13,82,9,10,5,3
-36,101,91,-104,90,-84,-620,53,410,-48,70,-77,16,5,77,9,10,5,3
44,38,-106,-102,80,-107,462,36,-341,-46,76,-74,8,6,67,9,10,5,3
34,34,-103,59,-67,-8,432,33,-309,-37,87,-74,2,13,53,9,10,5,3
24,31,-98,62,-81,-14,399,5,-254,-13,143,-130,82,90,-45,9,10,5,3
17,29,-97,66,-93,-24,360,-41,-203,74,85,-108,85,44,-27,9,10,5,3
-171,-340,183,69,-102,-36,-188,-134,599,159,13,-94,81,-6,-1,9,10,5,3
-149,-365,149,-173,15,-46,-139,-173,556,225,-57,-86,77,-58,36,9,10,5,3
-129,-377,106,-140,-4,-54,-103,-217,461,68,78,-58,-15,99,75,9,10,5,3
-102,-373,56,-108,-11,-60,-74,-257,350,62,68,-66,-11,83,79,9,10,5,3
124,37,-120,-76,-7,-58,270,98,19,57,52,-79,-9,77,76,9,10,5,3
112,39,-116,113,4,44,253,111,37,54,55,-72,-24,79,73,9,10,5,3
100,40,-111,120,6,58,230,132,56,-105,54,-66,7,-65,47,9,10,5,3
87,38,-104,128,6,72,201,161,71,-119,53,-72,2,-46,38,9,10,5,3
-90,86,-145,134,8,84,-553,69,327,-132,65,-72,0,-28,27,9,10,5,3
-103,89,-128,-121,18,197,-679,-184,582,-141,85,-66,0,-14,15,9,10,5,3
-119,89,-102,-146,17,161,-690,-338,644,69,-40,-52,-37,14,41,9,10,5,3
-135,82,-66,-183,28,122,-622,-283,575,63,-37,-52,-20,4,51,9,10,5,3
25,75,-108,-212,41,81,256,-34,95,54,-30,-51,-5,0,57,9,10,5,3
25,74,-110,60,-31,54,260,-56,83,40,-20,-52,0,2,61,9,10,5,3
24,69,-111,55,-20,55,267,-79,71,-147,112,-73,17,25,32,9,10,5,3
24,62,-111,46,-2,52,274,-102,60,-185,154,-85,18,23,25,9,10,5,3
4,35,-130,35,16,45,-271,-484,208,-194,187,-92,22,27,14,9,10,5,3
-19,46,-94,39,-93,334,-156,-237,174,-185,216,-93,31,35,2,9,10,5,3
-45,52,-55,-2,-84,348,-74,-24,245,10,-87,-54,130,100,63,9,10,5,3
-67,54,-18,-46,-73,346,-17,110,335,-22,-79,-63,141,112,38,9,10,5,3
120,161,-98,-86,-63,326,-16,-22,60,-53,-71,-73,147,124,21,9,10,5,3
119,147,-102,-21,-142,65,0,-31,44,-68,-59,-82,153,134,12,9,10,5,3
115,128,-104,-31,-141,67,29,-30,35,-120,166,-68,92,51,21,9,10,5,3
111,111,-105,-39,-142,70,57,-21,29,-128,188,-63,98,50,21,9,10,5,3
8,15,-121,-41,-142,71,-142,-125,100,-129,204,-59,102,50,19,9,10,5,3
7,7,-127,-51,28,-155,-113,-108,86,-152,-211,-117,120,-76,66,9,10,5,3
8,-1,-136,-36,63,-134,-81,-85,80,-141,-278,-111,62,-78,117,9,10,5,3
-32,-111,152,-18,97,-83,-453,84,7,-89,-344,-108,-1,-77,166,9,10,5,3
-5,-135,103,5,99,-79,-384,90,1,-110,126,-73,163,24,-26,9,10,5,3
18,-145,51,39,87,-77,-313,89,0,-85,120,-64,168,31,8,9,10,5,3
102,35,-81,66,70,-68,212,-22,27,-55,118,-58,168,33,39,9,10,5,3
110,24,-99,88,48,-51,172,-11,26,-21,111,-59,163,35,64,9,10,5,3
113,12,-115,72,-17,-26,127,-6,32,-40,121,-45,79,5,34,9,10,5,3
112,3,-127,74,-13,-23,90,0,30,-30,130,-45,61,-9,40,9,10,5,3
-120,81,112,77,-11,-16,-493,-97,79,-33,141,-44,41,-24,47,9,10,5,3
-121,81,122,76,-14,-7,-574,-85,65,-33,133,-49,14,-34,52,9,10,5,3
-117,75,129,-85,141,-100,-661,-66,59,-107,120,-55,189,74,-52,9,10,5,3
-114,65,133,-70,138,-125,-749,-41,59,-63,145,-50,204,85,0,9,10,5,3
45,41,-68,-49,142,-137,611,-137,-151,-31,161,-48,208,90,58,9,10,5,3
49,25,-89,-19,152,-129,597,-146,-192,-9,160,-56,209,85,110,9,10,5,3
50,13,-105,171,-104,3,592,-129,-237,-174,187,-109,66,139,-24,9,10,5,3
47,7,-116,181,-115,-8,591,-88,-268,-176,202,-123,61,146,-26,9,10,5,3
-158,-38,104,191,-120,-20,-79,-199,342,-178,205,-144,55,148,-29,9,10,5,3
-191,-99,126,-265,97,168,-147,-192,384,101,-74,-44,88,-14,58,9,10,5,3
-207,-157,139,-243,83,125,-198,-156,421,76,12,-53,88,20,32,9,10,5,3
0,122,-32,-216,69,87,483,72,-110,47,76,-55,87,52,11,9,10,5,3
6,121,-29,-186,59,52,454,105,-100,18,117,-57,89,81,-6,9,10,5,3
13,114,-28,60,23,2,423,123,-89,-58,56,-82,-7,2,45,9,10,5,3
12,-19,-75,57,28,4,-97,261,76,-51,94,-82,-6,0,44,9,10,5,3
12,-15,-73,54,34,4,-136,293,41,-52,113,-82,0,0,40,9,10,5,3
11,-14,-69,1660,1001,98,-166,314,-10,124,90,-9,1,-162,205,9,10,5,3
-66,-236,102,-140,-20,147,-240,294,210,67,12,-76,11,-171,223,9,10,5,3
-31,-258,75,-177,-15,88,-176,328,161,38,27,-92,9,-171,223,9,10,5,3
-4,-272,48,-207,-6,34,-110,322,141,35,41,-90,6,-161,202,9,10,5,3
3816,1336,-693,-218,1,-7,-68,263,123,47,56,-81,15,84,32,9,10,5,3
0,9,-46,46,21,63,308,-439,0,-82,94,-65,43,55,59,9,10,5,3
0,14,-34,46,23,64,288,-417,-17,-98,110,-68,43,55,50,9,10,5,3
0,16,-24,43,23,61,261,-386,-39,-107,122,-69,46,61,39,9,10,5,3
4,13,-18,40,22,54,231,-356,-66,-110,135,-75,49,72,27,9,10,5,3
-34,-40,106,-109,-166,277,-62,-129,172,119,-125,-29,21,30,140,9,10,5,3
-23,-80,86,-144,-150,246,-72,-96,165,106,-67,-41,45,51,117,9,10,5,3
-12,-119,62,-179,-111,209,-97,-88,127,97,-20,-49,70,60,98,9,10,5,3
39,43,-95,-40,-122,54,162,-111,-22,-115,171,-70,61,54,26,9,10,5,3
46,36,-92,-38,-117,60,147,-135,-1,-115,184,-67,71,51,35,9,10,5,3
50,27,-86,-38,-112,61,139,-157,22,-110,200,-64,77,51,42,9,10,5,3
52,18,-80,-38,-111,62,137,-174,40,-104,211,-63,91,48,46,9,10,5,3
5,-34,-137,-69,-36,11,-417,-49,-6,29,-141,-98,22,-49,22,9,10,5,3
-3,-21,-116,-78,-44,36,-437,-26,65,71,-179,-89,-3,-66,52,9,10,5,3
-15,-4,-88,-88,-57,61,-461,32,78,104,-212,-76,-24,-84,87,9,10,5,3
-33,16,-56,-97,-70,91,-409,62,60,128,-238,-66,-42,-99,124,9,10,5,3
58,127,-32,116,-69,96,426,-266,199,19,119,-64,-7,4,101,9,10,5,3
57,130,-10,104,-79,107,447,-253,186,17,121,-63,-20,-5,89,9,10,5,3
60,125,3,84,-88,110,455,-240,160,4,127,-67,-27,-8,76,9,10,5,3
66,118,5,61,-92,106,460,-222,122,-11,142,-69,-25,-7,61,9,10,5,3
32,34,-102,78,-42,0,-12,134,-53,-130,170,-126,18,59,-20,9,10,5,3
36,38,-107,87,-37,-2,-40,138,-52,-127,177,-138,25,60,-28,9,10,5,3
40,45,-111,95,-32,-7,-78,147,-44,-135,179,-143,32,65,-38,9,10,5,3
43,53,-116,100,-29,-14,-123,159,-22,-127,170,-129,42,70,-45,9,10,5,3
-51,-1,-142,-35,15,0,528,-57,-169,-33,103,-72,-37,69,15,9,10,5,3
-68,26,-127,-12,12,16,526,-33,-162,-26,69,-70,-41,62,20,9,10,5,3
-78,43,-108,10,10,31,536,-14,-142,-15,38,-73,-44,52,26,9,10,5,3
-82,50,-86,31,11,45,538,14,-118,-2,24,-69,-52,44,32,9,10,5,3
28,-67,-69,-22,98,28,-43,131,33,-47,44,-59,-1,-33,36,9,10,5,3
22,-53,-71,-24,94,29,-43,145,33,-69,37,-60,3,-28,33,9,10,5,3
16,-35,-74,-24,91,30,-63,155,23,-97,31,-59,5,-24,31,9,10,5,3
3062,-1888,2390,-22,84,30,-71,172,14,-124,33,-60,9,-16,28,9,10,5,3
-42,-79,-107,-169,90,-31,-87,169,104,33,172,-70,-42,-72,49,9,10,5,3
-62,-61,-96,-142,116,-11,157,305,49,35,152,-68,-37,-69,50,9,10,5,3
-75,-47,-81,-111,138,10,168,286,37,24,121,-57,-30,-63,50,9,10,5,3
-82,-34,-68,-80,153,30,180,267,23,0,88,-61,-27,-57,53,9,10,5,3
2,-7,-65,17,42,20,194,252,9,-70,74,-71,16,48,16,9,10,5,3
3,-11,-69,30,63,-21,12,-182,27,-72,52,-77,19,54,13,9,10,5,3
5,-17,-73,36,55,-22,35,-112,-60,-68,45,-81,22,63,14,9,10,5,3
-131,-26,94,41,49,-22,96,-11,-177,-53,49,-90,28,73,18,9,10,5,3
-119,-30,97,45,44,-21,262,9,-271,66,9,-56,58,135,45,9,10,5,3
-102,-37,94,62,-154,48,-295,84,214,42,5,-64,64,140,43,9,10,5,3
-85,-44,87,64,-86,-35,-293,46,222,17,14,-67,68,135,45,9,10,5,3
63,16,-64,60,-79,-34,-285,15,206,0,22,-71,66,118,50,9,10,5,3
60,32,-57,59,-78,-32,-271,1,176,-20,46,-55,77,57,48,9,10,5,3
55,46,-53,58,-81,-29,-5,-233,124,-20,35,-60,76,57,49,9,10,5,3
52,57,-51,-66,-102,18,-22,-208,143,-20,33,-62,79,56,50,9,10,5,3
59,20,-129,-64,-97,16,-57,-186,166,-13,34,-61,81,54,51,9,10,5,3
42,31,-102,-62,-90,13,-95,-163,190,91,-311,-50,-138,-72,137,9,10,5,3
20,41,-73,-59,-86,9,-752,248,24,44,-287,-50,15,-1,-13,9,10,5,3
-2,50,-45,-77,74,-97,-739,249,20,-2,-246,-54,19,0,-26,9,10,5,3
48,61,-45,-52,71,-100,-718,232,25,-40,-217,-65,18,4,-38,9,10,5,3
36,60,-16,-24,71,-94,-690,189,34,-60,57,-62,22,6,-48,9,10,5,3
26,50,2,5,75,-76,609,9,-286,-69,58,-69,91,99,47,9,10,5,3
21,36,14,109,-143,40,583,23,-307,-68,64,-69,66,93,-28,9,10,5,3
20,72,-113,132,-116,59,534,28,-307,-45,-20,-69,77,97,-31,9,10,5,3
0,84,-75,140,-110,98,-377,-89,398,-23,-33,-63,82,94,-33,9,10,5,3
-28,88,-34,142,-106,130,-392,-132,453,5,-50,-50,85,94,-33,9,10,5,3
-47,85,5,138,-104,159,-394,-184,489,39,-70,-39,-27,47,56,9,10,5,3
28,-25,-28,37,39,-15,-362,-197,517,41,-5,-75,-36,40,60,9,10,5,3
41,-23,-35,41,35,-15,-26,194,149,36,-5,-60,-33,27,56,9,10,5,3
48,-24,-38,47,38,-14,74,215,109,26,-19,-56,-39,12,49,9,10,5,3
51,-28,-40,52,44,-9,90,216,89,17,-30,-53,-14,-17,42,9,10,5,3
8,26,-86,46,20,-2,95,217,71,-110,24,-76,-10,-31,46,9,10,5,3
0,28,-85,26,17,4,100,214,55,-113,17,-77,-9,-23,49,9,10,5,3
-7,32,-83,7,21,13,-606,78,236,-108,16,-74,-4,-17,52,9,10,5,3
-14,34,-81,-10,26,27,-104,175,117,-98,35,-79,-3,-17,60,9,10,5,3
-56,-16,-37,21,133,87,-32,179,116,-59,21,-48,-44,-98,55,9,10,5,3
-48,-10,-37,2,128,83,37,187,121,-79,-46,-37,-43,-101,69,9,10,5,3
-41,-12,-37,-22,128,77,94,220,140,-82,-104,-41,-40,-103,80,9,10,5,3
-33,-18,-37,-50,131,72,58,-295,118,-64,-139,-42,-34,-100,85,9,10,5,3
15,22,-69,78,57,-40,118,-192,-21,-4,58,-68,52,74,44,9,10,5,3
9,31,-62,88,57,-28,115,-179,-26,-6,83,-63,52,65,40,9,10,5,3
7,43,-55,97,55,-14,112,-158,-39,-7,105,-54,51,59,36,9,10,5,3
-206,33,-26,-93,-37,118,343,-4,56,-2,-147,-50,25,-65,67,9,10,5,3
-194,43,-29,-84,-48,113,341,14,19,-1,-115,-56,12,-40,40,9,10,5,3
-175,54,-36,-76,-60,107,322,14,-27,-1,-71,-66,4,-10,13,9,10,5,3
110,-27,-96,-29,-115,2,-29,-15,-38,-60,76,-64,67,86,29,9,10,5,3
104,-30,-87,-36,-106,5,10,-39,-38,-56,90,-62,70,80,32,9,10,5,3
101,-32,-76,-40,-98,4,41,-59,-41,-46,102,-58,74,68,36,9,10,5,3
46,5,-107,-80,-38,36,-266,-1,260,-58,84,-61,128,-27,91,9,10,5,3
44,-4,-104,-70,-25,36,-495,289,72,-79,60,-61,111,-42,107,9,10,5,3
41,-7,-99,-59,-12,41,-523,272,54,-94,33,-61,90,-55,111,9,10,5,3
-119,13,-75,-142,67,38,-555,267,34,-105,8,-64,68,-64,111,9,10,5,3
-96,12,-86,-135,55,27,-588,259,28,46,160,-50,164,96,88,9,10,5,3
-72,13,-99,-125,38,19,581,-77,57,47,183,-48,164,81,127,9,10,5,3
30,3,-103,-47,-27,-5,583,-51,19,31,186,-45,147,64,156,9,10,5,3
24,15,-101,-41,-10,-8,574,-39,-13,15,174,-46,115,48,172,9,10,5,3
15,26,-93,-34,5,-4,552,-37,-39,-90,89,-93,8,38,-1,9,10,5,3
0,34,-81,-26,18,5,-156,73,97,-94,92,-93,8,36,3,9,10,5,3
-50,22,6,121,-4,159,-116,-83,416,-91,99,-94,12,30,7,9,10,5,3
-69,17,25,112,-6,183,-172,-54,432,-94,111,-94,25,22,7,9,10,5,3
-87,9,39,98,-5,198,-193,-37,418,1,142,-65,17,67,82,9,10,5,3
-100,-5,46,76,-7,204,-196,-49,380,-17,141,-71,13,59,86,9,10,5,3
34,36,-106,100,16,-16,189,166,15,-32,131,-66,3,52,90,9,10,5,3
27,38,-103,96,24,-4,158,174,27,-42,114,-59,-11,45,87,9,10,5,3
19,40,-98,94,32,10,129,185,43,-54,53,-60,12,-27,77,9,10,5,3
12,42,-92,92,38,27,102,186,66,-54,42,-67,11,-25,74,9,10,5,3
-30,14,-92,17,47,44,-114,418,-80,-55,35,-68,11,-24,70,9,10,5,3
-29,9,-96,18,50,42,-62,382,-65,-47,33,-74,8,-24,64,9,10,5,3
-29,8,-103,18,56,42,-20,273,59,-85,27,-74,-11,28,-54,9,10,5,3
-35,10,-108,15,66,46,-234,145,323,-86,27,-74,-17,38,-50,9,10,5,3
-39,-6,-10,43,41,93,283,271,-14,-87,23,-79,-25,34,-39,9,10,5,3
-39,6,-25,25,30,78,287,243,-12,-84,18,-78,-31,20,-24,9,10,5,3
-35,19,-40,9,20,67,294,223,-13,-45,40,-66,-5,3,64,9,10,5,3
0,-76,-30,-15,155,13,139,-197,68,-39,13,-64,-4,2,62,9,10,5,3
0,-71,-32,-15,157,13,175,-215,39,-37,-7,-67,-4,0,58,9,10,5,3
1,-65,-32,-13,158,11,200,-244,2,104,43,-48,44,30,124,9,10,5,3
39,27,-70,5,-52,103,-207,0,102,115,84,-50,41,22,123,9,10,5,3
34,22,-64,-1,-41,112,-232,2,133,104,111,-64,35,15,109,9,10,5,3
26,18,-55,-6,-29,121,-259,-10,179,-14,8,-54,69,67,75,9,10,5,3
14,11,-42,-7,-20,127,-292,-35,232,-7,9,-62,66,67,76,9,10,5,3
76,87,-77,43,-151,60,261,-113,97,8,15,-71,70,64,72,9,10,5,3
68,81,-76,37,-145,60,245,-121,117,-106,163,-57,45,36,38,9,10,5,3
63,74,-74,30,-131,55,227,-125,130,-69,13,-79,35,29,37,9,10,5,3
-108,-14,-83,31,108,133,-1154,147,30,-58,-14,-80,46,21,31,9,10,5,3
-141,-5,-32,37,116,195,-1262,93,36,-29,-42,-85,-21,-33,-14,9,10,5,3
-175,-1,24,38,119,253,-1265,106,68,19,-78,-86,7,13,-40,9,10,5,3
-206,-3,84,27,114,304,-1213,146,101,-33,91,-56,34,54,-53,9,10,5,3
99,51,-107,16,-106,10,452,-59,-151,-37,98,-59,69,62,48,9,10,5,3
61,84,-61,15,-100,14,447,-40,-156,-41,112,-63,85,54,49,9,10,5,3
65,83,-66,15,-93,21,440,-16,-170,-94,100,-132,68,51,62,9,10,5,3
70,79,-73,76,-71,74,-381,-324,545,-79,55,-136,109,-136,215,9,10,5,3
403,2368,1796,75,-54,90,-412,-255,539,-68,9,-142,101,-155,229,9,10,5,3
-52,-107,-47,74,-35,109,-346,-167,446,-20,80,-60,90,-160,224,9,10,5,3
-52,-74,-34,69,-14,134,-300,-100,414,-20,75,-63,72,-150,207,9,10,5,3
-51,-47,-17,40,-50,8,208,245,36,-13,71,-67,7,40,67,9,10,5,3
-48,-25,-3,42,-43,13,60,230,101,-1,84,-60,10,31,64,9,10,5,3
-47,5,-112,50,-39,21,57,235,102,-63,28,-59,10,28,62,9,10,5,3
-18,-26,-96,-50,120,36,59,245,94,-74,11,-62,5,-59,78,9,10,5,3
-21,-19,-88,-57,130,50,-986,198,353,-80,1,-66,9,-66,98,9,10,5,3
-28,-9,-73,-61,135,70,-909,232,296,-104,104,-85,10,-76,118,9,10,5,3
-42,1,-54,-61,139,96,-810,288,232,-93,111,-82,26,-84,138,9,10,5,3
19,-49,-44,-30,107,28,-695,347,170,-75,119,-80,-19,-27,34,9,10,5,3
27,-47,-59,-42,101,13,179,-351,112,29,101,-49,-16,-7,30,9,10,5,3
31,-48,-72,-49,95,2,173,-354,104,-12,-44,-53,-16,12,27,9,10,5,3
-28,29,-21,29,94,20,165,-351,98,6,-62,-58,52,79,80,9,10,5,3
-24,40,-26,35,87,24,-26,-73,69,14,-78,-59,56,81,83,9,10,5,3
-21,52,-31,41,77,29,-53,-81,82,-34,23,-57,60,81,91,9,10,5,3
-18,64,-34,50,66,38,-77,-48,100,-32,32,-57,62,78,105,9,10,5,3
85,97,-94,31,-264,55,-95,-10,116,-25,37,-63,33,48,60,9,10,5,3
83,94,-93,0,-242,43,-98,20,127,-23,32,-65,35,50,58,9,10,5,3
79,88,-89,-24,-226,31,-84,-68,194,-35,134,-79,40,51,53,9,10,5,3
-39,-36,-145,-32,-46,-9,-95,-56,196,-31,125,-80,60,27,-45,9,10,5,3
-50,-46,-148,-38,-57,-13,-99,-46,200,-27,116,-77,65,25,-49,9,10,5,3
-56,-56,-151,-45,-65,-15,-105,-39,200,-25,120,-81,73,23,-49,9,10,5,3
-59,-64,-155,-53,-69,-14,-421,-213,207,-126,-5,-91,86,20,-40,9,10,5,3
81,97,-159,74,51,-29,-286,-266,272,-126,22,-95,94,78,106,9,10,5,3
81,113,-121,115,39,6,-186,-287,339,-108,53,-92,64,59,111,9,10,5,3
77,125,-83,147,24,39,-91,-288,385,-78,76,-85,33,43,108,9,10,5,3
71,130,-48,164,4,69,335,83,-32,-163,180,-102,8,32,101,9,10,5,3
85,64,-74,115,-56,8,266,176,23,-141,170,-109,-16,34,9,9,10,5,3
88,65,-71,114,-47,6,184,259,46,-120,155,-116,-14,30,1,9,10,5,3
86,61,-71,110,-39,1,81,335,65,-99,141,-124,-9,29,-9,9,10,5,3
82,54,-74,103,-31,-5,-125,-142,360,43,-193,-21,-14,29,-21,9,10,5,3
-91,-41,-104,-69,-29,56,-159,-171,364,47,-155,-32,83,51,10,9,10,5,3
-77,-33,-114,-56,-39,41,-172,-181,337,46,-111,-38,46,58,2,9,10,5,3
-64,-30,-122,-45,-43,23,-140,-168,288,40,-76,-42,21,64,-1,9,10,5,3
-50,-25,-129,-33,-41,10,229,233,17,-86,7,-81,-4,76,0,9,10,5,3
55,6,-76,58,62,65,196,240,20,-113,29,-89,-9,-22,64,9,10,5,3
57,6,-79,10,-28,50,170,241,26,-119,54,-90,-10,-18,57,9,10,5,3
59,5,-79,6,-31,46,1522,-2166,-881,-103,92,-83,-8,-15,50,9,10,5,3
58,2,-77,5,-32,45,-360,230,221,53,120,-57,-10,-12,47,9,10,5,3
-129,-104,-38,6,-32,48,-363,286,182,42,110,-58,-27,-28,40,9,10,5,3
-118,-108,-33,17,150,9,-353,326,169,39,100,-62,-29,-24,40,9,10,5,3
-107,-109,-30,29,140,6,-323,352,154,41,98,-67,-32,-20,37,9,10,5,3
-95,-109,-29,39,131,4,208,-174,60,9,37,-60,-41,-16,37,9,10,5,3
19,30,-68,48,124,3,196,-204,62,25,27,-64,5,51,52,9,10,5,3
16,22,-66,-8,29,38,181,-229,63,36,19,-64,5,53,52,9,10,5,3
12,13,-64,-4,41,29,167,-244,58,47,18,-62,4,56,51,9,10,5,3
10,8,-62,0,51,22,-197,-47,238,34,-27,-51,5,59,48,9,10,5,3
-76,-16,-63,7,61,16,-133,-118,234,26,-37,-54,137,-69,69,9,10,5,3
-86,-26,-78,-167,-77,72,-124,-178,273,14,-54,-54,128,-67,67,9,10,5,3
-98,-33,-90,-95,-137,17,-134,-215,274,5,-70,-54,115,-65,66,9,10,5,3
-109,-35,-98,-74,-135,14,-298,265,123,7,43,-61,105,-64,63,9,10,5,3
97,5,-78,-50,-129,22,-272,259,123,16,25,-69,33,50,27,9,10,5,3
80,0,-86,-23,-124,42,-234,232,129,26,11,-67,31,55,27,9,10,5,3
64,-5,-89,-19,1,65,83,-84,174,9,61,-68,30,58,27,9,10,5,3
49,-10,-91,-16,10,63,83,-96,175,18,64,-67,29,58,28,9,10,5,3
-5,-22,-93,-14,16,61,82,-108,177,25,70,-66,84,-8,96,9,10,5,3
-16,-13,-81,-13,20,59,78,-126,184,29,70,-64,83,-39,110,9,10,5,3
-29,-7,-64,-138,81,52,-847,100,71,-11,-23,-62,70,-66,119,9,10,5,3
3192,2196,423,-142,83,31,-734,39,113,-23,-22,-69,55,-90,122,9,10,5,3
62,34,45,-141,86,11,-615,-30,170,-34,-28,-73,-36,-12,76,9,10,5,3
68,21,36,-135,91,-4,-509,-77,225,-42,-28,-75,-34,-7,62,9,10,5,3
72,12,20,-19,-45,72,433,-6,-267,-73,109,-60,-29,-1,50,9,10,5,3
75,6,1,-12,-51,79,386,-30,-244,-65,87,-74,-21,2,41,9,10,5,3
76,46,-60,-6,-59,83,355,-42,-183,-53,73,-84,-4,28,12,9,10,5,3
68,38,-64,0,-68,84,355,-40,-130,-38,58,-96,5,25,20,9,10,5,3
57,28,-67,-44,111,58,-223,-131,277,61,-194,-48,16,18,30,9,10,5,3
44,18,-67,-70,110,51,-233,-162,285,70,-203,-48,30,7,41,9,10,5,3
4,-5,-17,-94,108,47,-247,-194,300,68,-199,-47,-29,64,82,9,10,5,3
9,0,0,-114,105,41,-258,-221,322,61,-187,-51,-45,54,86,9,10,5,3
15,2,16,67,48,-27,311,43,-33,10,17,-63,-65,43,87,9,10,5,3
19,3,30,65,61,-29,298,62,-19,-6,9,-66,-76,35,81,9,10,5,3
27,42,-97,63,75,-30,282,77,0,-20,6,-70,0,-31,27,9,10,5,3
-32,30,-120,-46,14,85,-886,397,327,130,13,-24,3,-30,23,9,10,5,3
-46,37,-108,-43,23,109,-1013,349,390,155,70,-4,9,-26,21,9,10,5,3
-64,42,-88,-39,34,139,-1094,294,416,161,103,15,-56,-86,3,9,10,5,3
-86,44,-63,-37,43,170,-1081,288,388,133,129,5,-55,-89,18,9,10,5,3
11,41,-81,44,33,45,258,-109,124,-42,35,-69,-50,-87,31,9,10,5,3
8,45,-85,30,16,50,262,-153,123,-32,43,-75,-53,-83,40,9,10,5,3
6,46,-87,16,4,56,260,-203,115,-18,57,-79,44,100,42,9,10,5,3
5,44,-88,4,-2,62,258,-256,111,-2,71,-81,50,96,42,9,10,5,3
64,65,36,67,-75,127,186,-157,-32,52,-68,-82,45,89,48,9,10,5,3
68,67,33,57,-88,122,194,-142,-25,53,-55,-82,44,79,54,9,10,5,3
72,68,25,42,-98,117,200,-129,-16,47,-47,-80,61,38,76,9,10,5,3
73,66,15,26,-106,112,204,-119,-8,35,-39,-79,60,34,77,9,10,5,3
10,-20,-102,-20,-46,3,-174,-63,150,88,-47,-45,62,30,76,9,10,5,3
7,-16,-102,-14,-37,9,-220,-84,187,88,-39,-43,546,2730,-276,9,10,5,3
4,-6,-99,-8,-27,19,-268,-89,209,74,-31,-47,105,61,0,9,10,5,3
1,4,-91,0,-16,34,-307,-80,212,64,-26,-50,109,69,-5,9,10,5,3
10,86,-30,35,-2,180,-372,320,174,175,-231,-44,113,74,-11,9,10,5,3
-12,94,4,37,16,216,-414,354,169,194,-253,-44,104,80,-17,9,10,5,3
-38,99,38,32,30,242,-486,363,129,201,-256,-54,100,47,-17,9,10,5,3
-68,95,68,19,38,259,-559,385,90,203,-246,-54,108,52,-10,9,10,5,3
52,11,-21,21,-121,92,435,-227,211,-50,164,-63,112,48,0,9,10,5,3
59,8,-35,-2,-136,81,467,-218,171,-136,116,-57,111,42,16,9,10,5,3
66,6,-50,-24,-142,70,494,-206,138,-116,108,-61,22,39,24,9,10,5,3
70,7,-65,-43,-141,58,522,-188,100,-96,103,-61,65,95,18,9,10,5,3
-56,68,-12,3,-87,163,-31,-160,121,61,-303,-30,58,99,39,9,10,5,3
-62,72,1,-13,-69,174,-35,-153,186,78,-300,-28,59,103,58,9,10,5,3
-70,73,7,-30,-49,175,-105,-142,281,89,-290,-24,50,95,74,9,10,5,3
-80,66,2,-49,-28,164,-212,-134,329,101,-277,-28,-69,-7,26,9,10,5,3
29,-15,-71,4,28,-10,65,198,85,-22,-15,-64,-63,6,20,9,10,5,3
26,-10,-72,55,87,44,41,215,91,-12,-27,-68,-47,22,18,9,10,5,3
23,-2,-71,62,83,50,21,227,93,-9,-40,-65,-41,33,22,9,10,5,3
18,7,-69,71,75,58,7,243,97,-8,-51,-67,13,-42,60,9,10,5,3
-12,35,-101,78,63,62,-177,534,-114,-68,15,-81,19,-35,57,9,10,5,3
-16,39,-102,5,33,151,-216,440,-73,-51,42,-67,12,-30,51,9,10,5,3
-23,41,-100,-11,15,134,-223,264,78,-24,74,-42,5,-22,43,9,10,5,3
-34,44,-98,-30,1,107,-445,86,300,15,109,-38,-4,-174,20,9,10,5,3
-115,-137,-73,-51,-6,73,217,484,157,-21,-137,-74,-10,-168,19,9,10,5,3
-111,-140,-62,-147,177,63,253,419,158,3,-125,-77,-15,-159,16,9,10,5,3
-108,-140,-49,-135,177,59,283,362,151,25,-120,-67,-24,-150,10,9,10,5,3
-105,-136,-40,-124,176,54,314,317,139,34,-123,-62,82,164,38,9,10,5,3
33,93,-72,-113,174,49,81,-407,-38,3,-15,-48,80,163,38,9,10,5,3
29,101,-63,66,-87,86,80,-403,-79,25,-12,-46,77,157,40,9,10,5,3
27,108,-53,53,-83,81,92,-400,-97,35,-26,-49,71,148,44,9,10,5,3
30,113,-44,39,-79,75,112,-391,-98,41,-46,-51,32,42,71,9,10,5,3
18,9,-47,26,-74,67,-134,120,157,-10,-22,-73,46,57,73,9,10,5,3
23,0,-45,48,-93,35,-105,118,120,0,8,-75,56,67,79,9,10,5,3
30,-13,-40,44,-99,25,-78,101,80,5,31,-78,63,68,85,9,10,5,3
42,-21,-42,40,-118,17,-51,77,37,5,40,-79,44,39,48,9,10,5,3
-18,-77,-105,37,-141,11,-227,-27,206,-31,194,-63,44,33,44,9,10,5,3
-31,-85,-104,-68,48,-33,-247,-24,190,-66,199,-62,41,29,39,9,10,5,3
-40,-91,-105,-66,46,-36,-259,-9,172,-97,180,-88,42,24,32,9,10,5,3
-47,-99,-107,-62,49,-29,-284,3,151,-109,169,-72,9,-73,204,9,10,5,3
77,-108,-170,-56,53,-10,-279,-180,275,-112,-14,-62,144,107,-33,9,10,5,3
68,-109,-194,115,38,68,-164,-225,352,-124,9,-67,138,112,-19,9,10,5,3
57,-105,-202,134,17,86,-64,-254,439,-121,36,-69,127,115,0,9,10,5,3
44,-96,-196,146,0,96,15,-277,515,-91,59,-63,121,112,19,9,10,5,3
68,70,-65,152,-13,94,450,77,-85,-88,178,-107,-48,97,-42,9,10,5,3
72,105,-64,137,-61,45,395,176,-143,-93,192,-106,-55,106,-45,9,10,5,3
59,121,-52,149,-59,67,347,210,-227,-107,193,-106,-57,111,-42,9,10,5,3
46,131,-42,156,-55,84,279,236,-226,-117,163,-96,-46,114,-37,9,10,5,3
27,129,-34,153,-43,99,475,-109,-147,39,80,-61,-106,2,64,9,10,5,3
41,55,-18,83,-57,42,506,-110,-151,30,60,-48,-112,-17,62,9,10,5,3
46,19,-83,78,-43,26,534,-116,-138,18,44,-55,-122,-35,57,9,10,5,3
39,15,-82,72,-26,13,557,-121,-134,18,25,-63,-114,-40,45,9,10,5,3
30,9,-77,69,-7,2,56,285,4,-111,44,-66,0,-40,-2,9,10,5,3
24,2,-71,-1,41,-79,41,250,5,-138,41,-61,12,-31,-3,9,10,5,3
-37,52,-7,0,55,-71,14,229,21,-153,34,-63,2,-35,6,9,10,5,3
-58,45,3,1,74,-55,-26,236,29,-159,21,-65,6,-28,14,9,10,5,3
-81,27,14,3,94,-32,28,257,66,34,-67,-71,-51,-57,18,9,10,5,3
-104,-1,22,54,162,-18,34,220,74,43,-75,-76,-42,-51,27,9,10,5,3
34,82,-49,67,159,-24,46,182,84,53,-74,-74,-34,-43,35,9,10,5,3
33,86,-51,76,156,-31,52,146,97,62,-67,-67,-27,-33,42,9,10,5,3
31,87,-56,86,149,-31,224,-205,6,-36,63,-64,4,62,39,9,10,5,3
28,83,-64,-57,59,-53,225,-191,-6,-43,51,-60,12,57,39,9,10,5,3
28,109,92,-60,86,-49,218,-156,-6,-50,32,-57,17,51,40,9,10,5,3
27,109,88,-59,110,-39,219,-127,1,-56,11,-62,25,46,37,9,10,5,3
30,102,76,-52,130,-20,-84,-49,60,-37,83,-79,418,-817,-3293,9,10,5,3
38,89,62,57,-11,18,-87,-43,57,-55,88,-84,21,67,25,9,10,5,3
27,14,-90,20,16,-2,-87,-35,49,-75,80,-88,25,72,23,9,10,5,3
44,14,-85,18,15,0,-70,-28,33,-88,69,-89,28,79,21,9,10,5,3
59,15,-80,16,11,5,-190,-151,340,-27,39,-85,29,86,22,9,10,5,3
69,18,-74,16,4,11,-248,-113,351,-26,34,-73,95,-60,136,9,10,5,3
-140,-113,-4,-160,75,137,-401,-29,326,-4,49,-49,89,-85,132,9,10,5,3
-140,-122,-17,-174,78,114,-505,84,283,1,32,-70,78,-108,128,9,10,5,3
-135,-129,-31,-186,81,88,201,-149,434,17,56,-66,64,-124,126,9,10,5,3
-129,-132,-46,-192,79,63,269,-157,405,21,50,-69,32,78,52,9,10,5,3
41,86,-32,-17,-84,59,336,-160,358,18,51,-71,41,71,51,9,10,5,3
39,79,-30,-23,-82,57,415,-152,313,7,60,-66,35,60,54,9,10,5,3
41,78,-31,-28,-82,54,-395,273,103,-100,103,-86,29,52,57,9,10,5,3
44,82,-36,-30,-81,46,-467,227,83,-99,78,-74,112,-8,138,9,10,5,3
-96,-13,2,-29,-6,174,-510,130,57,-98,44,-61,151,-34,188,9,10,5,3
-95,-36,-17,-192,0,35,-508,13,41,-105,6,-65,173,-61,227,9,10,5,3
-92,-60,-37,-172,5,33,380,-102,-149,46,38,-51,-41,35,42,9,10,5,3
33,34,-85,-152,19,32,395,-77,-140,64,41,-56,-29,45,37,9,10,5,3
26,46,-88,-129,32,35,410,-57,-129,79,32,-60,-27,53,36,9,10,5,3
15,55,-89,2,-2,91,19,341,61,-34,7,-76,33,-5,26,9,10,5,3
5,61,-87,-4,-4,83,24,417,29,-41,2,-79,43,0,19,9,10,5,3
-20,-161,-16,-11,-8,72,-45,495,-19,-43,1,-91,47,7,17,9,10,5,3
5,-191,-39,-18,-12,62,-83,511,-55,-42,19,-100,37,12,24,9,10,5,3
25,-213,-60,51,114,86,409,60,36,29,18,-56,-20,-14,47,9,10,5,3
37,-226,-78,38,101,67,395,28,44,-11,118,-76,-20,-10,47,9,10,5,3
-5,-24,-76,24,94,47,375,11,38,-17,104,-71,-13,-2,45,9,10,5,3
-8,-30,-70,9,90,28,349,0,36,-32,75,-65,-7,2,39,9,10,5,3
-10,-34,-62,-3,91,33,179,-64,-4,-47,51,-67,33,100,68,9,10,5,3
-10,-37,-54,-4,90,24,186,-80,13,-8,37,-50,41,100,74,9,10,5,3
78,-4,-46,-3,87,18,165,-101,26,-12,25,-44,44,94,80,9,10,5,3
77,-12,-54,0,81,14,103,-114,33,-11,17,-51,46,85,82,9,10,5,3
76,-19,-60,2,-168,66,240,-184,12,-27,45,-76,44,51,61,9,10,5,3
34,24,-67,-2,-61,77,227,-189,36,-36,51,-74,50,44,67,9,10,5,3
25,15,-67,-6,-51,75,216,-186,62,-46,60,-76,50,38,71,9,10,5,3
17,7,-69,-12,-38,69,-974,470,113,101,-202,-49,89,-137,161,9,10,5,3
8,-3,-73,-19,-25,59,-1103,495,23,111,-216,-43,84,-150,145,9,10,5,3
-24,20,-130,-74,-56,43,-1162,521,-15,122,-227,-48,79,-148,120,9,10,5,3
-19,35,-99,-49,-68,81,443,-287,166,144,97,-70,20,2,40,9,10,5,3
-10,50,-64,-27,-79,119,484,-256,106,106,86,-64,17,10,30,9,10,5,3
31,59,-59,25,50,46,516,-229,50,49,60,-64,14,20,22,9,10,5,3
68,10,-86,32,43,44,-202,60,36,-60,-35,-82,47,66,6,9,10,5,3
62,10,-86,38,34,41,-302,94,101,-44,-63,-74,50,62,33,9,10,5,3
52,4,-83,-88,126,56,-323,153,173,-18,-85,-66,67,49,63,9,10,5,3
41,-5,-78,-96,125,50,-261,192,227,15,-105,-59,75,32,97,9,10,5,3
53,-22,-62,-96,118,43,334,83,-99,7,-18,-72,-10,40,13,9,10,5,3
52,-17,-71,-86,105,40,316,100,-93,-8,-18,-71,-10,37,22,9,10,5,3
49,-10,-78,21,-3,74,308,111,-80,-19,-9,-70,-5,41,32,9,10,5,3
44,-3,-81,8,0,65,297,117,-56,-26,0,-77,5,45,43,9,10,5,3
-142,-99,-9,-2,2,57,-175,367,148,-12,131,-65,-17,-33,-42,9,10,5,3
-121,-113,-22,23,72,41,-103,316,130,13,113,-64,-25,-44,-39,9,10,5,3
-101,-122,-32,44,85,9,-35,304,104,29,89,-59,-34,-61,-29,9,10,5,3
-85,-122,-43,42,84,6,36,319,86,33,70,-52,-32,-76,-17,9,10,5,3
7,-49,-83,41,82,7,148,-267,7,-45,-62,-54,21,47,76,9,10,5,3
1,-40,-78,40,78,10,144,-270,25,-41,-76,-56,20,49,81,9,10,5,3
-4,-31,-69,-22,-21,41,144,-239,34,-33,-84,-59,22,49,78,9,10,5,3
-642,3780,-1260,-32,-14,16,152,-192,13,-19,-87,-59,25,49,69,9,10,5,3
45,35,-79,-37,1,0,253,-92,-99,4,20,-67,-4,48,31,9,10,5,3
40,42,-85,-39,15,-3,268,-118,-101,7,14,-69,-9,48,28,9,10,5,3
36,51,-90,1,-30,41,277,-139,-95,6,7,-66,-12,48,25,9,10,5,3
33,59,-93,1,-27,35,291,-151,-88,4,2,-70,-10,49,23,9,10,5,3
-14,-42,-79,1,-26,34,-636,705,356,-22,-58,-63,134,-2,146,9,10,5,3
-92,-64,30,-96,-18,174,-596,857,414,-13,-102,-52,122,-16,150,9,10,5,3
-86,-74,-4,-121,-34,133,-613,854,326,29,-141,-46,107,-35,150,9,10,5,3
-81,-76,-45,-141,-51,90,-791,789,150,76,-176,-50,69,-59,145,9,10,5,3
-77,-71,-88,-157,-62,48,496,-297,117,39,-26,-58,4,11,24,9,10,5,3
-3,82,-103,-65,-11,20,567,-16,-272,27,-27,-61,14,22,8,9,10,5,3
-6,84,-97,-55,-3,27,534,-5,-273,17,-23,-69,11,36,1,9,10,5,3
-4,84,-91,-44,-1,34,484,-7,-270,9,-11,-78,12,48,-1,9,10,5,3
0,81,-87,-30,-5,39,432,-30,-242,116,-227,-42,121,-26,108,9,10,5,3
-61,-49,-132,-72,45,9,402,-187,-112,118,-222,-54,100,-4,76,9,10,5,3
-75,-44,-108,-55,46,26,434,-171,-134,115,-207,-61,83,21,49,9,10,5,3
-87,-39,-78,-32,44,45,467,-146,-153,111,-192,-61,69,44,30,9,10,5,3
-95,-39,-47,-9,42,63,490,-121,-157,-9,28,-56,21,27,54,9,10,5,3
3,-7,-96,27,21,80,95,202,105,9,13,-71,24,29,63,9,10,5,3
0,-11,-96,24,9,87,58,204,121,22,4,-89,26,23,67,9,10,5,3
-4,-15,-96,22,0,92,3,223,140,26,13,-94,27,16,67,9,10,5,3
-9,-17,-97,16,-12,92,-109,234,163,-9,57,-70,-25,-83,-13,9,10,5,3
-35,-92,-12,54,130,13,245,22,81,-4,41,-68,-27,-78,-7,9,10,5,3
-23,-74,-21,71,33,42,249,6,95,-5,20,-65,-29,-72,0,9,10,5,3
-13,-56,-32,64,11,53,254,-8,107,-12,-5,-64,-25,-59,10,9,10,5,3
-4,-35,-45,56,-10,63,249,-29,119,47,-14,-43,6,60,30,9,10,5,3
32,58,0,32,39,55,-10,0,236,42,-13,-44,10,59,36,9,10,5,3
40,72,14,37,35,75,29,79,201,30,-14,-50,16,57,42,9,10,5,3
42,86,31,40,27,94,65,119,163,-62,2,-87,33,54,62,9,10,5,3
46,96,-122,-45,-106,66,270,-179,-8,26,29,-99,27,55,57,9,10,5,3
45,102,-117,-49,-107,63,268,-189,6,18,27,-107,24,56,55,9,10,5,3
41,102,-112,-51,-106,62,255,-200,25,10,28,-106,42,65,14,9,10,5,3
37,96,-104,-53,-99,65,232,-210,45,-2,21,-98,44,62,19,9,10,5,3
-83,-11,48,-115,-26,185,-872,683,-112,63,-104,-73,48,58,27,9,10,5,3
-84,-27,29,-148,-31,156,-893,622,-107,46,-93,-83,50,52,36,9,10,5,3
-85,-41,1,-177,-32,119,-890,556,-99,25,-73,-88,65,66,150,9,10,5,3
-86,-53,-32,-200,-30,81,-852,491,-86,5,-50,-84,45,39,145,9,10,5,3
12,60,-89,-40,0,47,444,-132,-46,-11,79,-61,30,16,134,9,10,5,3
4,66,-81,-37,9,55,432,-114,-63,-20,68,-80,2736,-1991,-2134,9,10,5,3
0,68,-71,-31,11,65,433,-83,-72,-31,61,-72,-20,-4,28,9,10,5,3
-2,69,-63,-25,10,73,417,-29,-104,-30,71,-60,-14,5,32,9,10,5,3
13,43,-4,94,53,113,-72,-95,362,44,-137,-48,-19,16,39,9,10,5,3
-3,46,2,90,42,129,177,-165,20,52,-155,-46,-28,57,30,9,10,5,3
-17,45,4,81,31,139,205,-151,18,62,-164,-48,-19,47,38,9,10,5,3
1473,2632,-1070,66,19,142,232,-126,8,76,-158,-53,-21,30,48,9,10,5,3
-5,5,-68,88,-82,99,261,-105,10,-56,-27,-75,-21,15,60,9,10,5,3
-6,5,-61,89,-60,114,-49,319,156,-51,-21,-65,-4,-25,71,9,10,5,3
-2,4,-54,84,-23,123,-51,331,121,-42,-14,-68,0,-26,70,9,10,5,3
3,4,-48,77,19,126,-40,329,98,-33,-6,-73,7,-25,70,9,10,5,3
-27,-243,19,-173,92,-41,-312,277,67,-40,39,-73,-8,-48,-78,9,10,5,3
-21,-68,-55,-183,103,-80,-288,243,13,10,52,-61,-15,-50,-66,9,10,5,3
-27,-48,-48,-186,119,-110,-259,221,5,19,58,-57,-21,-55,-48,9,10,5,3
-31,-31,-42,28,52,93,133,-153,147,26,60,-55,-22,-56,-28,9,10,5,3
-32,-20,-37,40,38,94,136,-184,147,29,46,-56,5,20,85,9,10,5,3
-3,-7,-41,53,34,94,142,-218,148,13,-3,-57,2,21,82,9,10,5,3
-2,-2,-43,58,30,103,149,-259,152,9,-13,-57,0,25,78,9,10,5,3
-1,3,-46,24,-202,114,27,-241,40,4,-17,-63,-6,32,73,9,10,5,3
-1,12,-49,13,-195,109,3,-283,31,-2,-11,-72,3,166,37,9,10,5,3
26,68,-19,1,-184,85,-15,-270,1,-17,69,-80,11,184,51,9,10,5,3
45,80,-25,-10,-173,49,-33,-233,-31,-3,76,-76,23,181,72,9,10,5,3
62,93,-35,22,-100,172,265,-215,42,11,75,-77,36,162,92,9,10,5,3
76,104,-50,31,-60,179,238,-221,64,18,77,-78,33,76,52,9,10,5,3
36,-13,-74,36,-19,181,203,-225,88,18,15,-61,34,69,55,9,10,5,3
30,-19,-74,41,19,171,171,-229,112,10,13,-60,37,63,56,9,10,5,3
24,-26,-72,-82,101,256,-570,658,102,2,16,-68,41,57,57,9,10,5,3
18,-33,-68,-79,122,270,-631,712,52,-19,30,-94,-15,-131,-29,9,10,5,3
-50,-3,-181,-75,123,262,-699,746,-60,-125,74,-64,14,-123,-36,9,10,5,3
-47,0,-175,-72,113,232,-761,779,-129,-100,82,-57,34,-105,-42,9,10,5,3
-43,4,-158,-7,-152,113,589,-314,-58,-70,91,-57,47,-75,-50,9,10,5,3
-39,6,-133,-18,-132,87,622,-262,-111,-17,98,-37,-27,120,29,9,10,5,3
83,65,-49,-23,-108,62,631,-219,-151,-72,71,-67,10,104,20,9,10,5,3
85,45,-38,-22,-85,40,637,-196,-192,-73,69,-60,7,80,27,9,10,5,3
81,25,-28,23,-33,89,-155,-129,89,-70,68,-54,4,60,27,9,10,5,3
80,5,-22,27,-33,98,-252,-102,-31,-65,60,-58,-4,-31,66,9,10,5,3
-33,-75,-53,30,-31,104,-257,-124,-82,46,5,-58,2,-28,68,9,10,5,3
-35,-67,-59,28,-27,110,-173,-162,-58,48,-4,-71,13,-23,71,9,10,5,3
-36,-61,-63,78,-5,80,236,55,49,53,-22,-69,17,-17,73,9,10,5,3
-36,-55,-66,75,-12,84,242,56,40,58,-39,-63,-2,-11,45,9,10,5,3
-28,35,-143,71,-17,89,241,57,38,-106,10,-107,0,-15,41,9,10,5,3
-31,38,-145,65,-20,91,244,53,43,-111,11,-105,2,-18,41,9,10,5,3
-34,43,-145,-114,40,55,-541,175,174,-89,24,-75,4,-22,42,9,10,5,3
-38,46,-144,-123,36,32,-528,199,168,-62,41,-27,28,-60,-30,9,10,5,3
21,-120,-44,-127,36,11,-517,226,151,-15,118,-70,26,-70,-21,9,10,5,3
21,-103,-33,-127,38,-6,-492,265,135,-18,147,-65,24,-73,-12,9,10,5,3
13,-77,-20,-88,-8,54,252,-11,-40,-24,167,-61,17,-75,-5,9,10,5,3
0,-49,-8,-100,0,44,248,15,-52,-29,170,-57,-28,18,37,9,10,5,3
25,-72,-14,-106,11,35,250,35,-60,-46,-52,-65,-25,19,38,9,10,5,3
15,-60,-8,-108,24,27,259,43,-69,-11,-42,-68,-20,19,39,9,10,5,3
1,-47,-3,0,41,66,57,-184,66,21,-52,-65,-18,16,39,9,10,5,3
-12,-32,-1,5,34,74,-137,-58,9,58,-69,-57,17,69,59,9,10,5,3
10,90,-75,13,28,83,-73,-55,-2,-15,5,-76,15,76,55,9,10,5,3
11,98,-76,22,24,90,-5,-52,-9,-15,3,-78,12,84,52,9,10,5,3
13,105,-75,24,-151,43,57,-57,-22,-8,11,-75,6,94,49,9,10,5,3
15,111,-72,21,-137,41,-149,-268,386,-3,20,-69,65,90,35,9,10,5,3
45,10,-72,13,-118,39,-189,-269,386,30,62,-62,63,94,29,9,10,5,3
27,17,-46,1,-98,41,-236,-253,380,34,5,-68,63,98,25,9,10,5,3
10,21,-17,-167,23,-19,-363,-151,359,50,-47,-58,67,101,29,9,10,5,3
-7,23,11,-149,25,-22,-22,-390,610,75,-110,-59,106,125,141,9,10,5,3
53,-18,112,-135,34,-30,124,-328,618,36,14,-56,103,122,159,9,10,5,3
62,-29,95,-124,41,-37,239,-276,602,41,0,-59,101,117,173,9,10,5,3
69,-38,70,-18,-45,66,311,-264,585,41,-19,-57,93,106,178,9,10,5,3
75,-41,38,61,-77,67,321,-119,-244,36,-33,-64,15,69,18,9,10,5,3
37,-9,-88,64,-76,59,302,-114,-232,-19,-53,-65,-4,63,12,9,10,5,3
32,-2,-78,68,-75,49,284,-101,-217,-2,-85,-70,-17,55,8,9,10,5,3
22,10,-63,72,-73,43,264,-82,-194,19,-105,-70,-15,49,3,9,10,5,3
9,24,-46,3,87,43,294,-9,-121,45,-114,-61,-30,-2,39,9,10,5,3
24,-14,-86,14,72,45,316,-2,-139,-26,10,-76,-29,-1,30,9,10,5,3
28,-10,-87,23,56,43,331,-7,-147,-32,10,-78,-32,0,25,9,10,5,3
30,-2,-84,31,43,39,335,-16,-130,-28,17,-73,-36,2,21,9,10,5,3
31,4,-81,-49,58,78,-821,335,290,-22,29,-64,36,-23,120,9,10,5,3
-106,-16,-15,-53,67,95,-817,307,259,-82,205,-57,42,-16,128,9,10,5,3
-93,-39,-19,-53,76,119,-812,359,239,-111,211,-65,49,-7,125,9,10,5,3
-73,-66,-30,-50,73,145,-805,479,305,-130,203,-67,48,-6,119,9,10,5,3
-51,-94,-46,-18,95,54,326,37,84,-127,178,-76,6,-51,54,9,10,5,3
1,-27,-68,-29,84,48,326,11,68,-34,11,-67,4,-43,52,9,10,5,3
4,-26,-68,-39,77,43,324,-8,44,-25,10,-68,7,-29,49,9,10,5,3
5,-23,-69,-49,71,41,328,-24,24,-10,14,-71,5,-13,45,9,10,5,3
5,-18,-71,10,85,6,183,-203,-124,3,18,-70,58,109,98,9,10,5,3
-26,48,26,13,91,12,84,-263,113,41,-158,-30,81,87,130,9,10,5,3
-21,33,6,19,94,26,33,-202,298,50,-146,-39,96,58,156,9,10,5,3
-12,18,-18,26,95,47,10,-49,360,57,-127,-54,110,30,168,9,10,5,3
-2,3,-48,-18,-127,47,122,-206,-173,48,-117,-70,-27,77,-7,9,10,5,3
26,19,-115,-27,-115,34,119,-249,-178,-21,62,-54,-26,85,-15,9,10,5,3
23,12,-108,-32,-105,24,123,-278,-178,-17,58,-56,-21,92,-19,9,10,5,3
18,4,-97,-37,-96,16,137,-290,-166,-13,63,-55,-15,96,-16,9,10,5,3
15,-4,-86,-49,84,36,-656,360,41,-8,65,-55,92,63,69,9,10,5,3
-45,-21,-30,-40,82,49,-808,274,-47,6,-112,-63,93,52,77,9,10,5,3
-43,-28,-33,-32,74,63,-894,173,-120,9,-94,-67,88,41,85,9,10,5,3
-41,-35,-39,-25,66,75,-889,76,-152,16,-72,-68,86,31,92,9,10,5,3
-39,-39,-45,7,-28,67,447,-13,318,15,-48,-66,-15,5,45,9,10,5,3
19,28,-34,6,-37,65,478,-36,287,-15,121,-61,-18,8,47,9,10,5,3
20,35,-37,4,-47,66,500,-67,239,-19,109,-63,-16,8,49,9,10,5,3
24,42,-39,3,-54,67,532,-86,176,-23,96,-71,-7,8,50,9,10,5,3
27,50,-42,65,-13,36,-194,-6,-89,-26,85,-75,-21,69,0,9,10,5,3
-19,47,-11,63,-11,32,-130,-10,-115,18,-102,-28,-26,70,1,9,10,5,3
-45,40,5,60,-11,26,2,-15,-98,18,-147,-30,-20,68,14,9,10,5,3
-66,27,14,60,-9,23,74,-93,16,27,-184,-35,-7,62,37,9,10,5,3
-78,6,11,-6,71,-6,387,1,-98,44,-224,-33,-66,-28,25,9,10,5,3
28,-56,9,-1,96,-12,398,274,-191,20,-44,-63,-66,-33,36,9,10,5,3
34,-54,4,6,119,-13,372,290,-182,30,-49,-64,-63,-40,49,9,10,5,3
39,-49,-2,16,141,-11,354,279,-164,44,-33,-61,-55,-44,59,9,10,5,3
39,-42,-9,3,13,63,-3849,-248,231,51,-8,-56,25,11,53,9,10,5,3
-20,88,-31,8,14,63,-728,-43,449,15,201,-35,29,24,67,9,10,5,3
-31,98,-15,13,16,66,-604,-6,368,0,224,-32,31,35,82,9,10,5,3
-38,97,-5,17,20,70,-542,127,314,-17,240,-31,33,45,97,9,10,5,3
-44,86,0,81,136,110,-498,317,314,-38,231,-31,22,-44,79,9,10,5,3
-30,-10,-69,67,118,103,323,-3,57,-13,8,-63,30,-55,76,9,10,5,3
-30,-8,-73,48,107,91,319,-60,61,-14,15,-70,41,-62,75,9,10,5,3
-28,-6,-76,24,98,81,313,-118,68,-15,28,-73,47,-66,76,9,10,5,3
-26,-3,-76,104,11,36,302,-174,70,-15,41,-66,19,114,66,9,10,5,3
55,94,-63,106,8,39,53,-278,275,91,0,-43,24,118,59,9,10,5,3
47,109,-49,105,3,41,-97,-269,388,102,-31,-45,24,120,55,9,10,5,3
38,124,-32,102,-3,39,-173,-241,354,102,-67,-45,25,120,51,9,10,5,3
26,134,-15,132,-67,139,-172,-236,250,96,-119,-35,17,38,114,9,10,5,3
60,79,-108,130,-102,132,109,-120,-91,-26,75,-88,11,30,100,9,10,5,3
53,64,-111,122,-133,120,120,-121,-91,-45,97,-93,1,27,82,9,10,5,3
48,52,-112,109,-154,105,128,-124,-82,-64,114,-90,-6,30,59,9,10,5,3
40,38,-111,-19,31,67,138,-125,-74,-83,121,-84,31,19,44,9,10,5,3
-21,-10,-95,-24,28,66,-378,75,151,-47,31,-64,38,17,44,9,10,5,3
-12,-2,-102,-28,27,65,-473,140,102,-63,22,-89,45,16,43,9,10,5,3
-4,6,-110,-32,26,60,-514,218,78,-72,7,-90,50,18,42,9,10,5,3
0,12,-114,-101,54,-4,-507,277,83,-63,-16,-76,42,87,19,9,10,5,3
22,54,-34,-86,65,-11,324,-39,439,-15,151,-61,52,92,29,9,10,5,3
25,43,-24,-69,77,-13,380,13,415,-30,186,-62,59,94,43,9,10,5,3
30,30,-18,-972,2217,-1453,432,62,375,-60,204,-64,67,93,61,9,10,5,3
36,20,-19,19,-37,66,473,100,327,-94,210,-60,-9,55,49,9,10,5,3
54,10,-70,21,-22,53,155,-22,-125,-93,52,-88,-8,60,48,9,10,5,3
59,15,-77,23,-9,41,131,25,-98,-83,39,-85,-10,60,45,9,10,5,3
62,23,-84,26,1,30,95,59,-91,-73,33,-78,-17,57,39,9,10,5,3
62,32,-89,-159,64,47,52,95,-72,-71,25,-79,1,40,17,9,10,5,3
-64,-106,-46,-169,77,35,307,-185,-81,17,90,-62,-15,47,12,9,10,5,3
-54,-93,-33,-169,88,29,301,-248,-85,18,78,-58,-38,42,13,9,10,5,3
-42,-79,-24,-160,97,25,302,-280,-96,19,68,-71,-43,47,10,9,10,5,3
-29,-65,-21,4,71,76,324,-286,-101,16,66,-68,47,-73,71,9,10,5,3
-19,-93,-70,-8,71,81,-385,400,55,13,-121,-78,56,-71,66,9,10,5,3
-15,-97,-72,-20,69,85,-451,421,46,18,-107,-71,60,-66,58,9,10,5,3
-12,-95,-73,-33,65,84,-505,434,35,25,-67,-71,56,-59,50,9,10,5,3
-11,-93,-68,-40,-22,-5,-524,447,27,21,-15,-76,-9,0,21,9,10,5,3
1,49,-49,-27,-7,-2,85,90,106,-2,87,-67,-18,-2,28,9,10,5,3
2,56,-52,-12,6,5,92,97,103,2,88,-74,-19,2,36,9,10,5,3
0,60,-57,2,20,16,93,103,96,5,84,-72,-17,1,49,9,10,5,3
-2,60,-63,22,35,73,92,109,94,7,77,-60,-11,52,60,9,10,5,3
38,46,-55,22,34,65,27,-264,64,3,1,-68,-14,56,57,9,10,5,3
37,46,-54,21,30,54,39,-251,41,1,4,-70,-15,60,53,9,10,5,3
33,46,-53,19,23,44,53,-241,16,-2,5,-63,-14,64,48,9,10,5,3
32,47,-54,20,-63,108,69,-240,-1,0,5,-63,134,43,135,9,10,5,3
-48,-2,-76,15,-69,127,159,151,124,-16,-217,-72,150,16,135,9,10,5,3
-48,-18,-90,8,-77,143,180,128,88,-26,-199,-76,157,-6,136,9,10,5,3
-49,-30,-102,-3,-87,153,192,92,60,-24,-168,-67,161,-19,134,9,10,5,3
-53,-39,-113,18,-167,41,195,47,36,-16,-122,-67,-1,70,39,9,10,5,3
32,-37,-77,12,-161,30,87,-32,-23,0,64,-68,0,70,33,9,10,5,3
26,-42,-73,7,-152,20,117,-51,-18,0,68,-67,3,71,28,9,10,5,3
21,-48,-66,1,-143,13,144,-69,-19,1,71,-63,7,72,26,9,10,5,3
19,-50,-63,6,19,40,158,-88,-17,4,72,-52,48,80,63,9,10,5,3
31,2,-108,11,24,39,-360,178,-2,-5,19,-56,54,82,72,9,10,5,3
26,3,-116,16,32,40,-319,166,-4,-34,43,-51,58,83,78,9,10,5,3
20,5,-124,20,42,45,-326,175,-6,-72,50,-57,61,82,80,9,10,5,3
13,7,-134,-159,-62,83,-357,185,5,-108,67,-39,0,-46,20,9,10,5,3
17,65,-5,-148,-56,71,-208,-79,116,-75,-39,-71,3,-54,18,9,10,5,3
11,57,-11,-137,-42,61,-237,-64,133,-57,-46,-74,6,-62,20,9,10,5,3
3,47,-14,-128,-23,52,-282,-48,147,-38,-54,-72,6,-69,19,9,10,5,3
-6,34,-14,31,28,-20,-329,-31,157,-20,-65,-61,37,181,160,9,10,5,3
74,-31,48,61,49,30,677,20,-109,21,0,-63,37,134,175,9,10,5,3
93,-49,18,93,65,87,640,11,-133,22,-1,-68,31,87,175,9,10,5,3
107,-64,-12,126,68,143,604,-15,-147,16,-6,-74,22,45,165,9,10,5,3
113,-72,-41,104,47,27,579,-13,-141,5,-2,-77,-22,11,37,9,10,5,3
-6,-70,-35,99,54,23,12,56,31,7,47,-58,-22,11,36,9,10,5,3
-6,-78,-33,96,52,24,-14,58,42,9,48,-60,-21,8,35,9,10,5,3
-4,-83,-32,91,46,26,-34,43,63,10,53,-57,-20,5,34,9,10,5,3
-2,-86,-35,-70,44,57,-27,28,71,8,57,-61,31,22,48,9,10,5,3
-44,-76,-65,-60,46,60,295,60,-24,-36,19,-75,24,8,47,9,10,5,3
-37,-77,-69,-51,47,61,290,65,-45,-47,21,-65,16,0,41,9,10,5,3
-29,-76,-74,-41,48,61,268,33,-57,-46,33,-68,8,-5,33,9,10,5,3
-20,-71,-78,68,-29,75,250,-37,-46,-46,44,-69,1,22,63,9,10,5,3
9,60,-67,69,-30,79,-239,246,78,-37,-68,-65,6,27,60,9,10,5,3
6,59,-64,70,-30,81,-208,217,89,-11,60,-59,11,31,56,9,10,5,3
4,58,-61,70,-30,81,-172,185,106,-6,55,-66,12,32,54,9,10,5,3
4,60,-57,-12,9,33,-133,153,116,6,60,-62,7,-28,25,9,10,5,3
-22,-40,-48,-11,16,32,-262,15,184,19,66,-62,8,-35,26,9,10,5,3
-20,-40,-43,-10,26,33,-300,17,143,-42,82,-55,12,-42,27,9,10,5,3
-22,-38,-38,-8,35,35,-245,31,121,-26,84,-53,19,-45,30,9,10,5,3
-28,-37,-34,69,10,61,-161,75,126,-11,75,-59,45,-4,35,9,10,5,3
-40,-58,-50,60,11,58,93,213,40,3,56,-62,49,-15,31,9,10,5,3
-45,-66,-44,50,13,55,110,220,42,30,35,-70,54,-23,27,9,10,5,3
-46,-76,-38,39,13,51,114,211,51,22,30,-67,54,-32,26,9,10,5,3
-46,-83,-34,-20,53,29,112,192,66,13,25,-66,-6,42,59,9,10,5,3
-9,40,-22,-11,46,38,70,-48,136,4,25,-68,-2,44,65,9,10,5,3
-3,45,-27,0,37,48,55,-51,138,9,5,-69,-1,44,71,9,10,5,3
1,46,-33,8,28,57,46,-63,153,8,1,-68,0,44,73,9,10,5,3
4,46,-38,51,-28,48,45,-75,164,8,1,-71,-16,84,40,9,10,5,3
59,17,-76,52,-32,41,122,-93,-14,12,3,-73,-15,87,35,9,10,5,3
57,19,-76,53,-36,33,96,-54,18,4,-5,-46,-15,89,31,9,10,5,3
53,21,-74,53,-39,25,146,-17,6,15,-21,-31,-12,92,29,9,10,5,3
49,22,-72,-59,-20,52,216,-27,33,31,-35,-31,35,87,61,9,10,5,3
86,38,-39,-47,-31,53,71,88,66,34,-61,-35,40,101,66,9,10,5,3
97,43,-46,-37,-38,58,78,61,61,-30,77,-67,45,114,70,9,10,5,3
105,49,-51,-28,-43,61,71,38,50,-23,79,-67,47,127,70,9,10,5,3
111,55,-56,-78,-36,76,52,17,24,-10,84,-67,27,48,57,9,10,5,3
-12,-67,-64,-78,-28,70,-113,-103,163,5,86,-65,30,51,54,9,10,5,3
-14,-66,-65,-77,-22,64,-140,-98,163,28,0,-55,33,54,51,9,10,5,3
-18,-64,-66,-76,-16,58,-170,-93,158,22,-1,-54,35,56,47,9,10,5,3
-21,-62,-69,-3,46,112,-189,-82,159,21,-1,-51,79,49,140,9,10,5,3
18,87,-65,4,47,149,-234,352,63,20,2,-49,66,25,146,9,10,5,3
22,98,-93,6,39,179,-242,306,71,-33,94,-66,49,-1,144,9,10,5,3
21,105,-113,0,22,192,-247,253,58,-33,97,-69,27,-28,130,9,10,5,3
13,114,-122,-22,95,-98,-255,197,42,-48,101,-78,87,114,24,9,10,5,3
-9,-26,95,-6,100,-88,451,-216,578,-60,88,-80,91,142,69,9,10,5,3
-4,-36,107,9,110,-67,511,-177,523,-11,-12,-78,94,162,118,9,10,5,3
4,-45,107,28,118,-39,561,-136,441,-14,-10,-80,93,172,163,9,10,5,3
18,-52,96,36,-15,34,601,-110,362,-10,-4,-78,-14,15,17,9,10,5,3
-2,-145,-68,46,-1,26,47,-140,-117,-3,6,-76,-16,1,15,9,10,5,3
0,-144,-71,54,13,20,23,-124,-103,-111,99,-94,-20,-9,17,9,10,5,3
1,-136,-73,62,27,16,-7,-97,-86,-98,100,-91,-25,-14,19,9,10,5,3
3,-124,-75,-199,-70,138,-33,-68,-50,-78,83,-89,104,83,36,9,10,5,3
-131,-170,-84,-203,-58,122,76,-390,104,-49,63,-79,80,99,32,9,10,5,3
-124,-174,-66,-199,-46,105,149,-403,80,41,119,-58,67,112,31,9,10,5,3
-112,-171,-48,-189,-34,88,223,-380,61,27,124,-56,54,115,32,9,10,5,3
-98,-163,-28,-16,-17,0,283,-313,29,21,122,-63,-52,29,36,9,10,5,3
3,63,-97,-11,-24,14,16,247,105,18,119,-73,-41,26,51,9,10,5,3
10,58,-101,-4,-31,30,-23,231,128,24,0,-66,-26,18,59,9,10,5,3
14,55,-104,1,-33,45,-58,220,137,24,1,-66,-12,7,62,9,10,5,3
16,54,-105,2,0,72,-81,219,127,17,-10,-61,8,-39,28,9,10,5,3
-82,-128,67,6,-29,85,-339,60,175,5,-29,-56,11,-43,32,9,10,5,3
-65,-153,63,4,-53,95,-293,98,166,12,174,-76,9,-39,31,9,10,5,3
-46,-170,51,-1,-62,99,-248,132,157,2,156,-61,4,-32,31,9,10,5,3
-27,-176,31,-65,59,79,-210,150,142,-12,121,-49,14,-36,57,9,10,5,3
-11,-47,-74,-68,57,78,164,-202,86,-26,81,-46,5,-31,52,9,10,5,3
-3,-35,-72,-72,59,74,169,-218,74,-15,17,-68,0,-21,47,9,10,5,3
1,-26,-68,-75,59,72,169,-228,63,-14,21,-63,-1,-10,42,9,10,5,3
4,-19,-61,27,24,32,162,-229,56,-14,22,-61,3,96,23,9,10,5,3
39,55,-27,23,18,34,-234,-320,229,77,-42,-47,2,101,18,9,10,5,3
35,66,-8,20,13,34,-202,-295,243,89,-67,-44,1,105,15,9,10,5,3
27,74,8,-97,-24,7,-116,-273,238,91,-96,-43,43,55,33,9,10,5,3
101,131,-17,60,-144,119,9,242,99,21,14,-66,30,65,28,9,10,5,3
115,130,-6,57,-157,117,13,208,94,20,4,-67,17,78,27,9,10,5,3
123,121,-1,49,-169,110,12,135,82,24,0,-69,13,76,51,9,10,5,3
129,105,-3,40,-176,97,1,43,65,27,1,-70,16,76,52,9,10,5,3
-12,-27,-77,-10,-35,61,-168,-21,196,-32,106,-51,20,76,50,9,10,5,3
-9,-26,-77,-10,-31,60,-164,0,198,-28,102,-53,21,76,47,9,10,5,3
-8,-29,-79,-9,-24,60,-144,3,199,-20,93,-50,88,-39,174,9,10,5,3
-5,-36,-81,-9,-15,58,-128,-9,196,-12,89,-49,54,-65,155,9,10,5,3
-76,7,-69,-90,132,29,-761,355,9,-90,3,-83,19,-84,122,9,10,5,3
-63,12,-77,-78,136,12,-659,259,44,-88,34,-69,-7,-96,81,9,10,5,3
-46,15,-86,-69,140,-12,-535,139,83,-89,68,-67,27,-17,150,9,10,5,3
-30,16,-99,-62,141,-41,-430,21,132,-99,91,-75,20,-31,120,9,10,5,3
-28,49,-69,-67,66,75,535,2,-331,-42,78,-78,13,-36,91,9,10,5,3
-23,53,-59,-48,62,66,163,23,-91,-43,85,-70,-3,19,0,9,10,5,3
-14,55,-51,-29,51,57,102,0,-35,-35,101,-67,-10,15,-2,9,10,5,3
20,53,-4,91,-112,135,67,-3,9,-32,113,-81,-16,15,-6,9,10,5,3
-73,-47,-92,79,-116,160,-117,-101,350,125,-211,-3,111,193,77,9,10,5,3
-82,-44,-87,60,-123,177,-83,-128,367,97,-166,-18,115,188,89,9,10,5,3
-94,-41,-78,55,31,-5,-52,-155,373,68,-125,-35,110,180,99,9,10,5,3
-103,-39,-68,51,54,-19,-18,-182,360,42,-84,-46,107,182,98,9,10,5,3
43,66,-28,52,79,-31,182,165,-20,12,0,-55,-37,7,49,9,10,5,3
48,67,-31,54,104,-41,184,159,-13,7,-2,-61,-39,6,54,9,10,5,3
52,67,-35,48,-14,103,184,152,-10,5,1,-69,-43,4,57,9,10,5,3
56,68,-37,49,-5,98,179,144,-8,1,10,-77,-36,11,56,9,10,5,3
-54,30,-90,49,5,92,-387,194,191,-52,152,-21,75,-120,23,9,10,5,3
-61,15,-94,49,16,84,-407,115,268,-51,124,-68,77,-120,16,9,10,5,3
-72,0,-94,-67,185,-46,-458,89,312,-54,113,-67,74,-120,6,9,10,5,3
-86,-16,-91,-50,193,-40,-493,103,284,-58,92,-62,68,-116,-7,9,10,5,3
-58,60,-124,-34,198,-30,187,69,113,-54,73,-60,3,10,51,9,10,5,3
-55,51,-129,-17,199,-17,178,54,110,-37,-56,-98,-6,20,50,9,10,5,3
-53,39,-131,51,81,62,168,42,115,-39,-52,-95,-12,27,48,9,10,5,3
-52,29,-130,48,95,64,155,28,121,-45,-33,-105,-18,30,45,9,10,5,3
51,25,-46,44,109,64,41,-227,-34,-44,-21,-105,-37,52,23,9,10,5,3
55,35,-41,39,121,64,27,-210,-26,8,64,-50,-36,57,29,9,10,5,3
54,44,-36,-15,-11,55,16,-192,-13,16,56,-47,-36,60,36,9,10,5,3
47,51,-30,-37,-7,43,14,-168,8,21,30,-50,-34,62,37,9,10,5,3
39,51,-115,-61,-2,32,1,-311,-77,22,-9,-54,-10,116,83,9,10,5,3
54,43,-110,1,38,91,13,-310,-65,-39,21,-74,-12,162,87,9,10,5,3
73,45,-100,-3,48,91,12,-298,-45,-26,24,-71,-8,202,89,9,10,5,3
95,53,-88,-2,42,88,-11,-260,-21,-14,31,-74,-3,218,93,9,10,5,3
-1,-48,-52,5,22,84,-169,-58,271,-4,38,-75,11,58,35,9,10,5,3
5,-50,-55,-26,-35,39,-200,-25,270,-65,101,-63,12,59,32,9,10,5,3
11,-51,-58,-23,-40,42,-229,-5,265,-60,45,-69,15,61,28,9,10,5,3
17,-54,-63,-20,-45,44,-261,20,258,-54,-18,-73,21,65,24,9,10,5,3
-46,-66,-109,-15,-57,44,-484,131,48,-14,-62,-40,1,44,-109,9,10,5,3
-34,-61,-153,22,183,-165,130,-216,415,-19,142,-42,-1,71,-113,9,10,5,3
-24,-52,-189,152,-49,181,187,-226,458,7,146,-48,-4,95,-108,9,10,5,3
3642,-180,-1378,132,-104,178,228,-272,480,25,143,-48,-2,112,-91,9,10,5,3
-45,78,-128,107,-150,171,255,-304,467,41,139,-52,-7,31,82,9,10,5,3
-48,82,-113,77,-188,159,335,18,-129,1,-2,-95,2,20,86,9,10,5,3
-49,79,-96,56,30,16,319,1,-130,-4,-11,-93,4,12,85,9,10,5,3
-46,71,-82,50,16,5,283,-20,-140,-2,-9,-88,-1,0,85,9,10,5,3
-1,-95,-41,47,4,-2,265,-52,-149,1,4,-84,37,1,69,9,10,5,3
-3,-99,-45,48,-4,-8,306,-284,-145,-24,66,-56,26,-1,69,9,10,5,3
-6,-103,-46,2,3,27,314,-305,-156,-14,73,-65,17,-6,71,9,10,5,3
-11,-107,-42,5,8,19,338,-300,-157,-3,78,-65,12,-12,71,9,10,5,3
0,81,-66,6,16,10,365,-267,-154,-1,67,-64,8,-27,69,9,10,5,3
-5,72,-76,9,25,6,-144,313,64,-11,5,-73,-5,17,76,9,10,5,3
-9,60,-84,74,43,63,-175,345,51,-9,-7,-67,-6,24,80,9,10,5,3
-140,29,-42,78,35,56,-184,388,29,-7,-12,-67,-8,22,86,9,10,5,3
-147,2,-38,78,28,46,-188,429,-21,-6,-3,-72,-7,18,88,9,10,5,3
-149,-32,-34,74,22,39,-76,177,112,10,148,1,72,-95,55,9,10,5,3
-141,-73,-29,-59,86,69,-22,212,109,3,172,-14,83,-92,55,9,10,5,3
89,-156,-44,-72,73,48,23,254,115,-13,180,-39,96,-93,55,9,10,5,3
88,-173,-39,-83,64,26,61,286,119,-22,170,-47,111,-93,48,9,10,5,3
83,-184,-36,-96,59,6,126,-530,128,28,57,-52,-59,15,68,9,10,5,3
72,-189,-36,-12,131,18,112,-502,87,24,72,-57,-64,34,65,9,10,5,3
3,90,-60,-2,134,16,106,-462,53,14,74,-60,-67,59,61,9,10,5,3
7,78,-48,10,133,15,110,-415,28,-5,59,-62,-69,83,56,9,10,5,3
0,67,-33,25,128,14,171,-150,-88,64,12,-64,-42,140,15,9,10,5,3
-10,60,-15,68,-199,90,137,-141,-86,68,44,-68,-49,146,11,9,10,5,3
132,100,-38,67,-233,95,101,-131,-73,59,65,-71,-52,149,12,9,10,5,3
131,58,-33,65,-260,94,65,-110,-51,34,76,-74,-48,152,17,9,10,5,3
135,12,-28,60,-275,88,56,-118,70,-9,71,-67,-21,65,28,9,10,5,3
146,-29,-23,-96,-65,14,36,-123,89,-19,65,-65,-22,68,31,9,10,5,3
26,-18,-101,-94,-73,19,22,-118,99,-22,55,-64,-19,71,32,9,10,5,3
36,-10,-93,-92,-82,26,14,-108,108,-17,50,-65,-10,76,34,9,10,5,3
39,4,-73,-86,-91,32,-823,202,91,119,-70,-69,67,35,-5,9,10,5,3
34,25,-45,-78,-15,-69,-793,162,102,134,-15,-77,56,48,-13,9,10,5,3
111,141,-16,-49,-26,-56,-737,114,114,146,29,-78,48,67,-19,9,10,5,3
116,135,5,-22,-38,-29,-654,62,122,134,72,-72,41,91,-26,9,10,5,3
122,126,17,5,-48,4,448,117,-97,-149,81,-62,-13,35,79,9,10,5,3
127,113,18,22,86,58,435,140,-128,-119,82,-42,-14,39,74,9,10,5,3
44,-9,-78,20,88,57,425,158,-137,-83,87,-46,-15,36,68,9,10,5,3
38,5,-81,19,86,55,422,170,-135,-51,76,-57,-11,33,61,9,10,5,3
31,16,-83,20,81,55,249,166,210,51,-95,-66,9,63,123,9,10,5,3
23,23,-83,15,6,236,-36,-94,319,118,-146,-53,42,73,155,9,10,5,3
-22,-219,-72,-9,12,223,-35,-187,305,172,-198,-40,67,62,187,9,10,5,3
-21,-222,-71,-35,19,206,-22,-262,312,187,-249,-24,95,47,206,9,10,5,3
-21,-215,-69,-63,29,181,10,-301,313,12,60,-76,-38,-39,12,9,10,5,3
-21,-203,-64,72,57,22,188,240,126,15,49,-82,-39,-31,10,9,10,5,3
-15,22,-67,49,57,41,136,252,145,22,53,-92,-39,-32,10,9,10,5,3
-8,18,-71,29,62,60,79,261,154,18,71,-94,-39,-38,14,9,10,5,3
0,15,-77,15,66,79,16,270,160,-83,96,-33,32,11,66,9,10,5,3
4,9,-83,-134,15,124,-416,42,262,-56,98,-33,37,-9,66,9,10,5,3
32,-274,57,-115,-25,131,-478,109,223,-35,92,-37,37,-29,66,9,10,5,3
54,-290,52,-87,-66,135,-505,199,197,-14,93,-37,31,-48,54,9,10,5,3
69,-293,44,-66,-94,133,-489,262,171,72,0,-56,20,-10,84,9,10,5,3
78,-290,38,48,-9,90,126,45,145,58,-13,-57,16,-8,78,9,10,5,3
-31,10,-89,41,-25,90,132,21,143,43,-14,-60,12,-8,73,9,10,5,3
-28,9,-78,39,-40,89,143,3,141,31,-10,-66,10,-3,65,9,10,5,3
-23,8,-68,40,-55,89,156,-12,141,16,-7,-47,-54,100,48,9,10,5,3
-17,8,-59,51,-8,-12,125,-192,-60,16,-10,-56,-53,101,48,9,10,5,3
88,69,-38,54,-11,-18,131,-177,-69,14,-9,-68,-49,103,45,9,10,5,3
86,61,-16,57,-12,-23,134,-160,-83,7,0,-74,-47,102,41,9,10,5,3
80,60,6,60,-13,-26,142,-132,-96,2592,1847,3259,-19,56,0,9,10,5,3
69,60,31,-3,-46,105,-157,-67,87,-14,182,-76,-20,60,5,9,10,5,3
91,10,-85,23,-71,124,-189,-46,83,-11,158,-80,-30,66,23,9,10,5,3
87,-15,-94,56,-107,138,-197,-15,79,-6,133,-78,-29,78,42,9,10,5,3
79,-40,-98,81,-127,149,-173,24,86,0,110,-73,-28,94,53,9,10,5,3
70,-62,-99,-12,-24,67,142,-90,166,36,11,-54,-21,93,54,9,10,5,3
35,8,-103,-10,-32,69,-266,-31,112,48,9,-59,-13,92,55,9,10,5,3
36,-1,-108,-7,-40,69,-277,0,96,53,19,-65,-11,86,60,9,10,5,3
39,-8,-113,-6,-46,71,-274,28,88,50,35,-62,63,-109,13,9,10,5,3
43,-9,-118,-175,-18,131,-305,58,70,61,-91,-52,65,-117,22,9,10,5,3
-22,-5,-39,-168,-23,140,-515,-9,146,-1,-98,-71,70,-119,42,9,10,5,3
-10,0,-59,-160,-24,144,-537,-4,155,-9,-97,-75,78,-113,65,9,10,5,3
-1,4,-77,-154,-23,141,-566,14,149,-14,-92,-74,24,76,213,9,10,5,3
5,10,-93,17,-59,111,-593,31,130,-25,-84,-74,26,36,210,9,10,5,3
2368,-1785,251,-12,-68,66,401,198,-242,-59,59,-53,23,4,191,9,10,5,3
30,52,-54,-37,-75,24,381,204,-244,-63,73,-54,-12,5,41,9,10,5,3
51,42,-63,-57,-80,-12,362,179,-235,-64,88,-55,-15,5,39,9,10,5,3
67,35,-72,104,0,57,322,141,-196,-63,103,-55,-19,4,33,9,10,5,3
74,28,-76,42,44,102,-145,-166,229,102,-161,-41,-27,-1,28,9,10,5,3
-52,-125,-91,16,47,91,-149,-136,233,109,-156,-40,0,108,57,9,10,5,3
-57,-127,-92,-8,48,78,-155,-118,243,110,-155,-41,-14,87,45,9,10,5,3
-57,-127,-94,-29,47,64,-167,-119,259,106,-152,-46,-26,70,35,9,10,5,3
-52,-124,-94,8,100,-19,248,120,-67,-20,19,-63,2363,1928,-3005,9,10,5,3
28,33,-33,2,99,-22,230,112,-35,-26,18,-67,1,-20,69,9,10,5,3
26,38,-31,-2,100,-22,208,103,3,-33,15,-69,4,-21,75,9,10,5,3
26,40,-30,-6,101,-17,186,97,38,-39,16,-71,9,-20,78,9,10,5,3
26,43,-29,-27,18,134,-114,355,39,1,202,-55,10,-26,79,9,10,5,3
-133,-151,1,-43,5,141,-215,199,215,19,199,-32,96,-41,-31,9,10,5,3
-92,-195,-1,-77,0,145,-447,109,395,41,184,-23,80,-39,-46,9,10,5,3
-46,-236,-5,-109,-6,152,-554,92,407,53,184,-34,57,-36,-55,9,10,5,3
0,-263,-13,-2,106,82,167,154,40,-39,-8,-70,36,-35,-60,9,10,5,3
-49,60,-129,-7,84,78,180,151,34,-41,-10,-69,-40,4,54,9,10,5,3
-52,64,-125,-14,66,72,193,150,26,-40,-9,-69,-36,11,56,9,10,5,3
-53,62,-117,-22,46,66,201,138,16,-34,-4,-73,-32,19,55,9,10,5,3
-52,58,-107,31,3,45,59,-260,47,6,-1,-64,-50,58,62,9,10,5,3
57,40,-73,32,7,44,46,-214,-10,6,3,-64,-45,64,56,9,10,5,3
52,35,-84,36,10,43,42,-173,-52,7,5,-65,-43,67,48,9,10,5,3
44,32,-93,39,11,43,47,-141,-71,3,4,-69,-39,68,41,9,10,5,3
35,27,-99,-131,-83,-23,56,94,163,33,-192,-73,120,77,64,9,10,5,3
-46,35,-91,-99,-139,45,82,88,156,20,-167,-68,115,64,71,9,10,5,3
-31,48,-105,-102,-134,27,109,85,144,9,-140,-65,108,51,76,9,10,5,3
-15,58,-117,-102,-126,12,-5,89,21,9,46,-80,-49,37,32,9,10,5,3
1,62,-125,-98,-116,2,-1,53,0,11,46,-79,-47,37,30,9,10,5,3
57,46,-81,-18,12,94,2,16,-18,9,47,-75,-45,39,28,9,10,5,3
62,43,-84,-17,11,93,-25,-89,276,-141,367,-82,-19,82,24,9,10,5,3
64,41,-84,-17,9,88,-52,-92,265,-121,396,-132,-21,83,10,9,10,5,3
3130,-2151,676,42,87,55,-77,-101,240,-76,377,-159,-18,91,-6,9,10,5,3
-109,32,231,34,90,78,-471,81,248,151,-173,-20,20,-96,210,9,10,5,3
-101,30,242,24,93,104,-492,99,230,128,-156,-29,23,-96,194,9,10,5,3
-89,23,247,-103,44,-107,-506,99,212,110,-152,-30,32,-98,180,9,10,5,3
-70,10,244,-94,61,-128,-518,82,197,101,-161,-29,47,-99,166,9,10,5,3
55,-43,-10,-86,84,-144,669,-79,47,0,56,-80,-37,-29,0,9,10,5,3
69,-44,-29,-79,112,-157,676,-87,-12,-13,78,-87,-45,-18,-7,9,10,5,3
78,-42,-47,94,-109,62,671,-88,-62,-27,104,-87,-50,-2,-6,9,10,5,3
82,-39,-63,110,-106,64,685,-124,-140,-42,134,-71,-44,17,-2,9,10,5,3
-104,29,152,128,-101,63,-217,249,331,1,-99,-66,302,83,244,9,10,5,3
-141,0,202,-266,-56,-32,-209,383,258,7,-186,-71,321,63,181,9,10,5,3
-157,-41,213,-92,-50,108,-213,299,231,35,-263,-54,311,53,127,9,10,5,3
-144,-87,195,-62,-42,132,-186,135,203,81,-323,-17,291,79,73,9,10,5,3
27,-134,-138,-43,-35,148,326,66,-86,18,117,-69,-53,-75,10,9,10,5,3
27,-133,-130,-30,-34,160,338,112,-114,0,112,-69,-54,-74,34,9,10,5,3
25,-130,-118,40,86,-60,369,107,-131,-10,100,-73,-57,-77,57,9,10,5,3
-1367,-3431,914,41,82,-50,410,38,-129,-16,90,-78,-61,-89,76,9,10,5,3
87,137,-31,41,79,-37,-230,187,61,-40,71,-131,-12,-8,36,9,10,5,3
84,128,-36,42,76,-22,-225,164,39,-65,97,-144,-12,0,30,9,10,5,3
79,117,-44,13,86,128,-209,146,40,-80,108,-146,-8,11,27,9,10,5,3
75,111,-54,10,76,143,-181,135,59,-89,116,-129,-6,28,25,9,10,5,3
113,-114,-65,-3,74,145,-177,112,73,-15,21,-76,4,-28,23,9,10,5,3
-15,-54,-7,50,192,107,-152,121,66,-24,40,-78,28,-32,39,9,10,5,3
-27,-43,-5,48,182,111,-117,122,62,-26,73,-80,48,-43,54,9,10,5,3
-34,-35,-6,40,168,109,-68,116,83,-22,108,-76,63,-49,70,9,10,5,3
-32,-27,-9,23,155,101,234,-244,132,12,16,-64,-37,34,88,9,10,5,3
-9,71,5,21,84,65,131,-346,50,10,0,-62,-35,37,90,9,10,5,3
-15,77,-3,17,85,56,122,-357,34,1,-20,-62,-33,40,89,9,10,5,3
-18,77,-15,13,86,46,115,-355,25,-7,-35,-62,-32,39,86,9,10,5,3
-21,71,-27,10,86,36,111,-345,18,56,-100,-51,124,84,81,9,10,5,3
-32,-27,-125,-116,-103,9,106,-13,21,67,-114,-59,112,83,60,9,10,5,3
-40,-26,-131,-126,-84,12,57,-42,-8,71,-132,-66,102,85,46,9,10,5,3
-50,-24,-135,-129,-70,17,14,-76,-39,64,-153,-71,95,88,36,9,10,5,3
-57,-26,-136,-127,-59,21,-26,-110,-62,-6,36,-70,-38,74,20,9,10,5,3
9,-24,-68,30,-165,85,154,-152,45,-7,52,-70,-44,79,26,9,10,5,3
12,-29,-57,-22,-53,41,151,-165,62,-4,62,-69,-49,82,34,9,10,5,3
17,-32,-49,-25,-41,40,145,-178,76,-2,65,-68,-50,85,41,9,10,5,3
24,-35,-41,-27,-29,40,127,-197,79,-228,503,-239,33,113,-22,9,10,5,3
-29,20,-197,-27,-20,42,-656,95,-1,-275,431,-238,50,127,-26,9,10,5,3
-69,41,-149,-132,37,392,-760,93,-4,-312,357,-174,66,135,-33,9,10,5,3
-115,60,-87,-148,36,368,-860,155,-39,-151,-34,-82,-23,127,-90,9,10,5,3
-57,27,-73,-162,39,329,314,-335,380,-160,-4,-100,-17,139,-98,9,10,5,3
-82,30,-32,-173,46,276,345,-351,352,-160,18,-105,-11,141,-95,9,10,5,3
-96,24,1,-9,-127,47,383,-340,308,-139,40,-96,-4,143,-80,9,10,5,3
-92,15,25,-8,-112,50,422,-325,266,-108,174,-66,-61,52,46,9,10,5,3
-13,54,-89,-7,-97,53,166,24,-65,-104,169,-65,-52,42,52,9,10,5,3
-6,49,-94,-4,-88,59,117,7,-48,-96,164,-63,-41,34,57,9,10,5,3
0,42,-98,95,124,109,86,2,-13,-85,158,-63,-31,26,55,9,10,5,3
1,34,-100,73,122,110,69,10,32,141,-60,-48,5,75,33,9,10,5,3
-81,-131,-66,48,115,106,338,-127,-11,119,-32,-50,-17,65,17,9,10,5,3
-83,-123,-47,23,103,97,389,-134,-45,96,-1,-52,-42,49,7,9,10,5,3
-84,-112,-32,35,78,0,429,-155,-29,66,36,-54,-63,45,1,9,10,5,3
-84,-95,-20,33,84,-4,468,-176,-19,-66,43,-77,14,-15,51,9,10,5,3
-2,15,-88,33,92,-7,-331,223,69,-52,57,-67,24,-20,53,9,10,5,3
0,6,-93,33,103,-10,-339,199,34,-32,74,-65,32,-22,53,9,10,5,3
0,-5,-96,-124,84,155,-354,168,29,-19,90,-73,38,-13,52,9,10,5,3
-1,-15,-99,-127,78,214,-359,144,32,-68,98,-121,82,-42,-85,9,10,5,3
82,-208,-62,-128,63,268,213,146,-3,-81,91,-98,50,-42,-93,9,10,5,3
50,-186,-50,-121,32,299,243,170,-5,-82,89,-72,23,-40,-89,9,10,5,3
23,-163,-36,-80,73,26,260,180,2,-80,90,-63,9,-35,-77,9,10,5,3
1,-136,-21,-92,72,27,270,186,8,-9,25,-64,-17,11,66,9,10,5,3
-9,-56,-84,-96,70,31,167,-165,96,3,13,-107,-20,21,68,9,10,5,3
-11,-44,-85,-95,68,36,191,-186,74,27,-8,-127,-26,28,64,9,10,5,3
-19,-34,-84,82,-45,48,208,-218,59,40,-25,-130,-38,32,58,9,10,5,3
-27,-21,-83,76,-43,40,220,-260,40,5,41,-59,-51,97,49,9,10,5,3
-29,-23,-2,71,-39,33,-130,-226,143,-4,34,-62,-52,106,48,9,10,5,3
-36,-19,11,67,-35,28,-16,-253,160,-8,24,-61,-49,118,52,9,10,5,3
-43,-20,21,0,-151,112,39,-229,196,-50,141,-73,-109,144,107,9,10,5,3
158,162,-87,-15,-99,125,-83,-42,2,-54,139,-70,-94,131,108,9,10,5,3
34,-29,-64,34,-50,116,-89,-33,-33,-50,131,-69,-75,114,101,9,10,5,3
23,-33,-52,-31,-93,131,-75,-25,-70,-17,126,-54,-30,69,56,9,10,5,3
14,-36,-39,-32,-88,123,652,1268,1224,-15,137,-54,-26,76,48,9,10,5,3
9,-38,-28,-35,-78,111,-514,35,156,-16,140,-54,-25,78,42,9,10,5,3
-44,-58,-62,-38,-68,99,-587,130,103,-21,142,-55,-22,79,37,9,10,5,3
-57,-58,-36,-167,3,254,-646,263,38,70,-115,-65,17,-67,22,9,10,5,3
-73,-57,-8,-193,-29,232,-671,407,-23,58,-78,-70,14,-57,-5,9,10,5,3
-88,-55,22,-211,-56,203,185,-243,464,37,-51,-74,13,-43,-28,9,10,5,3
24,22,42,39,-88,124,381,-277,245,23,32,-59,-7,9,58,9,10,5,3
34,15,32,20,-108,115,397,-272,191,16,30,-58,-8,8,54,9,10,5,3
45,10,19,0,-121,105,413,-261,140,3,24,-61,-10,12,51,9,10,5,3
52,5,5,-18,-128,95,435,-242,102,-4,20,-64,-10,21,48,9,10,5,3
46,41,-61,108,10,11,43,-34,-16,-75,69,-70,-58,35,34,9,10,5,3
42,35,-64,107,12,11,-101,-78,57,-66,53,-73,-47,46,47,9,10,5,3
37,31,-66,108,15,13,-201,-68,110,-56,28,-68,-33,50,62,9,10,5,3
512,303,209,109,22,19,-173,73,125,-52,1,-70,-15,53,77,9,10,5,3
-17,-121,-28,-6,128,49,471,-155,-183,5,41,-60,-5,-65,26,9,10,5,3
-8,-105,-25,0,127,46,469,-97,-210,-1,10,-61,-14,-58,21,9,10,5,3
0,-84,-29,0,125,41,460,-50,-206,0,-17,-61,-25,-50,17,9,10,5,3
8,-64,-37,-2,124,33,454,-7,-201,7,-35,-67,-37,-40,16,9,10,5,3
-28,21,-51,-48,13,54,-62,324,33,-15,109,-22,-4,50,62,9,10,5,3
-29,30,-52,-49,18,59,-70,346,36,-15,114,-20,-1,44,65,9,10,5,3
-31,41,-52,-47,16,64,-102,337,46,-13,123,-18,5,39,67,9,10,5,3
-33,54,-51,-42,14,75,-149,363,102,-11,126,-15,16,24,69,9,10,5,3
-15,-44,-52,-15,163,22,133,64,79,2,8,-65,2,11,62,9,10,5,3
-22,-31,-57,-19,160,18,120,57,87,2,13,-60,0,15,58,9,10,5,3
-27,-18,-62,-22,157,12,102,57,95,2,12,-58,-1,21,53,9,10,5,3
-31,-4,-70,-22,152,7,85,58,98,1,7,-59,-4,24,47,9,10,5,3
4,105,-43,22,10,33,176,-200,-13,18,5,-59,-54,78,60,9,10,5,3
6,110,-42,28,81,14,179,-196,-7,14,5,-62,-52,75,62,9,10,5,3
8,116,-40,26,80,17,187,-200,-5,9,2,-62,-48,73,63,9,10,5,3
43,9,-47,23,77,22,-281,2,159,19,14,-66,-20,55,52,9,10,5,3
17,9,-83,37,-82,63,-259,-3,150,5,7,-63,-23,60,56,9,10,5,3
16,15,-88,47,-92,66,-239,-14,133,-5,3,-61,-25,66,57,9,10,5,3
16,19,-92,57,-103,69,-218,-24,93,-12,5,-62,-28,70,56,9,10,5,3
18,23,-96,67,-110,73,-39,-131,235,2,14,-52,0,37,70,9,10,5,3
11,-49,-67,-28,46,25,-75,-126,238,7,10,-52,-5,46,66,9,10,5,3
17,-50,-74,-26,46,20,-102,-113,237,18,6,-54,-10,51,61,9,10,5,3
24,-49,-82,-21,44,14,-124,-91,235,27,-2,-54,-14,55,54,9,10,5,3
28,-48,-89,-15,40,9,-795,245,-136,53,-50,-110,71,-145,19,9,10,5,3
-80,-21,-24,-154,39,2,-861,243,-149,31,-16,-90,80,-134,24,9,10,5,3
-62,-21,-46,-153,54,-23,-922,243,-147,3,21,-79,82,-119,23,9,10,5,3
-44,-15,-72,-149,66,-46,-958,245,-150,-30,69,-73,78,-101,18,9,10,5,3
-30,-13,-93,-143,79,-64,632,-121,114,-19,-16,-80,-17,11,37,9,10,5,3
2,90,-88,-41,-7,49,607,-103,-278,-25,-31,-76,-29,31,28,9,10,5,3
-8,93,-83,-24,1,59,590,-93,-308,-21,-35,-71,-40,40,22,9,10,5,3
-17,94,-79,-6,8,66,556,-78,-322,-52,45,-62,-74,17,34,9,10,5,3
-25,92,-76,14,7,78,521,-84,-333,-49,44,-57,-82,21,36,9,10,5,3
52,-94,-54,-88,86,15,-107,-131,443,-43,39,-53,-90,31,41,9,10,5,3
70,-106,-74,-113,82,1,-10,-163,396,-37,34,-50,-93,40,49,9,10,5,3
81,-113,-88,-131,80,-3,74,-149,329,17,15,-60,-11,-48,13,9,10,5,3
84,-116,-96,-149,85,-4,111,-128,249,30,0,-56,-25,-38,3,9,10,5,3
22,45,-72,87,114,49,-11,188,151,44,-15,-56,-37,-31,-1,9,10,5,3
15,46,-76,83,109,58,-26,202,160,48,-37,-70,-46,-27,1,9,10,5,3
10,45,-78,75,105,64,-42,214,169,33,-67,-66,11,35,91,9,10,5,3
2,41,-77,64,100,70,-60,219,185,34,-42,-62,15,28,94,9,10,5,3
-67,-26,-36,-92,-26,137,-438,276,181,25,-13,-61,20,27,93,9,10,5,3
-55,-61,-43,-115,-46,112,-414,178,180,8,10,-61,22,23,89,9,10,5,3
-43,-94,-50,-136,-60,83,-390,97,201,18,45,-76,82,-45,102,9,10,5,3
-30,-127,-56,-156,-68,54,-378,48,215,18,42,-72,78,-39,114,9,10,5,3
-6,18,-106,29,-64,67,200,-115,113,16,38,-68,75,-33,122,9,10,5,3
-1,6,-106,33,-65,76,209,-159,121,12,34,-64,74,-27,124,9,10,5,3
1,-5,-104,36,-65,86,218,-204,119,1,-46,-60,-67,47,62,9,10,5,3
6,-15,-98,38,-64,96,220,-244,113,4,-37,-57,-67,50,63,9,10,5,3
0,45,-29,47,35,63,-75,-138,331,10,-23,-57,-65,54,63,9,10,5,3
-10,44,-23,51,25,80,-135,-91,320,14,-17,-60,-63,58,62,9,10,5,3
-23,41,-16,54,12,96,-172,-78,252,-13,9,-71,-60,68,54,9,10,5,3
-34,34,-12,56,-1,108,-158,-82,145,-16,36,-69,-62,74,63,9,10,5,3
71,106,-87,52,-128,2,-40,-24,-41,-19,54,-67,-69,78,76,9,10,5,3
71,85,-87,46,-116,-1,11,-16,-53,-20,67,-64,-70,87,85,9,10,5,3
68,63,-84,44,-102,0,64,-14,-58,-9,62,-74,-25,45,45,9,10,5,3
63,43,-79,44,-87,7,108,-23,-56,-6,57,-72,-21,40,48,9,10,5,3
36,-38,-109,-39,-30,12,-588,464,63,0,54,-71,-14,41,51,9,10,5,3
40,-31,-114,-39,-27,5,-546,529,120,9,51,-69,-7,43,54,9,10,5,3
39,-21,-114,-39,-19,8,-440,555,184,-63,188,-62,6,-52,-62,9,10,5,3
33,-5,-104,-38,-5,27,-368,575,231,-67,181,-64,2,-32,-53,9,10,5,3
55,30,-34,28,167,54,157,-300,563,-70,160,-72,0,-13,-42,9,10,5,3
57,25,-1,68,148,109,238,-295,535,-67,124,-81,-2,1,-32,9,10,5,3
62,12,31,110,117,160,322,-279,510,-14,28,-72,-39,35,28,9,10,5,3
69,-5,59,151,74,196,393,-269,495,-20,35,-69,-39,44,47,9,10,5,3
22,0,-89,83,3,24,192,54,-41,-24,38,-67,-31,83,40,9,10,5,3
21,-4,-96,90,-2,21,165,80,-26,-908,3436,-2755,-49,49,50,9,10,5,3
16,-8,-103,100,-7,20,110,66,-23,46,-159,-67,107,128,143,9,10,5,3
12,-11,-107,111,-8,19,62,29,-12,55,-174,-69,115,132,142,9,10,5,3
-56,-83,-76,-90,5,56,376,-216,-123,60,-185,-69,119,138,138,9,10,5,3
-61,-77,-56,-76,29,59,390,-195,-155,63,-188,-69,118,142,131,9,10,5,3
-60,-71,-37,-63,50,62,416,-176,-158,23,4,-69,-34,-5,39,9,10,5,3
-53,-67,-20,-51,70,62,443,-144,-153,7,7,-64,-28,-9,40,9,10,5,3
10,3,-30,9,39,95,-38,299,131,-7,12,-68,-23,-8,37,9,10,5,3
14,-7,-27,9,36,101,-43,296,132,-21,18,-74,-20,-10,37,9,10,5,3
16,-19,-27,8,34,106,-57,282,144,-24,-16,-63,17,23,60,9,10,5,3
24,-30,-28,8,29,108,-82,267,163,-27,-14,-69,14,20,59,9,10,5,3
-32,-87,-49,-79,-91,-22,-373,12,175,-17,0,-67,12,20,61,9,10,5,3
1,-104,-67,-69,86,-83,-354,49,128,-1,26,-62,14,12,66,9,10,5,3
30,-115,-86,-55,120,-59,-328,81,76,13,-24,-78,60,-38,98,9,10,5,3
54,-119,-105,-40,151,-33,-295,98,47,52,-29,-79,61,-49,86,9,10,5,3
77,-106,-45,-26,177,-8,293,-237,93,75,-24,-73,69,-55,73,9,10,5,3
69,-103,-45,15,14,77,300,-262,91,83,-24,-65,74,-46,61,9,10,5,3
64,-91,-41,16,20,73,303,-282,80,20,-13,-55,-50,37,59,9,10,5,3
58,-70,-39,15,26,67,295,-294,64,14,-10,-54,-60,41,51,9,10,5,3
-54,91,-39,12,33,60,185,-195,11,14,-1,-61,-69,44,46,9,10,5,3
-62,97,-37,59,-115,61,113,-167,20,19,9,-66,-77,48,44,9,10,5,3
-67,100,-36,60,-130,62,58,-176,21,0,-3,-165,-10,50,98,9,10,5,3
-66,98,-37,62,-143,66,9,-213,6,-1,39,-92,-1,41,92,9,10,5,3
3,2,-89,66,-150,72,99,-90,-62,-13,59,-83,6,30,86,9,10,5,3
12,-2,-83,38,-13,33,106,-116,-58,-27,69,-78,10,19,81,9,10,5,3
24,-7,-76,45,-15,35,112,-132,-41,-47,68,-80,-10,40,57,9,10,5,3
39,-11,-69,50,-21,37,117,-139,-16,-67,126,-54,-6,40,59,9,10,5,3
32,-1,-110,54,-25,37,-426,392,304,-78,137,-57,-2,41,59,9,10,5,3
24,7,-94,-69,-63,189,-465,394,274,-86,151,-63,0,45,58,9,10,5,3
6,15,-72,-93,-67,178,-561,374,186,-79,156,-57,-32,104,-20,9,10,5,3
-13,15,-52,-121,-69,162,-721,333,90,-58,79,-58,-48,123,-15,9,10,5,3
28,48,-11,-146,-70,141,272,-271,296,-52,86,-53,-58,140,-3,9,10,5,3
24,51,-11,-16,-144,45,287,-256,255,-38,95,-57,-63,152,10,9,10,5,3
23,53,-13,-20,-137,44,312,-230,226,-23,107,-60,-77,39,47,9,10,5,3
24,56,-18,-22,-126,44,348,-194,204,-3,64,-75,-58,53,56,9,10,5,3
36,49,-90,-22,-115,43,94,-28,-58,-13,70,-73,-35,51,68,9,10,5,3
36,41,-95,97,-12,22,104,-29,-60,-19,80,-68,-12,51,73,9,10,5,3
37,31,-98,95,-6,30,112,-19,-65,-23,81,-67,110,87,173,9,10,5,3
37,18,-102,94,-3,41,92,-7,-57,133,-204,-42,110,101,162,9,10,5,3
-60,-99,-42,96,0,54,370,-238,-18,123,-161,-44,100,106,147,9,10,5,3
-58,-100,-27,33,51,43,379,-197,-37,110,-116,-44,86,94,133,9,10,5,3
-56,-99,-15,38,46,43,384,-158,-63,92,-78,-41,-36,-24,22,9,10,5,3
-48,-95,-5,43,40,42,396,-134,-91,-51,20,-59,-35,-20,24,9,10,5,3
-2,-26,-63,47,33,39,-57,276,161,-42,11,-68,-31,-16,25,9,10,5,3
-16,-33,-60,-71,24,20,-72,267,162,-28,12,-72,-27,-18,28,9,10,5,3
-27,-40,-59,-50,66,56,-87,249,156,-14,26,-70,189,-3756,2755,9,10,5,3
-34,-45,-61,-44,69,65,-108,227,134,49,195,-34,35,32,73,9,10,5,3
68,-142,-41,-36,70,78,-80,45,59,19,198,-37,31,29,46,9,10,5,3
77,-143,-41,-28,67,98,-63,41,56,-13,194,-41,18,21,19,9,10,5,3
83,-142,-39,87,77,-7,-51,51,57,-40,181,-38,-2,11,-2,9,10,5,3
88,-135,-35,64,71,-15,-47,61,62,39,166,-85,103,-9,44,9,10,5,3
-75,-81,-88,41,66,-21,201,432,59,22,187,-86,78,3,100,9,10,5,3
-76,-80,-78,18,65,-24,219,408,55,-8,196,-85,68,2,89,9,10,5,3
-77,-78,-68,-34,49,86,238,377,51,-570,2601,922,58,-3,73,9,10,5,3
-74,-76,-57,-27,51,84,251,336,51,29,12,-66,50,-8,57,9,10,5,3
-39,78,-56,-18,49,82,147,-363,6,37,17,-65,-112,52,52,9,10,5,3
-48,82,-52,706,-389,3496,178,-329,-43,46,23,-66,-106,54,59,9,10,5,3
-52,84,-46,35,-15,100,191,-301,-84,51,30,-65,-97,55,63,9,10,5,3
-54,84,-39,34,-29,98,209,-291,-117,2,-106,-67,-90,59,66,9,10,5,3
62,13,-16,28,-41,91,-71,-45,69,-4,-94,-65,-81,64,82,9,10,5,3
78,10,5,20,-50,81,-111,-23,87,-5,-69,-68,-65,65,77,9,10,5,3
93,9,21,55,-135,63,-141,4,96,29,37,-62,-59,41,74,9,10,5,3
105,11,28,48,-115,70,-150,20,89,26,34,-63,-56,22,67,9,10,5,3
18,2,-66,38,-95,75,-66,-117,239,22,30,-65,-31,44,43,9,10,5,3
18,-8,-68,28,-80,78,-88,-115,236,19,31,-69,-33,47,41,9,10,5,3
19,-18,-68,-17,46,232,-93,-113,234,6,-25,-80,-35,53,39,9,10,5,3
24,-26,-69,-29,23,238,-85,-122,242,14,-15,-83,-38,54,37,9,10,5,3
-48,-9,-165,-47,-3,227,-258,-175,273,18,-5,-87,-40,100,109,9,10,5,3
-48,3,-132,-73,-32,205,-173,-210,323,13,1,-93,-26,94,125,9,10,5,3
-48,12,-94,-11,-14,26,-69,-239,362,6,-35,-88,-15,84,133,9,10,5,3
-45,17,-54,-20,-23,12,16,-261,395,-1,-26,-86,-8,75,137,9,10,5,3
21,109,-30,-25,-25,3,368,-80,-166,-6,-12,-79,-41,6,43,9,10,5,3
23,107,-35,-31,-22,0,346,-76,-187,-7,4,-70,-48,6,34,9,10,5,3
26,102,-40,104,25,47,338,-77,-192,-64,11,-55,-52,-1,27,9,10,5,3
29,94,-46,105,32,58,320,-74,-192,-60,0,-66,-53,2,20,9,10,5,3
-6,-78,-148,105,37,68,206,-162,130,-42,-4,-68,-39,-7,21,9,10,5,3
-20,-82,-144,102,38,79,267,-168,80,-19,-16,-65,-40,-21,25,9,10,5,3
-34,-84,-133,7,61,-15,315,-139,30,60,-9,-67,-38,-32,28,9,10,5,3
-51,-87,-113,3,66,-19,358,-86,-36,62,-19,-73,-33,-40,33,9,10,5,3
-25,30,-75,1,73,-23,-38,316,101,62,-26,-79,43,15,84,9,10,5,3
-28,27,-76,1,81,-23,-54,315,108,55,-32,-77,50,10,73,9,10,5,3
-33,19,-78,-62,52,7,-70,299,122,66,6,-66,53,6,64,9,10,5,3
-34,15,-78,-64,69,12,-80,267,136,95,27,-55,54,0,58,9,10,5,3
34,-123,-83,-64,86,23,-244,142,103,109,47,-48,42,-12,-77,9,10,5,3
38,-118,-92,-61,103,42,-204,173,73,106,53,-33,55,-11,-66,9,10,5,3
36,-114,-97,-36,140,76,-167,196,60,35,21,-69,66,-13,-50,9,10,5,3
31,-113,-100,-39,129,74,-134,209,57,32,15,-69,72,-12,-33,9,10,5,3
13,-20,-15,-40,112,71,285,-199,104,24,-1,-67,-21,13,91,9,10,5,3
11,-24,-16,-38,94,66,276,-237,113,17,-21,-61,-27,7,83,9,10,5,3
18,-26,-16,13,62,29,254,-277,120,24,-18,-61,-30,5,73,9,10,5,3
33,-21,-15,11,65,27,222,-315,125,23,-14,-61,-32,5,66,9,10,5,3
-100,38,16,11,65,26,19,-64,176,20,-8,-58,77,67,99,9,10,5,3
-90,25,8,13,62,23,-5,-131,172,13,-12,-51,66,58,81,9,10,5,3
-78,13,-3,72,-42,99,-15,-146,125,-49,75,-64,48,58,61,9,10,5,3
-64,4,-21,110,-66,126,-5,-136,71,-54,89,-65,32,53,44,9,10,5,3
41,102,-100,141,-93,147,122,-81,-59,-59,98,-63,-46,47,42,9,10,5,3
24,90,-95,166,-124,159,153,-89,-43,-60,101,-60,-45,47,45,9,10,5,3
11,73,-88,-12,-11,26,182,-93,-26,-69,139,-59,-47,49,47,9,10,5,3
3,53,-81,-11,-8,22,206,-95,-10,-80,146,-57,-49,49,47,9,10,5,3
53,-954,-336,-8,-6,17,-707,315,-84,-85,148,-59,106,-73,-13,9,10,5,3
-73,-6,-51,-196,-13,42,-708,319,-124,58,-71,-66,82,-81,-30,9,10,5,3
-59,-6,-38,-168,-16,58,-712,326,-111,24,-64,-79,58,-74,-34,9,10,5,3
-42,-6,-31,-143,-20,69,370,-204,410,-22,-62,-93,-18,72,162,9,10,5,3
-23,-4,-32,-122,-24,72,389,-194,378,-64,-62,-94,-15,44,143,9,10,5,3
-52,-8,-104,-4,-47,38,414,-172,333,-13,61,-67,-14,21,122,9,10,5,3
-50,-13,-90,5,-31,55,442,-142,279,-21,65,-65,-14,15,97,9,10,5,3
-44,-13,-77,16,-18,72,193,-27,-82,-28,75,-59,-25,-18,6,9,10,5,3
-38,-11,-67,29,-10,84,-194,96,166,-35,85,-57,-30,-15,0,9,10,5,3
-53,-13,41,5,12,180,-131,231,187,109,-173,-42,-35,-16,-1,9,10,5,3
-53,-25,31,-5,10,177,-51,308,216,121,-181,-42,-38,-20,2,9,10,5,3
-51,-37,17,-20,12,167,-40,224,268,137,-181,-45,-35,-3,61,9,10,5,3
-45,-48,-1,-40,16,152,363,-55,-97,146,-168,-46,-26,-12,65,9,10,5,3
8,58,-74,-58,232,-95,358,-19,-91,-14,-15,-70,-21,-21,67,9,10,5,3
0,58,-70,-61,233,-91,349,0,-67,-13,-23,-67,3619,-736,42,9,10,5,3
-10,55,-67,-61,233,-85,333,12,-41,-15,-23,-69,35,1,53,9,10,5,3
-17,51,-63,-62,232,-77,-364,155,242,-17,-9,-62,39,4,51,9,10,5,3
-87,-73,-34,120,-232,94,-409,168,344,-95,179,-40,43,7,47,9,10,5,3
-66,-93,-42,87,-232,51,-479,156,394,-79,143,-47,46,13,47,9,10,5,3
-44,-112,-51,49,-216,8,2139,-2243,3424,-65,115,-61,37,-1,63,9,10,5,3
-25,-132,-62,9,-201,-32,33,122,74,-55,88,-70,33,3,58,9,10,5,3
-39,-24,-64,-1,-54,44,21,118,80,26,6,-72,26,7,53,9,10,5,3
-30,-31,-58,2,-60,46,12,112,90,18,8,-67,18,10,49,9,10,5,3
-21,-34,-55,6,-65,44,12,107,106,6,2,-54,-75,11,30,9,10,5,3
-11,-34,-54,7,-67,40,230,-180,-92,0,-4,-45,-95,46,41,9,10,5,3
-71,59,30,4,-241,124,258,-112,-109,108,-209,-40,-102,52,52,9,10,5,3
-81,42,39,0,-238,175,352,-104,-146,96,-237,-45,-106,63,68,9,10,5,3
-82,16,37,0,-218,212,-21,38,54,81,-256,-50,-60,50,94,9,10,5,3
52,80,-94,9,91,-46,-27,25,75,10,25,-64,-50,35,86,9,10,5,3
16,-43,-29,1,55,-42,-37,8,101,5,38,-64,-43,22,79,9,10,5,3
18,-40,-34,-4,21,-38,88,-186,177,1,50,-65,-67,52,39,9,10,5,3
21,-34,-42,-9,1,-28,89,-206,170,-5,63,-66,-67,54,36,9,10,5,3
23,-27,-51,-33,-74,174,98,-229,174,8,-54,-61,-68,52,34,9,10,5,3
-101,4,-80,-24,-57,185,101,-241,181,23,-60,-63,-70,50,31,9,10,5,3
-111,0,-93,-17,-46,192,-771,25,96,22,-76,-79,-41,47,14,9,10,5,3
-118,-4,-103,-8,-28,187,-680,13,100,18,-94,-89,-47,43,7,9,10,5,3
-122,-10,-111,38,16,164,-572,-31,126,19,0,-59,-53,44,1,9,10,5,3
56,0,-97,30,1,158,-458,-98,169,-5,9,-65,-58,39,-3,9,10,5,3
44,16,-109,17,-13,146,515,52,-333,-27,16,-73,-73,33,32,9,10,5,3
33,34,-117,0,-29,132,490,41,-317,-46,29,-80,-71,23,26,9,10,5,3
23,49,-122,146,23,86,451,23,-273,64,-86,-49,-74,10,23,9,10,5,3
-19,-3,40,155,26,115,430,5,-228,80,-114,-46,-77,10,20,9,10,5,3
-8,-13,21,164,23,138,268,-28,78,92,-136,-47,-78,0,57,9,10,5,3
4,-23,0,172,14,153,323,35,39,98,-158,-43,-70,-2,67,9,10,5,3
16,-31,-23,66,29,-4,364,42,-15,43,33,-77,-62,-6,77,9,10,5,3
-64,54,-66,69,34,-3,112,310,169,38,39,-83,9,-24,89,9,10,5,3
-63,50,-65,70,42,0,77,331,179,19,39,-78,13,-21,89,9,10,5,3
-62,49,-65,-51,77,22,43,352,196,23,-87,-109,21,-21,88,9,10,5,3
-64,-95,-5,-63,86,28,-409,167,247,-14,-22,-103,103,32,36,9,10,5,3
-49,-117,-6,-74,96,39,-416,155,221,-54,58,-91,104,35,6,9,10,5,3
-28,-141,-12,-95,161,-17,-411,116,186,-4,94,-71,107,34,-25,9,10,5,3
1,0,9,-77,180,4,326,113,159,2,103,-65,39,-9,87,9,10,5,3
99,0,-91,-61,195,28,338,83,158,0,109,-62,35,-6,71,9,10,5,3
89,-3,-92,9,57,60,349,61,148,-34,-13,-59,30,-3,55,9,10,5,3
68,-8,-91,20,59,61,354,35,130,-26,-14,-68,25,-2,41,9,10,5,3
45,-8,-85,30,62,62,65,-196,35,-7,-4,-68,-93,26,50,9,10,5,3
10,50,-38,39,64,64,87,-209,16,15,8,-62,-91,30,52,9,10,5,3
16,49,-34,79,-28,68,103,-227,-6,67,-32,-51,-89,34,56,9,10,5,3
22,48,-31,84,-37,80,113,-248,-16,65,-66,-51,-89,38,60,9,10,5,3
28,47,-31,89,-48,92,320,15,-85,62,-104,-52,32,-4,38,9,10,5,3
36,77,-71,92,-63,100,281,8,-111,71,-146,-49,11,-10,15,9,10,5,3
37,97,-57,97,-162,73,206,-3,-104,-17,49,-69,-12,-16,-2,9,10,5,3
36,115,-43,83,-156,60,118,-20,-75,-20,62,-63,-39,-15,-12,9,10,5,3
31,125,-28,69,-144,44,155,-194,99,-26,73,-56,-67,40,43,9,10,5,3
36,-18,-77,55,-130,30,122,-210,136,-36,87,-57,-62,37,47,9,10,5,3
40,-18,-78,-31,-39,27,92,-241,178,-77,2,-75,-58,36,51,9,10,5,3
44,-18,-80,-30,-33,24,68,-260,200,45,-131,-87,-55,38,51,9,10,5,3
47,-18,-84,-29,-23,25,-966,287,14,72,-163,-82,93,-31,62,9,10,5,3
-20,-85,-59,-27,-10,31,-971,273,17,111,-178,-74,72,-15,55,9,10,5,3
-9,-76,-80,-38,91,-46,-965,252,13,143,-185,-70,51,1,46,9,10,5,3
0,-69,-102,-14,109,-19,-946,224,6,-3,66,-57,34,22,32,9,10,5,3
9,-63,-121,10,127,16,518,-62,-78,-20,54,-65,-60,15,35,9,10,5,3
-13,58,-54,32,-22,86,515,-60,-108,-25,55,-63,-42,23,45,9,10,5,3
-5,60,-54,47,-33,87,517,-50,-136,-58,118,-87,-45,18,43,9,10,5,3
2,61,-55,62,-42,85,-141,133,30,-57,125,-94,-46,11,40,9,10,5,3
10,61,-57,74,-47,79,-64,103,46,-61,133,-103,-47,-3,36,9,10,5,3
-44,-108,-16,-138,-13,132,18,10,59,-66,132,-111,-31,213,139,9,10,5,3
-52,-113,-19,-145,-22,139,57,-141,82,32,55,-61,-48,190,128,9,10,5,3
-60,-117,-23,-153,-31,144,469,-145,-120,12,82,-57,-59,169,113,9,10,5,3
-66,-120,-29,-154,-40,143,458,-118,-110,4,101,-70,-64,143,100,9,10,5,3
65,-36,-56,-4,138,15,445,-97,-109,-1,113,-80,14,-20,68,9,10,5,3
59,-30,-55,-19,137,15,438,-80,-109,-36,41,-72,23,-16,67,9,10,5,3
52,-25,-53,-30,133,18,-264,137,33,-45,37,-72,32,-12,65,9,10,5,3
45,-23,-53,-38,128,22,-269,142,54,-49,28,-68,40,-8,61,9,10,5,3
-71,77,-19,64,18,85,-284,149,87,-49,27,-66,87,12,42,9,10,5,3
-86,68,-13,64,2,97,-297,156,123,-32,136,-65,89,10,43,9,10,5,3
-98,54,-7,59,-14,109,-37,267,147,-22,120,-67,75,5,29,9,10,5,3
-108,36,-4,45,-33,119,1,317,126,-5,102,-71,58,0,23,9,10,5,3
-10,-3,-72,-22,105,38,50,347,113,14,88,-77,-36,-5,42,9,10,5,3
-15,6,-82,-9,91,41,102,342,107,-9,-3,-67,-45,-5,42,9,10,5,3
-19,18,-91,3,75,45,168,-317,29,-9,-2,-63,-54,-4,45,9,10,5,3
-24,28,-99,17,59,48,169,-293,50,-10,0,-66,-63,0,46,9,10,5,3
21,89,-58,61,-3,9,163,-262,89,-15,8,-69,-105,55,31,9,10,5,3
20,85,-60,58,3,5,134,-255,137,38,43,-46,-115,55,31,9,10,5,3
20,78,-60,54,10,3,85,106,136,55,13,-44,-125,62,32,9,10,5,3
22,67,-60,48,18,2,130,142,141,72,-26,-47,-128,67,36,9,10,5,3
35,79,0,15,-53,96,155,157,138,81,-73,-45,-94,66,99,9,10,5,3
47,74,15,30,-53,108,165,156,123,42,1,-76,-80,56,95,9,10,5,3
59,64,26,45,-55,116,-76,-24,-4,39,16,-77,-66,38,91,9,10,5,3
70,50,30,53,-51,116,-47,-38,-21,30,33,-77,-56,22,83,9,10,5,3
32,44,-93,8,-51,82,-14,-60,-42,17,50,-74,-14,6,56,9,10,5,3
25,43,-97,-29,2,46,-3796,1043,-218,-25,79,-56,-14,4,58,9,10,5,3
19,40,-98,-36,9,31,-508,516,315,-46,70,-51,-13,11,53,9,10,5,3
12,36,-99,-42,15,15,-593,517,259,-76,69,-51,-13,12,49,9,10,5,3
-110,84,49,-47,22,-2,-648,467,153,-99,69,-52,74,-34,61,9,10,5,3
-95,82,31,1,29,-45,-649,403,57,-73,20,-70,68,-33,50,9,10,5,3
-79,84,7,34,-12,-73,56,-97,449,-29,38,-63,59,-37,37,9,10,5,3
-62,89,-18,51,-35,-100,153,-130,457,10,67,-57,52,-37,22,9,10,5,3
26,-26,-83,53,-35,-113,233,-165,441,29,90,-50,-93,35,0,9,10,5,3
26,-13,-86,146,38,-29,297,-216,410,-46,90,-71,-98,43,0,9,10,5,3
29,0,-89,159,37,-32,84,45,92,-12,108,-49,-101,44,0,9,10,5,3
32,10,-91,171,34,-32,23,12,81,0,110,-51,-104,40,1,9,10,5,3
39,-74,-41,180,32,-33,-19,-14,102,1,97,-49,4,8,50,9,10,5,3
40,-79,-41,-12,122,-3,-33,-41,133,16,-55,-65,0,15,49,9,10,5,3
42,-86,-42,-11,115,2,143,2,92,12,-55,-68,-3,13,47,9,10,5,3
44,-90,-43,-10,106,10,145,29,95,2,-52,-68,-11,15,42,9,10,5,3
-13,69,-52,-7,103,13,150,55,87,-6,-48,-66,-34,-16,59,9,10,5,3
-17,67,-49,19,55,25,152,71,86,4,15,-60,-35,-13,59,9,10,5,3
-21,68,-47,9,65,18,130,206,71,-9,17,-60,-30,-12,56,9,10,5,3
-25,68,-46,0,71,12,101,216,61,-19,17,-60,-23,-14,53,9,10,5,3
-86,-17,-65,-11,76,8,60,223,53,-27,17,-66,15,17,32,9,10,5,3
-91,-14,-66,-68,0,31,24,239,47,-109,154,-65,14,28,38,9,10,5,3
-94,-16,-65,-72,6,18,-48,168,74,-119,149,-66,15,35,39,9,10,5,3
-93,-20,-64,-75,12,5,-37,169,70,-124,126,-55,16,41,35,9,10,5,3
-35,-17,-92,-75,19,-3,-31,160,73,-120,96,-43,3,1,19,9,10,5,3
-36,-11,-94,30,27,69,-32,145,85,53,6,-67,-3,0,19,9,10,5,3
-37,-8,-92,40,25,74,203,-10,171,60,46,-68,-10,1,21,9,10,5,3
-38,-5,-88,49,22,82,204,-31,174,68,83,-69,-17,2,27,9,10,5,3
30,10,-143,59,19,90,202,-49,168,81,121,-67,-21,-38,74,9,10,5,3
12,6,-128,-46,132,100,196,-60,160,-24,-54,-50,-27,-33,97,9,10,5,3
-5,-4,-105,-15,56,62,-51,-452,23,-18,-34,-50,-33,-21,108,9,10,5,3
32,66,-53,-6,45,62,-65,-437,23,-12,-36,-48,-117,56,69,9,10,5,3
36,66,-52,4,31,62,-78,-415,27,35,-3,-64,-117,58,70,9,10,5,3
38,68,-52,18,12,65,-88,-390,32,41,-14,-62,-114,58,73,9,10,5,3
39,67,-51,12,-88,47,-129,2,132,35,-24,-62,-110,56,74,9,10,5,3
15,-7,-78,6,-84,46,-127,21,132,24,-25,-64,-27,46,39,9,10,5,3
12,-8,-75,4,-81,47,-129,41,142,0,93,-65,-25,46,41,9,10,5,3
8,-11,-71,2,-78,48,-125,55,157,-22,87,-53,-23,55,47,9,10,5,3
4,-16,-68,15,12,62,-364,40,155,-50,69,-50,-20,64,51,9,10,5,3
-73,49,189,19,26,107,-390,45,144,-78,50,-54,74,-79,181,9,10,5,3
-54,51,184,21,31,154,-384,91,144,-8,12,-68,76,-72,169,9,10,5,3
-36,58,173,21,26,201,-385,135,130,-16,16,-66,76,-72,154,9,10,5,3
-21,66,155,5,83,-14,-63,-36,218,-22,30,-66,73,-61,139,9,10,5,3
25,-30,-45,8,79,-2,-1,-43,263,-23,34,-70,-22,57,69,9,10,5,3
26,-34,-41,13,73,13,51,-65,320,-16,53,-71,-19,50,59,9,10,5,3
27,-38,-43,17,65,29,79,-87,367,-20,52,-64,-19,45,50,9,10,5,3
30,-38,-50,82,-14,43,253,-170,23,-18,60,-50,-22,45,41,9,10,5,3
30,2,-22,80,-18,47,212,-140,113,-12,67,-52,-60,5,49,9,10,5,3
35,0,-22,77,-23,52,207,-130,93,25,-8,-58,-60,1,49,9,10,5,3
39,3,-23,74,-29,55,194,-118,69,38,-1,-62,-61,2,51,9,10,5,3
39,5,-25,49,67,75,-2697,2479,-1632,47,7,-67,-62,7,54,9,10,5,3
14,7,-61,46,70,77,284,15,75,50,3,-64,-16,-17,56,9,10,5,3
-27,10,-64,43,74,80,277,-15,101,20,11,-72,-11,-17,56,9,10,5,3
-27,8,-63,-48,76,46,271,-40,124,6,-1,-74,-7,-19,59,9,10,5,3
-28,4,-63,-48,75,46,-179,191,50,-3,-2,-62,15,7,49,9,10,5,3
-27,1,-64,-47,75,47,-166,196,61,-7,-5,-46,17,9,47,9,10,5,3
-37,-53,-48,-45,74,47,-160,196,62,22,50,-83,24,11,42,9,10,5,3
-32,-54,-51,-14,46,74,-162,200,54,30,61,-84,32,13,39,9,10,5,3
-29,-55,-55,-20,48,78,-9,-174,145,35,76,-77,20,10,-39,9,10,5,3
-28,-56,-58,-32,51,80,5,-149,119,41,82,-68,29,-2,-54,9,10,5,3
-48,12,-8,-50,52,75,16,-124,103,31,109,-65,35,-15,-64,9,10,5,3
-46,18,-31,-54,-25,89,21,-93,91,26,124,-46,40,-27,-64,9,10,5,3
-44,20,-58,-67,-14,84,160,56,96,21,134,-10,-19,-38,29,9,10,5,3
-43,22,-84,-81,0,77,190,23,114,1,130,6,-26,-36,37,9,10,5,3
-47,132,-134,-93,14,69,213,0,117,-112,-16,-48,-30,-33,47,9,10,5,3
-50,133,-141,39,13,107,229,-11,110,-91,-51,-50,-33,-27,57,9,10,5,3
-54,133,-145,76,25,150,264,-397,41,-54,-65,-57,-52,-1,119,9,10,5,3
-58,132,-143,72,16,145,229,-393,49,-11,-67,-61,-50,-5,116,9,10,5,3
16,-28,-70,65,8,141,189,-396,59,31,-35,-61,-49,-5,114,9,10,5,3
31,-35,-68,58,3,138,146,-403,66,31,-18,-61,-47,-2,112,9,10,5,3
41,-33,-67,62,-94,15,-277,-97,116,18,0,-63,-85,60,33,9,10,5,3
44,-26,-68,53,-101,20,-288,-68,101,1,21,-64,-80,56,34,9,10,5,3
28,0,-90,47,-104,27,-304,-31,98,-55,115,-62,-76,54,35,9,10,5,3
8,61,-136,-40,-105,75,-629,433,-206,-63,99,-73,-5,88,19,9,10,5,3
0,54,-131,-50,-106,82,-609,453,-174,-76,95,-78,-8,80,27,9,10,5,3
-9,44,-124,-59,-104,89,-620,445,-150,77,-51,-51,-13,79,41,9,10,5,3
-21,36,-114,-68,-96,98,-635,412,-130,56,-38,-53,-20,72,61,9,10,5,3
-38,18,-65,-10,10,122,467,-95,242,45,-29,-52,-8,31,93,9,10,5,3
-36,19,-60,-21,11,123,472,-116,206,39,-21,-54,-10,30,88,9,10,5,3
-33,21,-57,-34,15,122,473,-141,171,-100,134,-75,-18,22,79,9,10,5,3
-29,23,-58,-47,20,119,463,-166,137,-101,140,-72,-29,25,62,9,10,5,3
33,58,-49,110,-40,-8,53,153,-121,-99,139,-55,-52,8,2,9,10,5,3
29,55,-44,111,-35,0,221,72,-195,-88,145,-61,-29,17,21,9,10,5,3
26,54,-39,109,-29,5,329,-80,-141,20,-237,-44,-3,33,45,9,10,5,3
21,51,-33,104,-18,12,280,-190,54,9,-226,-46,22,59,71,9,10,5,3
21,-119,-92,-131,89,18,535,-1,-144,4,-211,-49,-13,-68,59,9,10,5,3
26,-114,-78,-128,117,29,522,-102,-116,4,-182,-49,0,-65,82,9,10,5,3
25,-104,-58,-122,147,49,494,-173,-102,-34,25,-69,13,-55,101,9,10,5,3
18,2657,3541,-110,170,73,472,-204,-100,-30,32,-70,28,-50,113,9,10,5,3
0,126,-52,89,50,39,-260,212,55,-15,44,-72,-16,33,78,9,10,5,3
3,115,-51,76,48,42,-260,198,76,-2909,-851,3785,-10,29,80,9,10,5,3
8,104,-49,65,45,46,-222,200,95,23,58,-66,-9,28,82,9,10,5,3
12,98,-49,54,40,50,-207,151,64,35,53,-74,-11,35,83,9,10,5,3
66,-92,-58,-15,27,-32,-2,-78,92,43,41,-79,-12,-47,-39,9,10,5,3
87,-89,-63,-28,42,-46,-3,-44,89,14,-11,-64,31,35,72,9,10,5,3
101,-94,-65,-25,47,-49,-10,-10,84,27,20,-60,31,45,79,9,10,5,3
6,-136,-42,-110,3,39,3245,3993,-3884,36,55,-61,35,46,83,9,10,5,3
10,-129,-41,-106,15,29,236,109,-43,-23,10,-80,-95,20,32,9,10,5,3
11,-120,-38,-101,30,20,229,93,-32,90,183,-79,-93,28,36,9,10,5,3
-1,113,-162,33,-47,54,223,61,-11,88,215,-78,-83,34,41,9,10,5,3
-9,104,-158,12,-35,57,221,23,15,65,222,-86,-72,41,46,9,10,5,3
-18,88,-149,-4,-21,63,200,-221,27,26,182,-92,-91,28,66,9,10,5,3
-23,70,-137,-20,-4,69,193,-233,20,47,13,-56,-96,24,63,9,10,5,3
17,80,-53,106,-112,53,180,-250,16,52,19,-58,-100,23,58,9,10,5,3
23,86,-58,109,-124,55,165,-269,18,59,22,-57,-101,28,52,9,10,5,3
32,85,-60,108,-135,57,-179,21,126,65,22,-56,-93,88,51,9,10,5,3
39,77,-58,106,-144,60,-200,-5,107,-4,43,-61,-91,88,46,9,10,5,3
21,21,-91,17,-80,61,-229,-34,85,5,44,-62,-85,91,40,9,10,5,3
24,19,-84,14,-84,64,-259,-62,67,10,40,-59,-79,89,37,9,10,5,3
26,18,-77,13,-90,66,-50,65,102,6,28,-59,-20,74,79,9,10,5,3
29,14,-72,12,-97,67,32,87,167,66,-117,-83,-8,72,72,9,10,5,3
-83,103,-58,-103,4,87,2,128,204,88,-109,-99,1,72,63,9,10,5,3
-74,127,28,-95,10,107,-85,118,162,105,-91,-98,5,65,55,9,10,5,3
-65,125,28,-91,19,121,-448,151,11,119,-74,-85,83,-22,79,9,10,5,3
-58,121,26,-90,30,130,-498,186,7,-23,-46,-57,79,-4,80,9,10,5,3
-52,114,23,-79,51,-60,-552,227,5,-22,113,-37,74,8,80,9,10,5,3
31,-105,-5,-62,64,-49,-602,268,4,-30,103,-39,66,26,78,9,10,5,3
41,-103,-8,-46,80,-28,604,-204,-89,-26,95,-43,-76,43,8,9,10,5,3
45,-99,-15,-33,108,-5,597,-192,-123,-23,94,-47,-81,43,10,9,10,5,3
44,-92,-26,78,-45,38,566,-187,-155,-64,60,-81,-84,45,11,9,10,5,3
47,-29,-58,75,-38,33,515,-179,-174,-50,71,-72,-82,51,10,9,10,5,3
46,-28,-55,68,-33,33,116,-164,23,-37,88,-64,-53,18,70,9,10,5,3
43,-26,-53,62,-25,32,146,-151,25,-27,99,-57,-46,19,75,9,10,5,3
41,-25,-51,33,9,39,171,-137,19,-40,-7,-67,-39,25,81,9,10,5,3
24,5,-55,43,1,33,191,-122,20,-32,4,-77,-30,30,86,9,10,5,3
22,1,-55,51,-2,24,-212,308,121,-20,14,-72,52,35,62,9,10,5,3
18,-1,-54,58,-6,17,-216,310,113,-4,16,-61,49,37,56,9,10,5,3
13,-4,-54,-25,-55,30,-222,315,95,0,113,-51,43,39,50,9,10,5,3
-30,-55,-11,-14,-56,34,-227,318,61,1,113,-54,35,39,43,9,10,5,3
-27,-55,-15,-3,-57,39,-39,129,124,0,110,-61,41,14,19,9,10,5,3
-23,-56,-19,4,-56,44,-26,115,116,-4,106,-68,43,12,16,9,10,5,3
-21,-57,-25,-50,50,38,-16,105,111,22,-13,-66,41,12,13,9,10,5,3
-4,0,-77,-47,47,40,-3,106,101,12,-21,-69,36,14,10,9,10,5,3
-1,3,-81,-44,44,44,79,-140,140,2,-26,-63,-94,37,43,9,10,5,3
1,8,-85,-40,42,48,62,-151,155,0,-25,-56,-91,36,46,9,10,5,3
4,13,-89,-4,-38,84,44,-144,161,21,16,-67,-86,40,52,9,10,5,3
22,8,-19,-7,-28,83,26,-128,161,23,19,-64,-82,43,60,9,10,5,3
21,5,-15,-9,-18,81,112,-247,75,32,28,-60,-36,-3,50,9,10,5,3
19,5,-13,-10,-7,81,118,-293,61,45,38,-53,-46,0,46,9,10,5,3
18,7,-14,113,-19,67,125,-302,25,-15,56,-71,-58,3,43,9,10,5,3
40,86,-119,117,-31,67,109,-286,-15,-23,58,-65,-71,7,40,9,10,5,3
19,94,-94,119,-41,67,-358,51,94,-30,64,-60,-23,20,-33,9,10,5,3
-13,102,-60,119,-46,67,-360,-125,118,-35,73,-52,-65,23,-38,9,10,5,3
-47,98,-35,26,-15,79,-311,-223,135,-152,-92,-31,-90,28,-34,9,10,5,3
-77,-44,-10,13,-17,71,-241,-246,182,-104,-91,-39,-103,35,-21,9,10,5,3
-81,-49,-6,0,-16,61,-148,-63,87,-59,-74,-44,137,43,0,9,10,5,3
-84,-56,-1,-14,-15,53,28,-25,77,-22,-57,-53,132,49,-5,9,10,5,3
-85,-64,2,-76,25,19,32,-23,80,-286,78,222,129,50,-10,9,10,5,3
-3,2,-41,49,-80,86,36,-21,78,-275,136,143,130,43,-12,9,10,5,3
13,15,-65,56,-95,65,35,-16,76,-238,170,50,-38,-8,63,9,10,5,3
23,30,-86,56,-101,47,12,3,85,-200,156,-16,-43,-9,64,9,10,5,3
28,41,-102,54,-99,34,5,-13,80,11,-13,-28,-45,-8,63,9,10,5,3
44,4,-21,36,22,75,4,-13,80,29,-4,-42,-46,-7,62,9,10,5,3
42,-3,-22,40,10,77,1,-14,79,42,0,-51,-24,6,55,9,10,5,3
38,-10,-25,43,0,77,2,-14,81,47,3,-55,-23,1,54,9,10,5,3
34,-13,-30,42,-3,76,-43,-2,95,-2,9,-68,-25,-2,51,9,10,5,3
-16,-6,-59,-5,13,45,-45,-2,93,-1,6,-70,-30,0,47,9,10,5,3
-16,-8,-60,-7,6,46,-44,-3,93,-2,4,-72,-29,15,43,9,10,5,3
-13,-11,-60,-9,2,44,-43,-4,93,-3,3,-71,-28,16,42,9,10,5,3
-9,6,-45,-15,7,46,20,4,107,-2,21,-68,-12,29,44,9,10,5,3
