-9,-3,-33,-10,-4,48,-2,-5,81,1,0,-69,19,-30,43,9,10,5,3
-9,-3,-33,0,-4,45,-2,-6,82,-1,-6,-60,18,-31,46,9,10,5,3
-113,-8,9,4,-6,46,-3,-5,82,0,-8,-57,17,-36,47,9,10,5,3
-117,-12,19,14,-10,49,-3,-6,82,1,-10,-57,17,-42,51,9,10,5,3
-118,-18,26,31,-9,56,-29,-5,76,4,-11,-58,16,-48,56,9,10,5,3
-119,-21,32,-147,-89,-21,-33,-12,73,-3,-1,-89,5,-65,58,9,10,5,3
595,0,-63,-255,-251,40,-33,-13,55,-2,-3,-87,0,-68,66,9,10,5,3
597,26,-64,-255,-242,66,-30,-7,42,0,-9,-69,-7,-66,70,9,10,5,3
579,53,-43,-257,-219,95,215,-286,317,0,-9,-54,-16,-60,69,9,10,5,3
547,81,-12,-258,-184,124,195,-283,310,-33,-13,-62,67,-21,15,9,10,5,3
-327,-241,-171,399,201,-302,180,-287,297,-40,-24,-62,88,-26,21,9,10,5,3
-330,-189,-200,-133,65,-123,-217,159,-82,-54,-34,-66,109,-32,33,9,10,5,3
-257,-119,-203,-181,101,-126,-186,184,-64,-65,-46,-70,125,-38,47,9,10,5,3
-178,-60,-209,-193,95,-134,-152,217,-53,28,18,-31,-146,-181,240,9,10,5,3
103,98,-80,20,-117,-89,-110,-5,88,41,22,-23,-162,-177,232,9,10,5,3
81,77,-90,55,-132,-99,-193,-20,44,59,5,-26,-152,-159,206,9,10,5,3
53,52,-95,98,-142,-112,-266,-26,1,-41,-58,-55,84,-31,-7,9,10,5,3
205,-48,21,-178,78,337,155,-83,395,-36,-67,-60,100,-43,-19,9,10,5,3
218,-8,30,-173,64,310,156,100,586,-23,-80,-72,125,-55,-29,9,10,5,3
224,34,47,-167,44,272,176,322,775,-49,-57,-91,-38,29,39,9,10,5,3
214,76,70,-153,23,232,189,495,782,-58,-50,-87,-37,7,46,9,10,5,3
-57,-9,-70,-30,-51,-52,13,-251,135,-60,-40,-82,-32,-1,52,9,10,5,3
-65,-12,-79,-36,-70,-38,33,-278,122,205,126,-78,-129,-55,88,9,10,5,3
-73,-15,-87,-52,-85,-17,58,-335,8,186,170,-61,-173,-134,162,9,10,5,3
-195,-117,-72,-90,-15,-82,-142,-75,51,143,218,-38,-217,-218,241,9,10,5,3
-169,-141,-44,-79,20,-80,-174,-120,-25,-27,64,-40,2,31,27,9,10,5,3
-139,-151,-15,-71,52,-83,-195,-173,-87,-9,63,-39,11,36,16,9,10,5,3
-106,-146,13,-67,76,-78,-213,-218,-137,7,51,-36,21,41,0,9,10,5,3
121,81,62,66,-22,103,286,174,388,20,26,-39,30,50,-15,9,10,5,3
135,95,36,58,-31,119,298,219,426,19,-36,-71,133,-64,33,9,10,5,3
140,95,9,56,-43,128,295,246,444,26,-39,-84,139,-65,24,9,10,5,3
86,-38,12,61,-74,14,-113,114,51,37,-46,-94,138,-66,16,9,10,5,3
76,-33,5,49,-73,9,-106,127,37,43,-62,-104,132,-68,11,9,10,5,3
65,-30,-2,39,-72,3,-104,134,22,2,4,-67,46,-156,170,9,10,5,3
76,85,13,67,-71,68,423,161,266,119,53,-72,12,-172,213,9,10,5,3
61,83,-32,43,-81,47,322,137,244,107,51,-82,-25,-179,246,9,10,5,3
42,74,-74,25,-87,31,219,113,215,90,50,-81,91,-27,70,9,10,5,3
22,60,-112,16,-85,21,111,86,177,68,52,-68,95,-31,72,9,10,5,3
-63,7,-73,-8,55,-42,-279,-88,-151,65,-60,-64,94,-34,74,9,10,5,3
-59,5,-74,-6,62,-37,-242,-72,-112,77,-65,-71,87,-36,72,9,10,5,3
-53,4,-71,-5,68,-26,-187,-57,-43,83,-50,-80,-154,-66,163,9,10,5,3
-48,3,-61,-4,74,-12,-120,-29,38,74,-13,-89,-123,-46,134,9,10,5,3
17,23,10,-85,-3,-101,-256,-375,-201,-112,-33,-69,-82,-22,99,9,10,5,3
4,11,30,-82,4,-93,-119,-435,-347,-2,-135,-84,-52,52,-51,9,10,5,3
-11,-1,49,-79,11,-82,22,-385,-180,6,-105,-88,-42,52,-30,9,10,5,3
-293,6,-150,-63,-139,-52,288,90,-23,20,-54,-76,-55,50,-4,9,10,5,3
-292,-11,-180,-85,-148,-58,435,299,529,66,-17,-64,-74,10,11,9,10,5,3
-286,-33,-194,-109,-145,-58,-156,-136,8,-26,78,-69,-10,91,41,9,10,5,3
-277,-57,-190,-130,-132,-56,-167,-134,1,-41,85,-76,-3,101,28,9,10,5,3
-95,-26,117,-173,220,-163,-169,-127,-10,-56,93,-64,4,115,15,9,10,5,3
-72,-1,136,-101,252,-127,-172,-116,-24,-74,91,-39,18,120,1,9,10,5,3
-43,33,143,-18,274,-82,-163,51,23,19,-31,-77,153,-92,85,9,10,5,3
-12,71,137,56,273,-33,-204,26,2,24,-52,-87,140,-94,89,9,10,5,3
50,-104,-40,81,-85,-36,-222,21,-33,23,-79,-88,132,-93,90,9,10,5,3
45,-101,-50,91,-86,-32,-213,55,-42,17,-103,-95,130,-95,87,9,10,5,3
45,-99,-57,102,-86,-23,656,179,525,109,-4,-42,157,-249,-37,9,10,5,3
49,-98,-59,114,-84,-8,555,177,522,49,-24,-33,161,-239,-21,9,10,5,3
193,-127,176,-14,-1,25,397,205,435,0,-31,-42,163,-224,-2,9,10,5,3
161,-97,143,-36,-6,1,252,200,330,-42,-20,-52,158,-207,11,9,10,5,3
127,-66,107,-52,-10,-19,-272,201,-43,-61,-155,-93,130,14,-33,9,10,5,3
89,-38,73,-64,-8,-36,-310,104,-67,-34,-145,-90,152,18,-42,9,10,5,3
-82,304,-29,36,147,-11,-292,-5,-114,-6,-121,-85,171,19,-48,9,10,5,3
-135,281,-73,33,128,-17,-137,10,-257,19,-85,-80,190,24,-44,9,10,5,3
-182,244,-112,26,109,-14,-284,-419,-141,-80,-54,-93,-158,80,-7,9,10,5,3
3535,-938,-1627,11,93,-5,-251,-455,-126,-96,-59,-90,-161,86,-13,9,10,5,3
-328,-58,40,-115,-83,67,-200,-449,-145,-120,-66,-81,-153,73,-27,9,10,5,3
-353,-58,65,-104,-77,59,-140,-426,-137,-125,-79,-85,-149,61,-42,9,10,5,3
-375,-52,82,-90,-75,55,-36,79,44,27,-43,-64,14,58,80,9,10,5,3
-398,-40,84,-77,-81,57,-34,71,36,30,-54,-74,6,58,89,9,10,5,3
62,137,-159,47,41,18,-28,53,46,24,-55,-78,-5,58,85,9,10,5,3
61,126,-156,30,40,5,-16,19,53,9,-57,-83,-17,64,78,9,10,5,3
56,111,-145,15,40,-8,53,-24,294,127,32,-47,46,-7,133,9,10,5,3
109,52,-107,163,-23,45,49,-37,277,118,63,-34,64,-26,131,9,10,5,3
245,-127,-26,190,-104,29,39,-27,254,118,99,-28,88,-37,124,9,10,5,3
248,-144,-21,184,-113,22,-18,85,47,-5,34,-67,120,-135,39,9,10,5,3
245,-159,-18,177,-121,16,-7,85,61,-2,57,-61,121,-136,38,9,10,5,3
130,72,187,211,-99,62,-20,92,48,2,65,-55,120,-140,31,9,10,5,3
125,102,153,209,-104,40,-32,109,29,8,56,-54,122,-142,23,9,10,5,3
119,127,99,201,-107,15,-389,109,15,-174,46,-70,69,23,50,9,10,5,3
32,-38,112,-131,53,4,-461,79,-51,-173,53,-66,59,35,56,9,10,5,3
18,-29,82,-141,55,3,-527,38,-111,-157,59,-65,52,48,57,9,10,5,3
3,-26,53,-145,57,3,61,-523,221,116,-19,-65,-59,-44,174,9,10,5,3
-11,-28,26,-145,60,2,95,-278,489,153,-7,-18,-101,-77,209,9,10,5,3
-235,-50,-192,-97,111,-178,158,-44,636,197,-2,17,-138,-105,236,9,10,5,3
-221,-89,-145,-113,113,-161,214,203,628,227,18,16,-165,-121,245,9,10,5,3
-199,-122,-87,-130,109,-133,-175,-401,-67,-65,-57,-91,-109,3,20,9,10,5,3
-169,-146,-20,-146,102,-99,-147,-392,-82,-48,-76,-84,-104,4,6,9,10,5,3
-158,26,86,-56,43,64,-109,-382,-69,-20,-88,-80,-97,13,-9,9,10,5,3
-177,38,94,-49,38,66,-33,-364,-50,7,-90,-77,-86,27,-27,9,10,5,3
-200,45,88,-38,28,64,9,-98,14,-27,-2,-94,-24,15,50,9,10,5,3
-222,46,70,-27,15,54,25,-138,2,-21,31,-97,-38,3,62,9,10,5,3
-55,106,-123,4,41,46,45,-165,8,-18,52,-97,-58,-1,72,9,10,5,3
-46,96,-114,-4,48,29,41,-172,12,-23,70,-97,-78,-2,76,9,10,5,3
-34,85,-102,-14,53,10,-58,220,183,78,66,-51,-3,78,47,9,10,5,3
-21,71,-87,-28,56,-8,8,234,196,85,43,-55,2,66,53,9,10,5,3
177,27,-41,209,-38,75,48,222,198,85,16,-61,18,47,57,9,10,5,3
180,9,-24,210,-63,74,79,189,198,74,-6,-72,43,30,59,9,10,5,3
183,-9,-11,204,-85,71,-72,84,17,16,-1,-84,131,-148,23,9,10,5,3
187,-29,-3,191,-105,70,-76,96,8,-1,-12,-88,126,-156,21,9,10,5,3
102,-4,104,124,-108,72,-94,133,-26,-24,-18,-86,125,-155,19,9,10,5,3
97,28,124,118,-112,66,-133,180,-76,-46,-17,-80,126,-157,14,9,10,5,3
87,56,128,109,-113,54,-164,371,79,-126,37,-45,127,-105,6,9,10,5,3
76,79,112,99,-113,37,-249,358,17,-133,23,-43,127,-93,22,9,10,5,3
72,-18,20,-68,-9,8,-320,324,-35,-137,-8,-53,123,-80,36,9,10,5,3
53,0,8,-53,-9,11,-389,270,-81,-133,-32,-67,115,-61,51,9,10,5,3
33,12,-3,-34,-7,12,465,-26,375,58,239,-31,116,44,66,9,10,5,3
18,20,-14,-13,-2,12,373,-212,253,107,197,-28,77,35,91,9,10,5,3
-225,63,-73,-141,106,2,271,-357,186,130,151,-15,42,27,117,9,10,5,3
-209,40,-52,-144,91,3,277,-359,303,139,74,-22,10,19,133,9,10,5,3
-191,18,-26,-148,74,2,0,-304,2,-75,-39,-65,-127,17,0,9,10,5,3
-174,2,0,-156,58,0,47,-287,74,-85,-14,-69,-121,12,-4,9,10,5,3
-206,-103,54,-121,-68,52,101,-263,167,-67,5,-78,-121,12,-10,9,10,5,3
-212,-86,56,-112,-64,62,129,-255,224,-40,16,-72,-122,11,-21,9,10,5,3
-217,-70,46,-95,-70,67,1,-127,41,4,-88,-95,-3,29,65,9,10,5,3
-222,-57,24,-74,-79,66,0,-118,41,25,-104,-89,-5,23,71,9,10,5,3
67,103,-56,79,38,0,-11,-118,45,44,-135,-80,-12,26,76,9,10,5,3
66,94,-62,62,27,-12,-14,-124,38,59,-153,-69,-16,31,77,9,10,5,3
61,80,-63,41,19,-25,54,69,329,-45,-23,-72,48,17,87,9,10,5,3
52,63,-57,15,11,-35,99,5,317,-6,-38,-71,57,11,89,9,10,5,3
1870,-3755,2428,148,16,76,131,-30,291,19,-60,-76,63,12,87,9,10,5,3
231,-84,-4,149,0,89,141,-38,260,34,-81,-84,70,13,80,9,10,5,3
229,-88,-13,146,-19,97,-167,156,-74,-76,-116,-65,202,-164,-3,9,10,5,3
221,-93,-21,144,-37,99,-156,304,-93,219,-177,-84,192,-180,3,9,10,5,3
209,-98,-29,289,-128,10,-38,488,-6,260,-191,-93,162,-195,21,9,10,5,3
160,86,-111,304,-139,33,183,568,258,279,-188,-97,120,-206,44,9,10,5,3
138,65,-94,310,-147,49,-407,-182,-113,282,-170,-96,95,19,54,9,10,5,3
115,43,-72,307,-154,56,-414,-239,-173,-54,95,-64,83,35,58,9,10,5,3
92,20,-45,-12,42,-4,-407,-260,-217,-72,106,-63,72,48,59,9,10,5,3
10,85,-34,-8,57,1,-384,-213,-229,-92,103,-60,60,57,57,9,10,5,3
11,105,-38,-8,77,12,-234,-71,87,-115,87,-57,-12,73,51,9,10,5,3
7,122,-43,-8,104,26,-266,-102,26,-50,-13,-40,-7,78,51,9,10,5,3
-2,131,-51,-124,1,-23,-300,-135,-18,-29,-10,-43,-9,81,56,9,10,5,3
-62,-25,-88,-120,2,-21,-324,-170,-52,-3,-16,-60,-20,79,62,9,10,5,3
-42,-3,-136,-113,5,-17,354,-403,73,9,-17,-72,-36,-66,50,9,10,5,3
-74,5,-113,-105,11,-14,209,-326,254,202,492,43,-52,-127,97,9,10,5,3
-116,12,-80,-176,-93,-64,218,-352,213,209,418,5,-69,-190,146,9,10,5,3
-159,18,-42,-191,-67,-70,208,-378,185,198,312,-37,-96,-250,183,9,10,5,3
-47,7,13,-201,-42,-76,180,-391,168,159,197,-45,-1,113,52,9,10,5,3
-45,19,-9,-206,-19,-78,-201,-143,57,-99,-11,-85,6,106,61,9,10,5,3
-33,34,-28,-59,21,-93,-217,-132,55,-95,-28,-85,8,101,70,9,10,5,3
-16,49,-45,-123,54,-58,-235,-118,45,-87,-33,-79,11,88,78,9,10,5,3
34,87,-68,-120,65,-56,-257,-103,24,-78,-26,-74,187,-59,55,9,10,5,3
46,81,-86,-112,79,-55,-68,167,35,-8,-57,-83,201,-70,49,9,10,5,3
59,71,-102,-97,98,-55,-63,162,30,-15,-54,-80,211,-80,44,9,10,5,3
-1641,3434,1421,79,-118,5,-50,158,38,-15,-41,-74,135,-145,15,9,10,5,3
65,-61,66,73,-113,2,2395,-902,3288,-11,-22,-70,139,-158,10,9,10,5,3
76,-41,75,69,-105,3,571,193,368,84,1,-56,134,-173,10,9,10,5,3
87,-17,73,70,-94,13,492,149,371,67,23,-47,124,-185,16,9,10,5,3
94,7,56,39,-27,34,417,84,367,54,41,-45,75,-17,18,9,10,5,3
34,-24,-5,17,24,-41,313,73,338,47,42,-51,73,-13,16,9,10,5,3
31,-21,-12,15,29,-37,-227,183,7,-35,-51,-71,73,-9,15,9,10,5,3
32,-14,-17,12,35,-32,-231,125,16,-48,-74,-76,76,-4,14,9,10,5,3
34,-3,-19,8,42,-28,-227,49,14,-35,-88,-72,21,-44,315,9,10,5,3
-135,212,-5,-59,132,51,-190,-49,32,-20,-93,-66,-40,-82,346,9,10,5,3
-134,186,-49,-74,124,27,-331,-526,-317,-235,13,-83,-91,-102,354,9,10,5,3
-131,154,-86,-85,115,6,-354,-493,-301,-200,43,-109,-120,-99,336,9,10,5,3
-129,120,-118,-93,108,-12,-372,-454,-272,-195,61,-86,-95,10,-63,9,10,5,3
-133,-60,-107,-68,-46,53,-371,-414,-239,-166,68,-82,-90,6,-71,9,10,5,3
-163,-56,-44,-67,-47,101,55,-271,304,28,448,171,-94,2,-84,9,10,5,3
-197,-55,45,-65,-44,150,56,-304,238,38,393,122,-108,0,-100,9,10,5,3
-232,-60,144,-62,-41,194,59,-334,178,45,323,42,-69,52,37,9,10,5,3
10,77,-13,25,45,122,-53,-194,46,-53,8,-71,-79,60,34,9,10,5,3
17,96,-37,19,46,123,-58,-193,38,-39,14,-82,-80,67,32,9,10,5,3
29,116,-57,15,50,114,-63,-190,32,-27,11,-83,57,54,15,9,10,5,3
42,135,-72,9,55,101,-73,-185,25,-21,4,-75,66,16,70,9,10,5,3
45,8,-58,111,85,56,12,163,47,26,41,-70,95,17,61,9,10,5,3
90,8,-48,134,72,72,-3,114,31,37,30,-73,122,18,55,9,10,5,3
135,7,-33,154,55,82,-21,59,28,51,6,-79,146,20,47,9,10,5,3
176,5,-20,171,39,87,-43,10,23,52,-37,-86,140,-27,-24,9,10,5,3
20,-30,74,59,-34,85,613,793,313,98,-158,-58,144,-31,-29,9,10,5,3
30,7,101,68,-46,79,575,563,280,174,-127,-62,149,-38,-21,9,10,5,3
37,49,117,81,-53,70,499,334,210,243,-92,-68,147,-63,-4,9,10,5,3
40,86,117,96,-58,58,433,155,172,290,-59,-77,76,10,59,9,10,5,3
80,-46,83,-87,0,-7,-324,176,-152,37,36,-67,66,19,56,9,10,5,3
63,-30,53,-82,-5,-17,-323,173,-146,44,34,-71,58,29,53,9,10,5,3
42,-20,23,-72,-9,-27,-328,170,-148,40,32,-68,52,35,50,9,10,5,3
3547,1384,3215,-60,-9,-35,-343,163,-154,30,32,-68,-97,42,72,9,10,5,3
-102,-31,-29,-130,23,-53,-325,-96,0,-34,-10,-71,-91,48,66,9,10,5,3
-97,-52,-22,-134,43,-66,-299,-133,-2,-18,-32,-79,-81,47,59,9,10,5,3
-90,-71,-17,-136,60,-77,-274,-149,-2,-8,-58,-64,-70,42,58,9,10,5,3
-82,-86,-14,-136,72,-84,-240,-180,16,3,-86,-59,-7,1,54,9,10,5,3
-405,-77,140,-100,-41,78,226,-361,215,135,270,59,-25,-55,121,9,10,5,3
-149,-207,-33,-97,-68,62,213,-368,169,110,225,45,-46,-126,189,9,10,5,3
-98,-187,-23,-93,-91,44,183,-367,128,80,191,14,-117,-13,85,9,10,5,3
-51,-162,-12,-90,-110,21,120,-339,100,57,166,-25,-6,56,80,9,10,5,3
-11,-132,-2,11,64,-16,-12,-53,33,-20,-204,-98,0,52,84,9,10,5,3
10,8,-84,10,67,-43,-164,-253,-114,-69,-170,-96,3,50,87,9,10,5,3
-2,9,-83,8,71,-67,-171,-251,-111,-112,-107,-108,10,40,82,9,10,5,3
-11,10,-81,7,76,-87,-179,-247,-111,-139,-44,-116,-122,-69,174,9,10,5,3
-17,11,-79,-110,102,-19,-209,-241,-118,178,122,-63,-114,-51,157,9,10,5,3
152,42,-78,-92,86,-21,-173,49,14,137,89,-63,-94,-22,131,9,10,5,3
171,24,-68,-74,69,-22,-188,35,6,102,51,-63,-68,7,99,9,10,5,3
184,11,-57,-56,60,-18,-192,36,-9,73,19,-65,138,-74,34,9,10,5,3
194,-4,-45,83,-53,3,-192,52,-14,-151,-151,-38,142,-211,130,9,10,5,3
26,109,-37,103,-42,12,441,121,232,-153,-160,-37,95,-222,171,9,10,5,3
8,104,-85,122,-35,26,453,121,261,-146,-155,-36,38,-220,197,9,10,5,3
-6,91,-130,99,-38,25,421,129,231,46,94,-38,-1389,3162,201,9,10,5,3
-17,73,-166,-37,-14,-38,366,129,185,63,73,-42,110,-4,-1,9,10,5,3
30,-19,-62,-49,-7,-37,-135,74,41,72,55,-46,109,-5,0,9,10,5,3
118,54,15,-54,0,-33,29,131,207,75,38,-51,105,-8,8,9,10,5,3
119,60,0,-53,10,-28,208,198,380,-8,50,-16,100,-13,19,9,10,5,3
117,69,-14,-134,54,-85,289,210,387,-30,53,-26,-32,52,31,9,10,5,3
114,82,-22,-143,61,-95,-111,-105,117,-49,51,-43,-33,48,32,9,10,5,3
42,56,-28,-153,66,-102,-84,-120,108,-64,50,-54,-29,43,36,9,10,5,3
43,58,-41,-159,69,-104,-63,-122,102,-148,-17,-63,-21,39,39,9,10,5,3
44,54,-56,-76,54,23,-48,-112,95,-139,-4,-24,-77,-175,72,9,10,5,3
41,50,-70,-72,41,24,-161,-210,41,-72,-10,-26,-67,-164,57,9,10,5,3
-263,-85,-5,-65,28,25,-170,-169,67,-36,-13,-35,-58,-148,42,9,10,5,3
-242,-70,4,-55,19,24,-164,-149,83,112,64,-37,-48,-132,25,9,10,5,3
-224,-55,16,-109,-7,20,-142,-140,88,71,17,-59,-58,71,68,9,10,5,3
-212,-39,23,-103,8,31,84,44,198,26,-19,-73,-67,62,88,9,10,5,3
128,59,-104,-94,20,43,88,58,172,-18,-31,-85,-72,55,100,9,10,5,3
133,60,-119,-84,25,54,83,73,145,-55,19,-61,-73,52,107,9,10,5,3
139,56,-128,-103,-65,34,90,82,93,-58,38,-57,-15,46,48,9,10,5,3
146,53,-130,-124,-66,33,-48,-218,194,-53,47,-63,-42,26,88,9,10,5,3
-102,143,-209,-141,-63,32,-105,-243,148,-45,46,-62,-80,4,133,9,10,5,3
-53,111,-217,-153,-56,31,-138,-200,120,0,14,-65,-117,-25,173,9,10,5,3
-6,72,-205,91,-137,55,-144,-110,98,21,0,-72,184,-103,49,9,10,5,3
52,35,-197,65,-133,52,126,201,-22,41,-15,-78,177,-103,48,9,10,5,3
58,-133,-38,40,-125,54,151,203,7,54,-27,-82,168,-105,49,9,10,5,3
61,-134,0,20,-112,59,182,208,36,-147,3004,3061,159,-106,50,9,10,5,3
69,-129,46,88,-180,99,93,265,-60,165,63,-55,12,-149,-3,9,10,5,3
82,-114,93,83,-169,74,92,230,251,155,43,-67,24,-140,-23,9,10,5,3
-51,-80,55,82,-155,44,-16,229,210,133,27,-82,36,-132,-37,9,10,5,3
-36,-90,59,85,-139,12,-98,222,172,105,18,-91,46,-125,-45,9,10,5,3
-11,-96,59,10,35,-6,-176,208,142,-11,39,-64,34,59,39,9,10,5,3
19,-97,54,3,44,-10,98,247,349,-39,33,-53,26,58,39,9,10,5,3
-40,79,106,-5,50,-10,117,186,394,-68,25,-44,25,49,38,9,10,5,3
-39,72,85,-15,53,-9,188,108,404,-80,24,-41,28,38,36,9,10,5,3
-36,67,54,-60,72,-95,224,-6,381,-125,-139,-104,-63,59,30,9,10,5,3
901,1552,-404,-70,80,-107,-149,-220,-74,-102,-108,-91,-60,59,25,9,10,5,3
54,78,-74,-81,87,-115,-126,-211,-70,-69,-79,-86,-59,61,22,9,10,5,3
54,87,-82,-92,93,-119,-118,-209,-67,-48,-51,-87,-57,64,21,9,10,5,3
51,94,-85,-66,15,-23,-112,-199,-46,82,216,13,-70,-130,-12,9,10,5,3
39,104,-81,-63,0,-15,152,-131,200,74,152,0,-67,-128,-22,9,10,5,3
-161,-58,-39,-59,-11,-7,43,-26,88,53,90,-23,-64,-131,-28,9,10,5,3
77,119,-12,14,116,123,31,8,95,-12,-17,-40,-1,75,112,9,10,5,3
102,131,-4,25,124,117,33,24,93,3,-29,-51,0,73,106,9,10,5,3
122,136,2,36,128,106,-151,-32,15,11,-37,-50,6,69,98,9,10,5,3
138,132,9,47,128,93,-180,-58,-11,9,-36,-51,12,70,90,9,10,5,3
-193,94,72,-207,-29,-43,-237,-103,-58,114,-31,-89,-63,24,63,9,10,5,3
-202,111,37,-202,1,-50,-299,-166,-94,107,-32,-90,-29,46,42,9,10,5,3
-208,123,1,-189,37,-52,-61,143,76,104,-8,-86,3,65,25,9,10,5,3
-209,129,-31,-167,70,-48,-75,133,55,104,18,-88,35,81,14,9,10,5,3
107,-81,-33,82,-117,50,-87,130,35,-50,-54,-51,142,-129,81,9,10,5,3
113,-84,-22,89,-115,49,-91,131,16,-41,-62,-53,123,-132,86,9,10,5,3
121,-85,-9,100,-110,47,439,38,286,-29,-67,-55,106,-131,90,9,10,5,3
130,-88,6,113,-104,47,413,47,310,-12,-75,-58,89,-129,92,9,10,5,3
82,-61,28,69,-69,36,400,67,331,5,-17,-57,117,-30,46,9,10,5,3
77,-70,49,58,-57,39,397,96,335,2,-30,-63,105,-21,52,9,10,5,3
74,-81,69,48,-44,44,-218,0,-33,-5,-31,-69,92,-11,59,9,10,5,3
-920,775,-3684,41,-31,49,-269,-31,-71,-15,-20,-71,80,0,66,9,10,5,3
-34,259,73,-25,209,92,-326,-104,-123,212,274,37,-146,-49,269,9,10,5,3
-88,255,66,-65,202,118,-3538,1621,2515,238,211,51,-149,-55,242,9,10,5,3
-139,254,64,-106,187,145,-404,-189,-100,260,147,41,-146,-38,210,9,10,5,3
-184,249,63,-139,158,161,-382,-178,-95,273,109,12,-133,-10,169,9,10,5,3
-64,0,-30,-90,30,19,-356,-171,-84,-109,-75,-55,-124,23,-41,9,10,5,3
-68,-9,-38,-101,16,12,-328,-179,-73,-90,-64,-70,-113,38,-66,9,10,5,3
-72,-19,-47,-111,5,6,7,-314,136,-80,-39,-102,-96,42,-86,9,10,5,3
-89,-119,15,-122,-37,-130,0,-324,129,54,-5,-52,-36,22,19,9,10,5,3
-43,-104,29,-145,-21,-147,-24,-324,123,18,-16,-53,-28,28,45,9,10,5,3
1,-88,43,-161,-5,-155,1236,2858,-1023,-13,-18,-48,-31,21,65,9,10,5,3
39,-70,57,-171,13,-152,-60,-121,65,-41,-16,-44,-38,7,76,9,10,5,3
34,8,-46,-33,78,-36,-78,-131,62,163,-114,-73,0,70,63,9,10,5,3
25,1,-47,-101,27,-25,-104,-123,68,113,-165,-62,7,68,62,9,10,5,3
16,-5,-47,-120,28,-28,-122,-111,76,57,-177,-55,23,67,62,9,10,5,3
5,-9,-46,-144,29,-26,187,135,95,3,-157,-52,40,68,60,9,10,5,3
337,31,-26,-169,32,-18,-134,-5,59,-175,-68,-64,199,-10,114,9,10,5,3
327,0,-9,90,-56,32,-161,-15,43,-170,-52,-52,194,-16,112,9,10,5,3
310,-27,2,68,-63,20,-173,-19,31,-147,-35,-47,189,-26,105,9,10,5,3
289,-51,9,48,-69,9,-174,-14,20,-106,-25,-48,183,-28,100,9,10,5,3
50,51,-48,31,-74,0,163,52,63,186,-11,-81,114,-175,-31,9,10,5,3
65,47,-72,277,-190,32,177,70,83,151,-13,-70,112,-181,-10,9,10,5,3
85,48,-92,209,-49,-46,197,88,97,112,-24,-63,105,-191,9,9,10,5,3
108,52,-104,178,-36,-41,222,112,103,78,-36,-60,94,-198,27,9,10,5,3
40,-42,68,146,-27,-34,-258,186,-24,-10,26,-82,14,77,43,9,10,5,3
28,-28,50,113,-20,-23,-242,168,-28,-34,9,-81,20,76,38,9,10,5,3
13,-18,28,-50,69,52,-240,127,-19,-53,-1,-78,28,72,36,9,10,5,3
-3,-11,6,-43,70,66,-240,103,-4,-68,-6,-64,36,69,36,9,10,5,3
-119,162,-153,-32,74,82,-131,-31,227,15,151,-54,52,88,-23,9,10,5,3
-140,132,-175,-23,82,100,-204,-78,161,-19,154,-49,40,111,-33,9,10,5,3
-154,98,-187,-98,-12,-18,-273,-119,74,-51,136,-50,28,116,-34,9,10,5,3
-3473,-2270,659,-78,-7,-14,-333,-147,14,-71,94,-63,5,118,-22,9,10,5,3
-67,0,-45,-59,0,-8,459,-555,1,-43,-28,-88,-85,-153,115,9,10,5,3
-89,-10,-25,-45,8,0,416,-543,211,25,166,-42,-91,-183,117,9,10,5,3
-112,-25,-15,-103,20,-101,403,-410,338,18,154,-45,-98,-205,112,9,10,5,3
-139,-40,-7,-115,39,-101,380,-236,359,3,135,-49,-100,-217,97,9,10,5,3
-206,25,-16,-121,56,-98,71,-208,85,-15,107,-55,-68,0,39,9,10,5,3
-186,26,-29,-122,68,-93,76,-183,73,-139,-13,-50,-62,20,43,9,10,5,3
-158,27,-42,-2,33,-13,86,-147,73,-142,-17,-53,-47,39,51,9,10,5,3
-124,30,-54,-2,28,-26,96,-99,79,-137,-26,-57,-35,56,60,9,10,5,3
45,-11,-15,-2,22,-33,-276,-217,-183,-128,-39,-63,45,54,79,9,10,5,3
49,-10,-15,-3,15,-38,-304,-191,-167,20,24,-55,47,61,69,9,10,5,3
54,-9,-15,24,39,-50,-340,-190,-100,33,29,-59,53,64,61,9,10,5,3
58,-11,-17,33,29,-39,-346,-205,-18,51,30,-61,57,63,58,9,10,5,3
119,-37,-42,39,16,-27,-105,276,-43,66,26,-64,248,5,65,9,10,5,3
124,-57,-21,68,-20,27,-130,324,-61,93,-70,-87,251,6,61,9,10,5,3
129,-75,0,61,-32,21,-166,359,-83,73,-66,-83,247,7,58,9,10,5,3
133,-91,20,54,-44,14,-185,355,-92,50,-54,-81,238,6,60,9,10,5,3
6,11,-3,49,-53,8,130,5,143,29,-44,-76,49,-131,42,9,10,5,3
29,15,11,172,-151,32,92,9,115,33,-63,-63,49,-131,34,9,10,5,3
57,23,22,224,-68,47,51,17,90,47,-51,-63,52,-130,28,9,10,5,3
85,31,28,211,-70,51,18,36,69,70,-33,-58,55,-130,21,9,10,5,3
-64,-74,63,189,-76,51,-424,-17,29,91,-22,-52,71,91,60,9,10,5,3
-58,-91,102,164,-82,48,-443,2,-14,-50,-33,-93,58,95,60,9,10,5,3
-45,-107,134,-40,88,7,-442,50,-48,-60,-31,-90,42,97,61,9,10,5,3
-25,-117,156,-22,103,19,-426,127,-72,-74,-27,-82,30,96,60,9,10,5,3
-164,171,16,-7,115,28,94,503,342,-91,-22,-72,-75,-23,85,9,10,5,3
-183,153,-12,3,126,32,10,425,330,-238,-8,-63,-56,11,57,9,10,5,3
-198,136,-46,-148,1,-50,-82,347,297,-243,-12,-67,-35,40,30,9,10,5,3
-205,117,-80,-145,-25,-35,-182,247,229,-242,-12,-81,-26,66,9,9,10,5,3
46,30,-108,-140,-49,-26,305,-443,-81,-219,-35,-89,-112,51,10,9,10,5,3
42,39,-100,-135,-65,-21,352,-379,-85,-181,118,-27,-113,47,-7,9,10,5,3
38,47,-88,-26,-23,-18,384,-285,-63,-180,151,-19,-114,43,-24,9,10,5,3
34,51,-77,-27,-32,-31,423,-79,87,-169,176,-18,-105,39,-28,9,10,5,3
-264,-94,-3,-32,-36,-40,152,-258,153,-152,188,-28,-12,-159,34,9,10,5,3
-276,-84,-5,-52,-37,47,169,-287,175,-14,36,-67,-26,-151,44,9,10,5,3
-290,-74,-10,-79,-21,36,171,-319,184,-22,21,-82,-45,-141,59,9,10,5,3
-294,-71,-8,-100,1,30,147,-337,181,-39,8,-90,-58,-131,75,9,10,5,3
56,50,-94,-112,28,30,-179,95,30,-53,-14,-79,18,84,61,9,10,5,3
50,44,-85,-87,8,-11,-194,103,54,-92,-47,-53,54,46,76,9,10,5,3
43,36,-71,-94,13,-5,-184,119,86,-100,-42,-61,59,43,78,9,10,5,3
32,28,-56,-96,19,-2,-191,118,79,-91,-34,-55,53,33,82,9,10,5,3
182,12,20,-91,25,-2,-129,72,46,-68,-21,-43,40,14,87,9,10,5,3
193,-9,44,100,-83,87,-130,49,33,21,-1,-72,168,-14,45,9,10,5,3
199,-32,58,89,-93,84,-122,45,26,33,16,-71,167,-18,43,9,10,5,3
44,-27,90,80,-102,79,474,419,-29,43,32,-71,164,-21,43,9,10,5,3
77,85,-142,175,-128,13,322,339,-57,58,-59,-68,116,-148,34,9,10,5,3
78,78,-146,187,-129,27,182,234,-1,19,-72,-65,110,-142,44,9,10,5,3
79,70,-142,195,-129,41,93,183,25,-6,-65,-68,104,-133,46,9,10,5,3
84,62,-130,201,-129,55,-267,190,13,-20,-46,-66,101,-118,42,9,10,5,3
39,-28,-58,30,37,50,-263,109,36,15,-117,-108,110,57,28,9,10,5,3
57,-27,-61,37,49,52,-265,39,26,13,-131,-125,136,60,34,9,10,5,3
74,-23,-70,43,64,51,-320,13,-17,3,-116,-113,149,60,55,9,10,5,3
93,-16,-83,47,80,49,-345,-44,85,5,-75,-79,131,51,73,9,10,5,3
56,-13,115,-116,-53,31,-335,-137,77,-58,51,-48,-70,94,19,9,10,5,3
67,24,97,-104,-52,33,-332,-136,80,-62,54,-58,-66,91,25,9,10,5,3
66,52,75,-88,-42,31,-339,-75,72,-67,42,-72,-64,86,31,9,10,5,3
57,65,50,-72,-24,26,396,-107,17,-74,22,-86,-60,81,36,9,10,5,3
-266,-139,7,-79,-26,-29,365,-425,67,-41,417,28,-1,-92,19,9,10,5,3
-270,-145,-25,-71,-32,-31,272,-478,244,-83,439,38,-3,-70,12,9,10,5,3
-271,-151,-52,-65,-31,-27,218,-332,397,-108,431,27,-3,-63,12,9,10,5,3
803,2838,2796,-61,-24,-17,83,-111,110,-114,401,15,-3,-64,14,9,10,5,3
101,83,0,-37,74,39,63,-60,92,-112,-157,-102,-55,65,50,9,10,5,3
117,89,19,-32,79,36,53,-1,81,-107,-148,-91,-43,63,46,9,10,5,3
123,91,34,-29,79,31,1040,-3314,561,-93,-149,-89,-32,66,41,9,10,5,3
126,88,44,-27,78,24,-325,-262,-73,-73,-153,-95,-23,72,34,9,10,5,3
-159,-49,90,-145,-64,-5,-403,-243,-68,103,13,-8,-92,-121,152,9,10,5,3
-181,-28,103,-152,-67,-20,-424,-244,-25,114,5,-22,-79,-99,118,9,10,5,3
-198,-2,100,-162,-65,-42,-383,-184,92,130,12,-45,-59,-64,83,9,10,5,3
144,2,-29,134,-62,66,40,26,86,58,43,-71,152,34,23,9,10,5,3
118,-1,-41,107,-69,57,27,28,65,67,49,-71,152,30,15,9,10,5,3
95,-7,-48,81,-74,48,17,32,50,73,43,-77,150,24,8,9,10,5,3
80,-15,-52,58,-76,37,15,40,42,72,26,-83,146,17,3,9,10,5,3
-14,-57,-72,66,-67,40,1,-117,86,22,-52,-73,126,-94,67,9,10,5,3
8,-61,-52,74,-60,54,-5,-125,98,14,-55,-67,123,-94,68,9,10,5,3
37,-60,-31,84,-56,67,1,-118,118,6,-53,-58,121,-98,69,9,10,5,3
67,-57,-12,95,-54,79,17,-92,138,1,-51,-53,117,-102,76,9,10,5,3
99,-52,78,-10,-42,30,-215,177,46,-47,-3,-85,44,42,30,9,10,5,3
89,-41,53,-15,-45,11,-189,144,52,-48,-7,-88,47,40,28,9,10,5,3
73,-30,27,-20,-46,-5,-173,108,53,-49,-8,-74,48,36,30,9,10,5,3
52,-19,3,-24,-45,-17,-158,80,54,-46,-5,-65,49,27,36,9,10,5,3
116,90,13,44,123,26,64,-4,342,65,51,-30,34,13,80,9,10,5,3
98,109,9,39,127,29,62,96,361,-49,116,-35,28,25,71,9,10,5,3
70,127,6,35,128,36,43,149,340,-69,109,-32,18,41,57,9,10,5,3
38,140,7,35,124,44,24,144,308,-84,89,-47,6,56,41,9,10,5,3
15,33,-143,-69,61,-7,500,-282,-53,-102,-264,-181,-57,61,-89,9,10,5,3
20,41,-148,-67,68,-14,572,-24,121,-123,-272,-200,-52,59,-62,9,10,5,3
26,47,-155,-66,73,-22,546,253,290,-129,-279,-180,-46,29,-11,9,10,5,3
30,51,-163,-66,75,-28,525,264,180,-128,-281,-159,-34,-22,65,9,10,5,3
-269,-78,6,-32,42,78,192,-434,68,-24,37,-57,-112,-60,3,9,10,5,3
-276,-77,-7,3,30,100,84,-352,37,-64,14,-72,-105,-39,-9,9,10,5,3
-269,-73,-19,30,11,113,-28,-226,18,-96,-2,-91,-95,-17,-21,9,10,5,3
3071,-3161,-2165,49,-9,118,-112,-78,14,-111,-16,-117,-89,4,-30,9,10,5,3
78,42,-53,38,29,0,-158,-18,31,-25,-77,-76,67,88,-3,9,10,5,3
74,23,-47,22,37,-14,-215,670,224,-29,-96,-85,75,82,-10,9,10,5,3
71,6,-43,6,43,-28,-143,752,218,-33,-113,-99,91,75,-7,9,10,5,3
66,-10,-41,-7,48,-43,-80,702,222,-44,-119,-106,102,71,3,9,10,5,3
217,-21,98,166,32,54,-25,525,248,91,-16,-75,116,26,63,9,10,5,3
68,-24,-70,155,19,49,-41,103,19,97,-21,-77,115,31,49,9,10,5,3
74,-28,-69,140,2,44,-21,114,20,94,-30,-78,116,31,36,9,10,5,3
85,-31,-68,122,-15,40,2,118,20,83,-37,-76,120,30,30,9,10,5,3
92,-34,-65,-3,-83,31,21,116,20,65,-3,-66,59,-37,53,9,10,5,3
32,-9,-47,0,-89,30,197,-13,93,75,-5,-68,62,-36,50,9,10,5,3
42,-12,-36,4,-94,23,196,-18,101,83,-7,-70,66,-41,48,9,10,5,3
52,-14,-23,7,-97,13,194,-14,103,88,-9,-68,72,-49,48,9,10,5,3
63,-13,-12,59,-4,15,192,-5,106,-4,-3,-54,94,-4,98,9,10,5,3
91,-46,9,63,0,24,-203,131,60,-2,-45,-53,75,0,107,9,10,5,3
83,-37,-18,63,0,31,-191,100,58,29,-20,-55,66,1,110,9,10,5,3
74,-27,-44,15,65,79,-176,73,54,61,4,-51,67,3,106,9,10,5,3
64,-17,-66,17,79,69,-157,60,50,88,27,-57,-12,12,159,9,10,5,3
-146,244,14,21,93,57,-158,263,372,87,55,-98,-35,-11,175,9,10,5,3
-168,214,-38,27,109,44,-151,210,318,64,100,-102,-50,-38,186,9,10,5,3
-182,182,-94,-209,-10,49,-148,224,248,37,143,-99,-58,-60,192,9,10,5,3
-188,150,-146,-198,-45,56,-126,195,202,5,171,-97,-235,10,31,9,10,5,3
-139,-134,41,-187,-74,53,342,-598,298,-62,-21,-55,-217,1,29,9,10,5,3
-136,-133,33,-176,-95,42,293,-454,362,-60,-12,-34,-178,-5,44,9,10,5,3
-135,-132,23,-34,57,-104,241,-237,317,-59,0,-42,-174,-15,84,9,10,5,3
-131,-130,18,-56,74,-94,147,47,282,-60,11,-62,35,-147,-9,9,10,5,3
-229,-25,-17,-73,83,-80,-14,-166,124,53,-7,-29,33,-154,-8,9,10,5,3
-235,-34,-23,-84,85,-61,2,-202,129,59,-16,-39,22,-161,-9,9,10,5,3
-237,-43,-26,-79,25,15,21,-236,133,59,-16,-71,16,-161,-13,9,10,5,3
-238,-50,-29,-86,40,24,39,-259,145,46,-7,-91,-110,78,53,9,10,5,3
-14,2,30,-92,58,33,-18,-136,-84,197,66,-50,-57,126,27,9,10,5,3
-21,4,32,-94,76,40,-52,-225,-102,174,83,-54,-48,121,33,9,10,5,3
-24,8,38,48,77,23,-74,-286,-95,143,91,-60,-43,118,35,9,10,5,3
-21,11,40,51,80,0,-98,-319,-80,105,93,-71,-43,118,33,9,10,5,3
342,-74,-37,56,89,-19,-142,16,13,-40,-80,-70,196,16,65,9,10,5,3
31,-91,-40,21,-73,1,-140,41,15,-43,-64,-65,177,14,74,9,10,5,3
18,-88,-44,-8,-68,4,-131,63,15,-42,-38,-59,162,9,78,9,10,5,3
9,-84,-47,-33,-64,7,132,280,240,-15,-2,-36,89,-61,109,9,10,5,3
1,-80,-47,-50,-60,10,324,275,303,7,0,-39,80,-76,116,9,10,5,3
38,37,-93,94,-110,8,468,249,311,30,-3,-48,68,-86,116,9,10,5,3
39,32,-88,104,-107,20,560,259,272,55,-13,-63,57,-90,109,9,10,5,3
42,29,-78,115,-104,31,329,107,236,27,-72,-85,93,-63,12,9,10,5,3
47,26,-64,125,-103,41,291,116,259,29,-58,-85,87,28,57,9,10,5,3
56,-56,127,-62,-24,34,256,123,266,26,-41,-78,76,32,64,9,10,5,3
46,-49,130,-66,-30,26,238,115,276,22,-33,-66,66,36,68,9,10,5,3
32,-46,125,-71,-36,16,-210,-197,4,-21,-41,-75,55,42,70,9,10,5,3
16,-45,111,-75,-41,5,-145,-180,22,-17,-53,-81,150,8,137,9,10,5,3
47,217,0,128,35,87,-63,-157,35,-10,-67,-89,137,-32,158,9,10,5,3
28,222,-44,120,29,52,30,-155,57,0,-74,-98,104,-78,174,9,10,5,3
6,213,-93,114,29,8,-357,-242,-143,-76,-6,-45,59,-105,193,9,10,5,3
-15,195,-142,108,37,-36,-351,-212,-95,-38,25,-39,-172,53,19,9,10,5,3
-69,-36,-57,-139,30,-31,-338,-187,-53,-13,53,-35,-165,42,22,9,10,5,3
-61,-39,-69,-139,31,-33,-323,-172,-21,0,82,-41,-164,36,28,9,10,5,3
-51,-43,-79,-137,31,-30,72,-414,45,0,117,-50,-156,29,32,9,10,5,3
-38,-44,-89,-136,34,-19,12,-400,28,11,108,-44,87,-70,4,9,10,5,3
-224,-137,34,-92,59,-7,-80,-341,18,28,93,-36,97,-74,21,9,10,5,3
-229,-130,19,-81,49,11,-161,-230,23,47,77,-35,97,-82,33,9,10,5,3
-235,-120,1,-72,42,27,193,-287,145,43,136,-91,97,-92,39,9,10,5,3
-239,-112,-17,-62,36,41,156,-267,117,29,102,-82,-55,97,62,9,10,5,3
177,71,13,-12,28,44,106,-210,96,8,56,-67,-49,95,78,9,10,5,3
170,65,0,-1,32,35,57,-121,93,-9,2,-64,-45,88,88,9,10,5,3
161,58,-16,9,33,28,-125,79,119,-261,-41,-65,-40,80,89,9,10,5,3
150,53,-32,21,33,22,-108,86,155,-253,-17,-71,-89,-138,171,9,10,5,3
-177,100,20,-98,-43,125,-88,-4,206,-232,18,-65,-113,-170,189,9,10,5,3
-121,85,-6,-76,-25,137,-87,-113,275,-186,57,-56,-141,-172,199,9,10,5,3
-55,62,-22,-51,-6,140,43,71,38,-72,-45,-87,-151,-144,197,9,10,5,3
14,36,-30,-23,12,136,-9,57,31,-72,-41,-84,146,26,44,9,10,5,3
78,-136,-21,67,-27,-44,-13,99,31,-71,-38,-77,149,20,38,9,10,5,3
77,-136,-11,84,-23,-33,-59,152,-11,-69,-35,-66,152,18,31,9,10,5,3
76,-131,4,101,-22,-16,-115,222,-59,125,-46,-39,156,20,23,9,10,5,3
79,-121,26,116,-25,4,287,164,238,101,-54,-35,138,-91,-9,9,10,5,3
34,-6,-23,63,10,-33,-178,58,55,84,-58,-35,131,-78,-9,9,10,5,3
14,-18,-6,36,26,-33,-236,60,28,77,-61,-37,126,-70,-9,9,10,5,3
-3,-32,13,15,45,-28,-296,68,-11,-10,109,-70,123,-57,-8,9,10,5,3
-17,-46,37,0,65,-17,-358,64,-40,-40,98,-77,59,74,22,9,10,5,3
46,56,-7,-22,84,52,272,241,467,-73,88,-77,47,75,22,9,10,5,3
39,64,7,-31,75,62,323,288,488,-100,77,-72,33,72,21,9,10,5,3
29,72,19,-45,63,69,373,256,525,-16,0,-43,17,72,24,9,10,5,3
14,83,29,-61,52,72,426,158,541,-28,14,-84,-9,69,34,9,10,5,3
37,107,-88,3,155,12,258,-219,5,-24,-15,-79,-2,71,41,9,10,5,3
32,115,-87,6,151,17,239,-194,3,-15,-57,-80,9,73,47,9,10,5,3
25,120,-88,5,144,17,209,-168,-3,-8,-92,-82,15,77,54,9,10,5,3
16,124,-93,0,134,13,181,-132,21,-70,34,-64,-147,-144,16,9,10,5,3
-83,-25,-21,-140,48,11,86,-92,80,-90,32,-57,-133,-119,18,9,10,5,3
-72,4,-8,-118,64,30,90,-120,68,-94,41,-56,-112,-95,22,9,10,5,3
-64,28,2,-97,78,48,81,-142,39,-25,-148,-114,110,166,-104,9,10,5,3
-57,43,10,-78,90,65,79,-160,22,4,-118,-126,128,148,-110,9,10,5,3
-209,5,-60,-44,-11,106,-92,120,83,25,-86,-143,131,123,-98,9,10,5,3
-162,23,-102,-35,-18,103,-45,164,73,-55,1,-110,114,55,59,9,10,5,3
-110,48,-139,-29,-17,100,3,212,72,-3,-34,-86,114,46,59,9,10,5,3
159,-37,-80,126,-51,-21,18,270,-7,-16,-37,-86,115,42,57,9,10,5,3
158,-37,-83,139,-44,-32,88,324,24,-33,-50,-87,33,-141,226,9,10,5,3
155,-38,-85,149,-36,-42,136,380,44,-59,-80,-86,15,-151,219,9,10,5,3
152,-39,-84,158,-29,-48,72,374,27,-128,60,-60,21,-150,191,9,10,5,3
156,40,42,73,-7,-37,-275,88,-51,-127,63,-58,43,-130,153,9,10,5,3
113,39,24,51,-9,-45,-250,75,-54,-115,71,-57,-9,13,72,9,10,5,3
70,35,6,26,-11,-49,-222,67,-35,-99,76,-65,-15,0,80,9,10,5,3
31,30,-10,-1,-13,-53,-203,44,7,217,33,-36,-17,-12,80,9,10,5,3
-170,242,43,29,76,33,-158,276,278,292,92,-42,-17,-17,73,9,10,5,3
-196,187,-2,-4,77,13,-198,254,237,354,166,-27,-125,33,11,9,10,5,3
-209,129,-44,-38,86,-7,-235,198,229,395,221,2,-143,21,14,9,10,5,3
-208,71,-77,-73,99,-29,-279,26,176,-147,-208,-148,-150,12,5,9,10,5,3
-173,-182,-188,-90,-183,29,1030,-741,-187,234,117,-40,-159,8,-3,9,10,5,3
-193,-208,-141,-73,-190,44,1080,-847,85,223,234,-30,-49,-370,241,9,10,5,3
-210,-231,-97,-59,-199,64,971,-701,387,201,334,-11,-69,-313,216,9,10,5,3
-1060,-554,-16,-56,-203,90,794,-421,541,172,399,12,-86,-254,177,9,10,5,3
79,177,-20,101,107,82,38,-214,-27,46,-22,-94,-14,135,36,9,10,5,3
86,165,-25,87,86,78,2,-225,-29,50,-38,-94,-6,123,47,9,10,5,3
96,155,-26,71,69,78,-35,-225,-45,35,-40,-76,-1,115,57,9,10,5,3
104,151,-26,55,54,79,-65,-223,-65,17,-35,-72,8,105,57,9,10,5,3
19,89,-116,102,65,1,-31,217,33,11,69,-60,298,127,16,9,10,5,3
54,72,-119,129,61,15,-38,190,16,15,35,-58,319,107,25,9,10,5,3
96,60,-117,151,56,29,-33,159,2,27,6,-57,328,87,36,9,10,5,3
118,-98,-66,131,-61,11,428,640,337,17,14,-20,142,-123,121,9,10,5,3
117,-83,-46,145,-68,16,663,684,527,88,7,-18,98,-149,144,9,10,5,3
112,-55,-16,152,-79,24,837,669,551,155,-9,-20,57,-168,152,9,10,5,3
104,-19,23,161,-87,27,828,624,421,205,-29,-24,35,-177,149,9,10,5,3
-1,-32,52,-48,-4,-21,-236,148,-135,21,33,-50,36,58,38,9,10,5,3
-11,-28,29,-68,-3,-28,-224,129,-115,39,53,-50,36,56,34,9,10,5,3
-16,-24,5,-86,-1,-32,-213,104,-91,54,70,-51,34,58,31,9,10,5,3
-19,-21,-14,-100,2,-33,-210,77,-70,54,79,-52,30,60,31,9,10,5,3
-51,136,-19,-17,0,93,8,308,271,-21,77,-48,-70,46,18,9,10,5,3
-59,132,-42,-23,-26,82,-127,209,159,-35,100,-33,-72,70,0,9,10,5,3
-65,124,-63,-32,-44,67,-260,97,69,-42,104,-26,-69,67,-7,9,10,5,3
-70,114,-75,-41,-48,51,-359,-9,48,-62,92,-25,-83,62,0,9,10,5,3
-176,-52,-131,-110,-86,-71,746,-645,-147,228,137,-56,5,-201,73,9,10,5,3
-203,-89,-95,-116,-97,-63,815,-709,25,220,225,-65,22,-229,129,9,10,5,3
-224,-127,-58,-120,-105,-50,810,-716,171,177,291,-65,25,-263,176,9,10,5,3
-243,-158,-28,-127,-105,-26,778,-613,244,124,312,-43,13,-301,210,9,10,5,3
86,162,-43,163,85,207,-10,93,64,-60,-83,-119,-16,95,30,9,10,5,3
81,157,-56,155,65,191,44,109,88,-66,-82,-109,-9,90,18,9,10,5,3
83,148,-69,140,46,168,89,94,69,-73,-92,-109,-1,85,10,9,10,5,3
90,137,-84,120,27,140,86,56,26,-85,-115,-109,13,80,0,9,10,5,3
29,132,80,-12,109,206,-38,-4,155,96,-9,-65,193,149,122,9,10,5,3
101,125,54,44,124,192,-7,31,128,84,-2,-71,226,137,103,9,10,5,3
170,114,26,100,131,173,12,84,108,69,3,-75,250,128,85,9,10,5,3
1027,-717,1969,153,135,151,18,148,89,57,16,-72,270,120,71,9,10,5,3
60,-41,26,1263,-10,-842,583,878,217,221,156,8,-10,-204,248,9,10,5,3
65,-7,98,2,-132,133,515,741,247,306,152,2,-26,-212,246,9,10,5,3
61,36,168,4,-123,127,443,530,285,383,134,-3,-26,-211,228,9,10,5,3
134,-44,30,7,-109,117,-321,265,-96,-79,-124,-126,77,48,23,9,10,5,3
111,-44,30,9,-94,101,-296,264,-117,-116,-166,-129,78,59,27,9,10,5,3
89,-45,29,54,105,93,-301,246,-120,-161,-189,-119,80,64,34,9,10,5,3
73,-46,27,61,103,119,-314,246,-123,-197,-193,-100,82,63,43,9,10,5,3
-58,64,-84,68,93,138,-453,-56,-33,-165,-30,-81,-54,81,13,9,10,5,3
-54,41,-58,-148,16,-54,-488,-78,-81,-195,-67,-88,-64,68,31,9,10,5,3
-50,21,-28,-147,4,-50,-501,-99,-119,-216,-93,-90,-54,54,42,9,10,5,3
-41,6,2,-145,-4,-41,-503,-115,-142,-227,-98,-89,-67,52,49,9,10,5,3
-50,9,-225,-145,-7,-29,531,235,118,206,-31,-41,-67,-24,14,9,10,5,3
-61,14,-213,-43,-24,283,563,-110,-127,27,574,205,-24,-103,93,9,10,5,3
-80,15,-172,-15,-54,312,679,-517,-177,14,602,223,20,-188,187,9,10,5,3
-103,10,-104,6,-89,316,751,-764,32,17,610,214,61,-278,277,9,10,5,3
-6,51,33,21,-124,295,31,-164,93,30,593,185,-107,12,41,9,10,5,3
-12,72,28,-37,-12,-10,11,-150,83,-108,-154,-100,-105,30,38,9,10,5,3
-14,92,20,-65,-6,-46,0,-137,71,-48,-159,-115,-102,42,34,9,10,5,3
-295,-3,143,-82,-1,-79,-2980,2343,-250,12,-147,-120,-99,45,29,9,10,5,3
-303,12,88,-86,0,-106,40,171,129,62,-143,-115,75,167,79,9,10,5,3
-302,21,35,154,199,59,37,197,111,-6,-16,-84,99,159,84,9,10,5,3
-290,26,-10,189,187,40,14,187,83,-20,-4,-86,116,152,86,9,10,5,3
128,-55,-80,215,169,28,-18,153,68,-37,0,-83,128,144,84,9,10,5,3
123,-64,-85,232,146,20,240,838,354,-47,-2,-80,181,-113,188,9,10,5,3
116,-68,-88,188,-137,23,534,875,506,365,-111,-102,138,-150,233,9,10,5,3
109,-75,-89,187,-151,9,654,976,428,292,-93,-103,108,-165,242,9,10,5,3
141,-40,40,191,-152,3,577,1053,231,225,-71,-92,97,-157,215,9,10,5,3
139,-61,62,201,-141,4,-294,97,-141,168,-58,-75,8,58,36,9,10,5,3
140,-79,86,-88,-17,-26,-275,96,-139,-54,-66,-79,0,52,33,9,10,5,3
141,-90,107,-86,-12,-20,-256,88,-135,-36,-68,-76,-6,49,29,9,10,5,3
28,128,48,-82,-6,-15,-231,81,-133,-22,-72,-79,-11,55,25,9,10,5,3
10,131,50,-75,0,-12,-441,-77,-25,-5,-64,-85,-24,76,49,9,10,5,3
-4,130,41,-80,89,-124,-485,-109,-76,-31,-97,-104,-27,58,41,9,10,5,3
-13,125,21,-91,89,-129,-500,-109,-114,-9,-67,-97,-32,46,35,9,10,5,3
-65,60,-77,-102,90,-131,-515,-86,-151,-7,-26,-72,-41,40,28,9,10,5,3
-71,61,-107,-112,95,-127,627,-499,-44,-6,3,-54,-1,-14,13,9,10,5,3
-76,58,-136,0,-110,81,631,-537,81,-64,185,77,16,-70,33,9,10,5,3
-80,51,-163,-68,-200,-54,529,-436,220,-56,239,56,32,-133,50,9,10,5,3
-100,-131,-86,-93,-201,-71,380,-263,262,-14,255,32,41,-198,66,9,10,5,3
-85,-103,-83,-117,-199,-84,-306,-12,-104,49,232,10,-157,14,9,9,10,5,3
-66,-79,-72,-139,-192,-94,-347,-23,-163,13,-76,-86,-155,22,5,9,10,5,3
-52,-57,-59,-63,14,-24,-317,-65,-175,11,-82,-72,-145,33,0,9,10,5,3
-163,183,205,-65,22,-2,-234,-130,-198,9,-86,-73,-136,42,-6,9,10,5,3
-196,223,176,-67,35,24,204,17,144,7,-95,-86,157,221,-40,9,10,5,3
-224,247,125,-66,55,58,192,40,109,-59,-17,-66,89,83,102,9,10,5,3
-243,251,61,71,-138,89,173,72,102,-50,-41,-81,62,69,100,9,10,5,3
96,-49,-86,45,-140,85,128,114,98,-45,-68,-92,39,66,91,9,10,5,3
106,-60,-78,22,-131,78,-193,103,-47,-41,-86,-93,28,68,80,9,10,5,3
115,-67,-69,3,-115,71,-207,83,-44,31,12,-39,175,-59,169,9,10,5,3
122,-73,-60,105,-68,11,-217,81,-45,71,34,-16,165,-102,212,9,10,5,3
-14,10,-153,97,-73,-29,-196,93,-12,124,37,-11,145,-141,242,9,10,5,3
2,-2,-117,90,-74,-64,-536,-55,-227,177,34,-17,114,-169,251,9,10,5,3
20,-17,-83,86,-70,-90,-529,-79,-255,12,20,-62,12,82,-20,9,10,5,3
41,-33,-48,41,40,-56,-509,-53,-270,2,-1,-68,14,88,-23,9,10,5,3
278,28,127,46,57,-59,-471,0,-272,-9,-27,-66,17,93,-25,9,10,5,3
290,100,136,53,78,-60,393,617,289,-13,-52,-58,21,100,-26,9,10,5,3
281,183,143,63,100,-57,251,618,249,-133,-61,-61,-123,67,35,9,10,5,3
246,263,154,-228,-16,-120,122,566,201,-119,-68,-91,-140,39,45,9,10,5,3
-103,54,-25,-211,-40,-64,47,456,219,-103,-82,-111,-125,12,47,9,10,5,3
-110,39,-39,-193,-64,-10,101,-356,16,-86,-92,-108,-143,-20,53,9,10,5,3
-112,19,-56,-177,-84,44,148,-330,40,122,-117,-126,-43,-45,-64,9,10,5,3
-112,3,-80,1,7,235,220,-310,45,136,-23,-51,-6,-69,7,9,10,5,3
-305,-269,-14,42,-22,234,332,-291,40,124,62,3,63,-94,106,9,10,5,3
-269,-265,-31,69,-58,219,-69,57,-2,48,175,22,136,-130,235,9,10,5,3
-229,-250,-47,83,-95,198,-95,101,2,23,-114,-81,-115,70,30,9,10,5,3
-184,-229,-65,-69,4,95,-106,114,21,-37,-36,-75,-98,81,41,9,10,5,3
-26,-7,-85,-69,16,72,-261,-308,-65,-56,-63,-80,-84,86,49,9,10,5,3
-26,-9,-74,-62,24,46,-317,-186,25,-67,-88,-82,-70,86,55,9,10,5,3
-26,-7,-58,-53,29,18,-327,103,167,-69,-111,-80,29,80,83,9,10,5,3
-29,-1,-34,143,59,51,-234,447,342,-120,27,-57,42,105,65,9,10,5,3
211,-39,36,151,56,45,-11,1,92,-126,26,-61,53,128,49,9,10,5,3
183,-48,29,157,53,37,-4,23,81,-120,6,-72,61,149,34,9,10,5,3
160,-53,21,159,52,29,-1,40,60,-111,-29,-80,142,68,-45,9,10,5,3
141,-54,12,72,-56,64,-6,50,48,232,88,-25,150,62,-37,9,10,5,3
-87,115,-41,65,-69,73,514,42,356,284,74,-33,158,48,-25,9,10,5,3
39,32,-137,55,-81,74,442,59,428,316,58,-42,161,31,-9,9,10,5,3
62,10,-123,42,-88,73,376,74,465,328,49,-43,146,46,34,9,10,5,3
85,-13,-105,38,-75,43,333,86,436,17,67,-43,128,42,45,9,10,5,3
106,-39,-82,24,-75,40,-187,11,-167,20,71,-52,113,38,56,9,10,5,3
171,7,-7,13,-70,35,-173,-47,-157,20,67,-62,101,34,68,9,10,5,3
181,37,28,7,-63,26,-139,-106,-140,13,54,-70,-33,-7,168,9,10,5,3
188,67,58,-128,40,-58,-92,-144,-110,-105,67,-71,-42,20,130,9,10,5,3
189,102,76,-145,44,-87,-469,-3,-44,-98,25,-80,-50,47,94,9,10,5,3
-31,27,-24,-161,45,-114,-448,-48,-31,-86,-20,-84,-56,69,62,9,10,5,3
-36,47,-31,-177,44,-138,-400,-110,-22,-77,-65,-89,-109,-18,9,9,10,5,3
-40,61,-41,-132,94,-83,-347,-174,14,-135,-317,-177,-22,-26,-82,9,10,5,3
-42,71,-54,-145,94,-90,-12,-325,205,-76,-290,-192,15,-50,-78,9,10,5,3
-241,-260,178,-151,90,-98,177,-508,242,-22,-229,-209,44,-67,-65,9,10,5,3
-198,-213,189,-151,77,-111,180,-482,227,22,-125,-201,58,-91,-47,9,10,5,3
-162,-160,193,-40,-18,-5,186,-445,224,-126,-84,-120,-80,11,-12,9,10,5,3
-136,-107,183,-55,-19,0,196,-393,218,-105,-71,-118,-76,9,-1,9,10,5,3
-56,-16,-96,-74,-18,4,-267,-192,-43,-81,-59,-116,-77,1,7,9,10,5,3
-63,-20,-99,-91,-17,9,-340,-282,-49,-67,-49,-98,-80,-4,14,9,10,5,3
-68,-23,-95,-38,134,-48,-430,-297,0,170,-51,-101,-29,37,47,9,10,5,3
-78,-24,-82,-8,133,-19,-472,-111,139,125,-60,-94,-23,63,36,9,10,5,3
275,30,103,15,123,5,-99,51,48,84,-59,-82,-18,89,28,9,10,5,3
249,17,111,33,108,26,-69,63,46,47,-63,-83,-5,113,21,9,10,5,3
225,4,109,190,-62,-21,-25,80,71,-112,-28,-85,168,56,-5,9,10,5,3
208,-5,95,185,-58,-25,16,100,98,-119,-60,-82,171,55,-7,9,10,5,3
5,91,59,179,-55,-29,346,247,251,-116,-106,-88,173,55,-10,9,10,5,3
-13,99,3,171,-52,-31,357,216,248,-109,-133,-90,177,57,-8,9,10,5,3
-30,98,-46,129,-15,-1,363,218,250,-119,-111,-87,85,35,47,9,10,5,3
-43,87,-85,132,-22,0,349,221,256,-123,-113,-79,70,36,51,9,10,5,3
-29,-39,-82,126,-31,3,-89,-181,15,-116,-97,-72,60,36,50,9,10,5,3
46,-8,-88,112,-40,5,-65,-197,-2,-103,-70,-69,51,36,47,9,10,5,3
62,-5,-94,114,178,129,-36,-207,-13,311,174,21,73,-106,321,9,10,5,3
80,-2,-103,126,186,140,5,-211,-18,319,195,26,49,-133,312,9,10,5,3
96,3,-109,130,181,140,-501,-152,-205,341,198,18,32,-134,289,9,10,5,3
-78,6,-111,-108,-18,-35,-484,-150,-196,-68,-30,-94,-132,26,19,9,10,5,3
-83,-8,-122,-105,-14,-22,-460,-152,-182,-78,-50,-96,-128,7,31,9,10,5,3
-80,-22,-125,-104,-9,-10,-433,-154,-171,-101,-67,-94,-124,-13,41,9,10,5,3
-73,-28,-122,-105,-5,0,160,-253,193,-124,-81,-90,-120,-35,49,9,10,5,3
-287,-221,45,-15,-105,-2,-36,-192,164,139,79,-103,28,-120,-12,9,10,5,3
-257,-217,32,-32,-97,-41,-158,-238,159,130,41,-123,21,-121,-28,9,10,5,3
-223,-207,19,-50,-87,-82,-190,-322,161,121,1,-137,24,-121,-41,9,10,5,3
-190,-194,2,-69,-78,-121,-3,0,49,100,-27,-137,26,-122,-52,9,10,5,3
-77,-31,-45,-101,29,-82,71,-25,70,35,-36,-81,-66,7,28,9,10,5,3
-72,-24,-10,-99,33,-67,77,-102,5,-21,-1,-72,-77,-10,61,9,10,5,3
-63,-14,20,-96,34,-51,44,-191,-66,-69,49,-60,-82,-29,101,9,10,5,3
-55,-3,46,-94,29,-31,-78,119,41,-96,108,-55,-74,-49,144,9,10,5,3
211,39,-84,214,18,-14,-55,98,46,-81,-49,-78,157,98,45,9,10,5,3
203,34,-80,196,2,-10,-35,86,45,-83,-84,-81,154,98,-20,9,10,5,3
192,25,-73,178,-9,-5,-18,79,39,-74,-69,-83,161,100,-24,9,10,5,3
179,18,-69,160,-17,-2,551,294,293,-63,-55,-85,166,96,-23,9,10,5,3
-34,25,-232,99,-37,-52,570,225,284,-43,-35,-77,169,89,-17,9,10,5,3
-24,9,-207,111,-21,-37,566,174,294,-173,-152,-87,119,52,69,9,10,5,3
-10,-10,-173,122,-4,-15,534,135,298,-178,-155,-75,98,89,-7,9,10,5,3
7,-31,-130,133,9,11,-199,234,-65,-164,-143,-71,96,90,-5,9,10,5,3
111,27,33,1814,-3005,-362,-157,268,-48,-136,-120,-74,96,91,-4,9,10,5,3
113,37,48,8,109,43,-103,293,-21,-42,52,-51,-12,74,70,9,10,5,3
111,51,69,8,121,11,-523,-204,-245,-57,53,-61,-97,26,15,9,10,5,3
-117,-33,-53,10,125,-20,-517,-212,-255,-67,60,-72,-95,17,14,9,10,5,3
-102,-25,-81,-146,-44,10,-497,-236,-255,-129,-234,-150,-95,13,13,9,10,5,3
-101,-25,-95,-140,-42,5,380,-701,98,-125,-264,-163,48,-166,26,9,10,5,3
-99,-28,-114,-132,-38,-2,412,-612,320,-109,-295,-177,94,-213,106,9,10,5,3
-96,-30,-137,-122,-33,-13,365,-372,444,-74,-328,-210,131,-267,187,9,10,5,3
23,83,-50,-113,38,-12,263,-119,462,-51,-54,-64,158,-319,253,9,10,5,3
16,77,-12,-85,62,22,-31,72,21,-39,-89,-91,-90,94,0,9,10,5,3
6,64,19,-54,77,51,-34,68,-5,-29,-131,-105,-75,95,-7,9,10,5,3
3,41,41,-27,81,72,-38,50,-32,-22,-173,-113,-68,89,-10,9,10,5,3
-198,55,14,-26,105,-7,-38,20,-50,234,76,2,-59,83,-7,9,10,5,3
-190,73,3,9,101,18,-107,-601,44,235,54,5,26,18,52,9,10,5,3
-175,100,1,41,86,42,-164,-535,8,244,48,-5,27,45,23,9,10,5,3
-158,132,6,63,65,56,-202,-401,-11,248,55,-15,35,75,-4,9,10,5,3
156,-78,-91,80,-101,92,-204,-234,-18,-113,-105,-91,41,108,-30,9,10,5,3
174,-67,-101,90,-104,86,430,482,232,-79,-95,-86,84,-113,143,9,10,5,3
190,-62,-106,102,-106,79,725,278,264,-41,-96,-91,78,-128,139,9,10,5,3
206,-61,-109,118,-104,72,723,275,317,-20,-89,-85,93,-137,123,9,10,5,3
122,-91,174,13,-29,130,673,274,361,29,23,-57,108,-133,101,9,10,5,3
120,-89,194,-4,-39,139,612,274,387,42,-12,-61,35,69,32,9,10,5,3
117,-82,202,-20,-51,139,-108,84,-162,38,-54,-71,50,69,24,9,10,5,3
114,-75,197,-34,-63,131,-75,57,-147,16,-89,-81,64,73,14,9,10,5,3
-169,232,184,-107,194,198,-34,27,-100,199,264,23,75,79,0,9,10,5,3
-204,210,143,-127,167,184,5,-23,-43,127,215,8,-173,-26,8,9,10,5,3
-233,183,101,-147,138,172,-290,-467,-267,52,186,0,-176,-48,7,9,10,5,3
-252,150,63,-168,106,160,-272,-458,-243,-16,186,-7,-171,-68,3,9,10,5,3
-85,-32,-168,-97,-7,-52,-241,-443,-220,-178,-30,-210,-168,-82,4,9,10,5,3
-88,-51,-174,-81,-15,-44,-205,-431,-205,-219,-2,-148,230,-270,321,9,10,5,3
-93,-69,-179,-70,-28,-33,-35,-397,141,-246,64,-87,245,-323,357,9,10,5,3
-100,-82,-176,-66,-44,-17,-3,-384,105,-242,161,-42,238,-365,372,9,10,5,3
25,37,-79,-60,175,-76,8,-343,94,-151,-7,-75,216,-382,363,9,10,5,3
3,48,-89,-19,178,-52,-1,-271,97,-138,-62,-83,-68,-5,0,9,10,5,3
-16,60,-98,17,166,-23,-284,-148,-36,-131,-122,-88,-62,-11,1,9,10,5,3
-33,67,-106,51,148,6,-285,-105,5,-129,-169,-99,-64,-25,3,9,10,5,3
-161,123,-34,-136,24,45,-306,-91,18,58,70,-75,-63,133,48,9,10,5,3
58,166,-144,-129,48,49,-109,24,15,48,-10,-78,-43,166,43,9,10,5,3
96,153,-118,-117,72,54,-131,17,-3,28,-100,-77,-20,194,39,9,10,5,3
130,136,-92,124,-35,-1,-154,21,-15,-128,-158,-127,183,137,-34,9,10,5,3
104,30,98,114,-35,-13,177,462,203,-145,-193,-122,204,134,-43,9,10,5,3
90,56,135,107,-31,-23,145,427,186,-148,-206,-104,232,122,-43,9,10,5,3
72,80,147,103,-22,-31,240,419,176,-139,-206,-93,255,108,-26,9,10,5,3
49,97,142,184,-38,27,379,414,174,-26,-26,-98,112,93,23,9,10,5,3
108,-23,-56,64,-27,-23,-224,78,-118,-13,-24,-100,107,92,22,9,10,5,3
102,-17,-70,61,-10,-33,-225,76,-123,-9,-17,-93,105,91,21,9,10,5,3
97,-17,-82,57,7,-44,-193,72,-122,-17,-6,-73,105,90,22,9,10,5,3
90,-18,-93,53,22,-56,-123,83,-155,27,147,-42,-74,116,31,9,10,5,3
-49,21,39,-187,47,-118,-432,-322,-301,-34,120,-43,-90,130,2,9,10,5,3
-43,11,64,-211,41,-116,-441,-347,-278,-79,91,-48,-108,126,-13,9,10,5,3
-44,9,80,-232,30,-109,-436,-366,-241,-85,-225,-214,-66,-76,-145,9,10,5,3
-53,9,83,-248,13,-100,-414,-387,-200,-2,-160,-190,-60,-58,-141,9,10,5,3
-428,-100,260,24,-153,254,-121,-499,169,67,-71,-156,-71,-50,-120,9,10,5,3
-426,-129,251,4,-161,231,-131,-450,205,125,19,-138,-78,-59,-98,9,10,5,3
-398,-160,234,-19,-149,202,-124,-421,220,-142,-139,-134,-102,45,-72,9,10,5,3
-357,-180,208,-43,-121,168,-103,-392,223,-160,-147,-128,-107,42,-44,9,10,5,3
62,15,-48,-92,-25,21,83,-260,-51,-160,-167,-125,-102,33,-17,9,10,5,3
49,16,-59,-90,-17,12,68,-324,-63,-144,-186,-111,-100,19,1,9,10,5,3
38,17,-69,-84,-7,2,31,-372,-62,-36,165,10,1,33,166,9,10,5,3
29,20,-76,-76,2,-4,-13,-397,-71,31,168,7,25,20,176,9,10,5,3
213,104,-176,183,62,-58,52,57,61,115,162,-16,46,8,186,9,10,5,3
269,71,-200,192,59,-48,97,122,89,198,140,-35,67,0,191,9,10,5,3
312,29,-202,203,56,-34,130,184,114,3,-138,-96,194,90,3,9,10,5,3
339,-16,-186,213,49,-20,111,232,102,-7,-117,-93,196,87,5,9,10,5,3
40,-133,22,82,-49,-22,-127,82,133,-18,-91,-88,199,82,8,9,10,5,3
30,-140,32,-21,-125,95,7,42,273,168,-24,-46,60,-38,69,9,10,5,3
25,-139,40,-26,-129,82,148,-3,370,164,-26,-52,70,-25,48,9,10,5,3
26,42,23,-26,-129,68,-9,-48,151,149,-26,-55,81,-13,26,9,10,5,3
12,54,10,33,-70,24,-47,-67,140,99,62,-75,119,-69,35,9,10,5,3
0,64,0,49,-66,23,-79,-84,127,88,70,-45,124,-77,46,9,10,5,3
115,170,-112,67,-61,27,444,273,228,77,48,-41,123,-85,54,9,10,5,3
106,173,-126,87,-52,37,462,300,239,80,35,-45,117,-90,58,9,10,5,3
96,174,-137,-94,110,61,453,312,243,-171,15,-49,-98,75,103,9,10,5,3
86,173,-145,-126,96,67,418,308,270,-164,5,-47,-105,69,104,9,10,5,3
-65,-13,-95,-153,79,68,-191,-130,0,-150,0,-45,-111,65,96,9,10,5,3
-64,-9,-77,-177,60,64,-167,-125,1,-121,-2,-47,-113,61,85,9,10,5,3
-62,-7,-57,-54,140,-40,-135,-124,8,293,97,-106,-49,-64,57,9,10,5,3
-58,-8,-41,-51,147,-24,-109,-133,21,288,221,-94,-44,-113,93,9,10,5,3
-40,-40,34,-41,145,-9,-116,-118,-12,246,333,-56,-44,-154,136,9,10,5,3
-21,-37,30,-35,117,-63,-104,-102,-28,-48,-32,-75,-46,32,10,9,10,5,3
-9,-37,20,-34,119,-40,-104,-86,-28,-69,42,-73,-55,31,8,9,10,5,3
-66,-121,-70,-31,121,-18,-91,0,121,-83,103,-78,-53,32,10,9,10,5,3
-60,-139,-64,-20,-54,77,-140,-11,111,-70,-39,-68,-77,-15,56,9,10,5,3
-49,-148,-54,-23,-53,65,-184,-26,105,-60,-46,-71,-78,-4,45,9,10,5,3
95,130,-73,-30,-43,46,143,-224,105,-18,-57,-95,-76,6,40,9,10,5,3
89,141,-63,-35,-26,25,190,-211,48,8,-89,-103,-74,16,40,9,10,5,3
84,147,-53,-101,42,16,234,-193,7,-54,86,-9,175,-187,141,9,10,5,3
-262,-222,-59,-93,42,14,-62,-174,33,-20,66,-8,181,-181,118,9,10,5,3
-251,-220,-63,-74,36,13,-25,-107,124,-1,65,-18,172,-161,90,9,10,5,3
-241,-210,-63,10,-4,47,7,-121,126,76,1,-92,33,-123,43,9,10,5,3
-58,-10,-71,14,-19,44,41,-137,138,64,-3,-87,14,-124,35,9,10,5,3
-25,4,-57,12,-35,35,73,-161,155,58,-7,-75,1,-117,28,9,10,5,3
2,23,-37,4,-52,23,-18,15,102,55,-15,-65,-13,-106,23,9,10,5,3
25,38,-7,45,83,-25,-30,37,102,-77,-66,-87,20,125,64,9,10,5,3
76,-18,-26,51,88,-35,-33,48,101,-51,-38,-79,16,119,63,9,10,5,3
78,-29,-9,56,91,-44,-36,48,96,-17,-5,-76,11,114,58,9,10,5,3
83,-34,1,59,90,-50,119,473,377,15,25,-78,2,110,54,9,10,5,3
86,-34,8,88,-8,-145,172,286,346,144,29,-97,17,25,-55,9,10,5,3
146,-15,-1,94,-16,-118,202,99,315,94,0,-102,29,59,-58,9,10,5,3
109,-56,94,98,-28,-86,-1122,-3872,-584,48,-40,-106,50,92,-54,9,10,5,3
90,-62,82,100,-39,-55,145,52,105,-8,-64,-100,68,123,-46,9,10,5,3
75,-63,59,111,-27,5,138,62,116,-47,-22,-61,145,81,60,9,10,5,3
62,-61,27,24,-43,-9,131,71,111,-24,4,-46,151,79,59,9,10,5,3
-15,-84,-83,13,-56,-2,-99,165,-71,5,10,-46,154,78,58,9,10,5,3
-15,-87,-85,3,-66,5,-117,155,-73,26,-1,-60,154,79,54,9,10,5,3
-14,-91,-84,-3,-75,13,-133,130,-65,132,-180,-61,2,-223,106,9,10,5,3
-12,-98,-81,163,-203,-3,-146,93,-52,177,-161,-82,3,-208,61,9,10,5,3
123,109,-35,183,-184,-10,164,76,149,212,-124,-99,10,-185,18,9,10,5,3
124,97,-13,202,-160,-18,235,75,170,235,-70,-112,23,-159,-16,9,10,5,3
119,88,4,220,-129,-25,301,75,191,0,98,-43,25,113,92,9,10,5,3
109,86,15,-89,-17,10,359,75,222,6,101,-50,-1,99,95,9,10,5,3
-52,-51,-67,-94,-20,-7,-251,-112,22,-4,104,-34,-24,88,95,9,10,5,3
-51,-51,-70,-95,-18,-23,-223,-161,24,-13,113,6,-40,79,90,9,10,5,3
-43,-50,-73,-94,-14,-37,-189,-189,26,-126,-22,-89,-30,100,52,9,10,5,3
-30,-51,-76,-60,121,34,-160,-223,25,-137,56,-92,-36,90,52,9,10,5,3
-226,77,70,0,-37,79,-178,183,140,-138,124,-92,-29,77,57,9,10,5,3
-224,59,56,0,-43,62,-161,166,146,-131,143,-85,-20,61,66,9,10,5,3
-215,43,39,-7,-42,42,-130,154,159,-225,-79,-81,-91,-25,47,9,10,5,3
-201,30,23,-23,-33,21,-99,147,195,-208,-82,-74,-98,-41,50,9,10,5,3
38,-29,-36,-95,-8,18,72,-185,26,-180,-78,-78,-105,-56,52,9,10,5,3
43,-25,-47,-98,6,12,60,-80,-6,-848,2351,3900,-110,-71,53,9,10,5,3
48,-20,-58,-97,21,6,64,-83,-8,-92,-215,-134,-70,-22,5,9,10,5,3
-243,-147,89,-36,-26,21,92,-94,-8,11,257,-23,-35,-41,24,9,10,5,3
-271,-161,83,-18,-30,17,112,-99,-9,24,274,-26,8,-66,49,9,10,5,3
-291,-177,64,-4,-31,10,109,-325,128,44,277,-28,59,-93,81,9,10,5,3
-302,-191,34,3,-31,4,121,-351,118,66,265,-11,-106,-6,-10,9,10,5,3
63,104,69,-87,-15,104,134,-382,99,-42,-68,-65,-119,10,-1,9,10,5,3
74,107,72,-11,18,16,141,-406,72,-16,-55,-71,-122,24,18,9,10,5,3
82,100,62,-16,11,16,-248,-247,-139,5,-40,-76,-118,31,45,9,10,5,3
81,89,46,-24,7,17,-250,-302,-98,15,-26,-83,76,10,102,9,10,5,3
-186,110,-43,-31,7,15,-226,-419,-43,194,46,-98,82,-13,111,9,10,5,3
-164,112,-79,105,47,130,-222,-506,34,144,15,-106,93,-35,113,9,10,5,3
-135,111,-113,122,43,161,46,-3,188,91,0,-98,101,-57,109,9,10,5,3
-100,106,-144,137,39,182,67,26,241,48,-12,-83,119,110,81,9,10,5,3
105,-97,-35,151,36,191,94,52,248,-33,-1,-73,116,109,79,9,10,5,3
89,-103,-32,16,-52,-43,106,79,216,-44,-17,-75,111,108,74,9,10,5,3
73,-108,-30,17,-49,-34,128,255,205,-50,-30,-78,105,109,69,9,10,5,3
60,-110,-31,21,-44,-24,152,264,209,-53,-35,-79,150,-84,8,9,10,5,3
128,164,-27,27,-37,-14,203,230,192,0,-37,-84,141,-78,0,9,10,5,3
140,157,-24,257,52,-26,259,168,183,8,-43,-87,137,-74,-10,9,10,5,3
147,154,-17,236,47,-29,8,165,159,13,-67,-79,137,-68,-19,9,10,5,3
148,151,-8,212,40,-32,-92,115,132,30,-95,-65,-52,83,106,9,10,5,3
26,-21,63,187,32,-34,-184,67,97,20,80,-60,-66,67,108,9,10,5,3
16,-12,34,-105,-10,-21,-264,18,57,23,64,-61,-81,52,106,9,10,5,3
5,-4,3,-99,11,-18,24,-231,77,26,45,-74,-95,39,105,9,10,5,3
-6,-2,-26,-93,30,-15,55,-223,67,23,36,-83,-43,-15,65,9,10,5,3
-181,146,7,-90,46,-13,169,-122,154,82,151,-46,-30,-26,79,9,10,5,3
-208,123,-12,-115,24,-101,334,90,299,38,-26,-83,-15,-38,93,9,10,5,3
-230,95,-42,-129,18,-106,-14,-464,-63,12,-54,-70,1255,-1539,2493,9,10,5,3
-244,61,-72,-142,9,-107,0,-484,-76,-11,-83,-57,-76,-68,63,9,10,5,3
-24,-46,-82,-152,0,-102,-21,-464,-71,-9,-107,-71,-82,-57,59,9,10,5,3
-25,-58,-78,-92,6,-29,-68,-418,-57,-77,-128,-120,-81,-47,54,9,10,5,3
-22,-70,-71,-86,4,-31,302,-351,272,-39,-144,-128,-80,-46,51,9,10,5,3
-12,-79,-64,-77,3,-32,251,-209,415,-3,-150,-129,109,-85,47,9,10,5,3
-176,-139,-76,-70,3,-30,177,-12,405,22,-127,-107,86,15,-7,9,10,5,3
-165,-118,-72,-63,116,-54,86,174,331,52,78,-82,91,12,5,9,10,5,3
-163,-91,-65,-46,108,-33,3,35,76,47,45,-80,97,6,18,9,10,5,3
-162,-65,-51,-31,96,-13,-32,86,74,31,8,-71,100,-2,32,9,10,5,3
96,69,-40,-19,79,3,-71,125,75,9,-13,-64,-35,88,59,9,10,5,3
96,67,-44,24,43,23,-106,132,66,-30,-19,-78,-31,89,62,9,10,5,3
95,64,-47,24,40,20,-159,-136,-73,-39,-18,-80,-26,90,68,9,10,5,3
93,60,-48,23,37,14,-195,-174,-108,-46,-20,-83,-20,93,72,9,10,5,3
-197,45,141,22,33,6,-273,-217,-159,-47,-24,-79,107,-186,139,9,10,5,3
-226,46,111,-27,-60,-28,-347,-242,-183,106,90,-65,71,-176,104,9,10,5,3
-252,60,63,-18,-47,-8,48,82,48,58,66,-75,39,-153,68,9,10,5,3
-265,68,16,-9,-32,9,56,105,61,19,44,-79,15,-122,38,9,10,5,3
65,-28,-101,0,-14,24,43,116,70,-5,22,-78,75,94,67,9,10,5,3
66,-34,-88,50,-39,-25,4,109,73,-45,-19,-73,76,93,66,9,10,5,3
74,-38,-73,48,-29,-39,-789,-740,688,-33,-13,-76,74,94,67,9,10,5,3
84,-46,-55,44,-20,-50,126,204,133,-28,-8,-79,75,94,67,9,10,5,3
7,37,-60,42,-14,-59,86,182,119,-23,-19,-80,117,-17,13,9,10,5,3
16,44,-49,173,-74,62,75,138,92,-4,-55,-63,115,-19,9,9,10,5,3
26,55,-32,180,-71,57,97,88,80,-4,-79,-71,120,-22,7,9,10,5,3
39,64,-12,188,-68,50,180,181,167,-3,-96,-74,126,-24,7,9,10,5,3
19,-94,78,194,-64,40,148,124,183,-2,-103,-76,16,68,86,9,10,5,3
32,-99,96,-56,-47,28,79,85,146,-51,-11,-77,2,62,91,9,10,5,3
42,-100,105,-50,-55,26,-12,53,119,-56,-6,-77,-2,56,93,9,10,5,3
50,-97,107,-42,-61,24,16,-89,-54,-61,1,-73,-8,53,93,9,10,5,3
47,105,4,-36,-63,20,83,-52,-72,-70,11,-68,43,-81,202,9,10,5,3
29,135,21,-43,0,-19,170,-66,-24,25,124,-46,-74,47,-8,9,10,5,3
4,162,33,-55,9,-24,-421,-198,-127,-9,88,-48,-80,35,4,9,10,5,3
-6,-11,-70,-64,18,-28,-410,-200,-113,-43,46,-58,-88,20,17,9,10,5,3
-15,-10,-93,-70,26,-32,-393,-208,-104,-66,0,-73,-96,6,28,9,10,5,3
-26,-4,-111,-94,59,22,-371,-220,-99,37,17,-72,-102,-47,31,9,10,5,3
-37,5,-123,-90,58,21,23,-165,-15,20,-14,-76,-110,-52,23,9,10,5,3
-247,-112,133,-86,54,21,31,-200,51,-2,-59,-84,-111,-53,20,9,10,5,3
-262,-134,114,-83,51,23,85,-185,160,-22,-109,-98,-110,-56,22,9,10,5,3
-274,-156,89,-110,114,-52,155,-124,261,-8,116,-10,124,-12,41,9,10,5,3
-284,-177,63,-96,108,-24,99,-183,203,15,131,-7,128,-22,58,9,10,5,3
32,53,-61,-77,100,4,99,-169,195,41,141,-15,128,-34,75,9,10,5,3
65,78,-47,-53,94,31,98,-148,177,68,153,-18,127,-41,84,9,10,5,3
90,103,-30,20,24,33,96,-125,159,-9,-20,-84,-48,-8,40,9,10,5,3
109,126,-12,18,7,32,-118,-99,-37,-28,-36,-87,-41,-5,39,9,10,5,3
-55,-98,-16,14,-9,30,-120,-105,-28,-43,-56,-91,-39,-2,38,9,10,5,3
-62,-98,-13,9,-24,27,-124,-108,-20,-60,-76,-103,-40,-1,34,9,10,5,3
-70,-97,-11,-91,-49,-21,-133,-112,-21,123,-82,-61,-11,-7,93,9,10,5,3
-77,-94,-10,-93,-35,-32,59,-6,105,95,-68,-55,-17,20,69,9,10,5,3
192,87,50,-92,-18,-41,41,-41,92,76,-23,-49,-19,51,49,9,10,5,3
202,82,43,-88,0,-46,19,-60,82,64,25,-52,-19,82,35,9,10,5,3
212,80,27,55,-10,-37,-8,-66,78,4,-6,-79,98,105,26,9,10,5,3
220,75,14,47,-9,-35,-4,158,-6,12,3,-79,101,104,23,9,10,5,3
43,-21,9,42,-10,-32,-16,158,-8,24,15,-80,101,104,20,9,10,5,3
51,-19,13,40,-12,-29,-28,162,-4,23,17,-77,101,103,17,9,10,5,3
57,-22,16,55,-78,0,-32,166,0,67,10,-66,85,-20,84,9,10,5,3
60,-26,17,46,-79,-1,154,38,142,71,13,-68,85,-15,73,9,10,5,3
57,41,-47,39,-81,-3,162,70,141,73,13,-71,88,-9,67,9,10,5,3
64,45,-50,32,-82,-6,168,97,137,73,12,-75,95,-7,63,9,10,5,3
66,48,-49,13,10,0,176,125,132,-46,26,-58,27,64,74,9,10,5,3
-6,1871,3888,17,9,12,-176,118,-17,-49,41,-58,14,57,77,9,10,5,3
-25,-49,-23,19,2,23,-205,62,25,-50,57,-59,5,48,75,9,10,5,3
-22,-53,-9,18,-7,31,-224,8,48,-47,70,-68,1,40,71,9,10,5,3
-17,-54,1,98,51,115,-236,-18,40,33,-16,-79,102,35,125,9,10,5,3
-9,-54,10,108,63,109,-67,234,204,17,-62,-84,97,26,126,9,10,5,3
-75,47,-45,116,75,96,-85,203,204,-3,-89,-82,91,19,126,9,10,5,3
-64,32,-26,121,87,81,-88,178,215,-16,-110,-73,86,14,126,9,10,5,3
-51,15,-4,-82,-92,54,-83,171,212,-13,11,-79,-3710,3150,3980,9,10,5,3
-38,-1,18,-77,-96,40,53,-186,-20,-23,1,-86,-71,-43,78,9,10,5,3
88,87,-16,-71,-92,24,80,-137,-53,-34,-3,-87,-72,-56,82,9,10,5,3
83,87,-31,-65,-82,6,106,-46,-131,-42,-5,-87,-73,-67,81,9,10,5,3
79,85,-46,-71,-34,68,120,-44,-56,42,130,-40,-75,-75,77,9,10,5,3
-3800,-3956,-2583,-63,-38,48,-108,-64,70,56,96,-52,137,17,-35,9,10,5,3
-271,-139,-20,-55,-42,25,-84,-60,76,63,55,-62,149,5,-27,9,10,5,3
-268,-120,-19,-15,11,-6,-66,-66,78,22,168,-72,152,-4,-25,9,10,5,3
-263,-97,-15,-17,6,-21,-23,167,71,10,169,-73,-82,32,86,9,10,5,3
130,60,1,-22,3,-34,-44,238,70,5,154,-68,-78,34,98,9,10,5,3
127,57,-20,26,22,47,-63,278,84,32,41,-83,-73,31,104,9,10,5,3
123,54,-39,26,23,42,-63,277,114,23,34,-84,-69,28,104,9,10,5,3
111,55,-57,24,23,37,-161,-80,-22,4,25,-85,-40,29,7,9,10,5,3
-63,3,106,24,23,30,-265,-108,-108,-21,15,-83,-39,34,7,9,10,5,3
-78,23,130,-62,-2,-58,-392,-108,-163,244,2,-100,-41,40,16,9,10,5,3
-96,42,143,-43,3,-48,-531,-109,-180,-62,-4,-69,-40,39,29,9,10,5,3
-116,66,139,-22,7,-36,-71,66,28,-77,-26,-71,166,114,106,9,10,5,3
132,-52,-83,-3,9,-25,-67,53,49,-92,-51,-80,160,108,105,9,10,5,3
114,-52,-83,-10,-100,89,-62,43,59,-109,-72,-92,151,103,101,9,10,5,3
97,-53,-81,-8,-91,82,-46,36,60,-68,-58,-85,140,97,92,9,10,5,3
83,-54,-78,-2,-81,73,475,334,283,-109,-87,-91,91,-50,93,9,10,5,3
-30,77,-74,4,-71,63,488,287,144,-156,-98,-93,75,-55,74,9,10,5,3
-30,71,-76,125,-83,19,436,251,69,-188,-89,-81,67,-56,50,9,10,5,3
-27,73,-86,136,-82,22,364,196,75,-95,-9,-60,68,-52,29,9,10,5,3
-22,81,-97,149,-78,17,-345,108,-125,-98,11,-47,13,52,81,9,10,5,3
19,3,-18,159,-72,8,-310,128,-122,-91,11,-48,-1,51,73,9,10,5,3
4,0,-29,-65,14,-40,-281,147,-107,-65,7,-56,-14,51,61,9,10,5,3
-9,-4,-37,-65,20,-41,-253,168,-79,-6,-93,-76,-20,52,49,9,10,5,3
-21,-15,-41,-65,25,-40,272,-110,440,-5,-75,-88,128,138,211,9,10,5,3
-67,195,32,-63,25,-38,209,-318,484,-19,-36,-106,132,71,246,9,10,5,3
-107,180,-8,-152,-46,-138,179,-456,466,-48,15,-113,109,13,267,9,10,5,3
-143,153,-55,-162,-33,-143,176,-393,490,-129,-56,-78,78,-32,270,9,10,5,3
-169,119,-99,-168,-20,-145,432,3622,-3984,45,58,-62,-70,-78,66,9,10,5,3
23,7,-72,-170,-9,-145,75,-70,47,17,62,-54,-65,-75,79,9,10,5,3
28,15,-76,-58,79,41,94,-67,81,0,54,-53,-64,-70,91,9,10,5,3
34,22,-81,-61,87,57,117,-66,127,-14,30,-57,-63,-66,97,9,10,5,3
36,28,-84,-65,96,73,145,-91,149,-83,-52,-71,70,-41,-41,9,10,5,3
-209,-195,78,-1325,-1194,-2901,40,-140,104,-76,-54,-78,86,-42,-29,9,10,5,3
-212,-195,65,-51,-14,31,34,-153,113,-56,-39,-80,100,-50,-16,9,10,5,3
-221,-194,54,-52,-9,30,57,-179,114,-45,-21,-61,119,-60,-8,9,10,5,3
-221,-186,45,-54,-5,26,80,-195,116,-47,-126,-84,-105,0,79,9,10,5,3
90,102,16,-55,-4,20,-47,9,154,-49,-118,-73,-102,6,97,9,10,5,3
95,89,9,-14,46,13,-50,30,114,-57,-100,-60,-99,4,114,9,10,5,3
100,78,2,-9,52,2,-60,51,76,-54,-76,-48,-92,0,125,9,10,5,3
101,69,-5,-1,58,-7,-78,68,44,-1,3,-33,-3,38,66,9,10,5,3
-51,23,23,6,63,-16,96,-69,148,-3,14,-36,2,25,76,9,10,5,3
-53,28,-14,115,43,21,72,-72,123,3,36,-35,8,12,85,9,10,5,3
-57,28,-48,128,42,30,72,-59,105,22,51,-35,12,0,92,9,10,5,3
-60,31,-75,141,39,40,81,-29,99,-35,11,-56,103,78,77,9,10,5,3
25,-40,-81,40,-39,-23,38,187,23,-32,0,-56,106,75,71,9,10,5,3
14,-40,-67,36,-37,-23,-61,107,60,-32,-27,-67,106,72,64,9,10,5,3
6,-39,-57,32,-36,-22,-38,100,50,-74,-9,-53,71,0,103,9,10,5,3
-66,-7,-51,-20,-63,-25,-9,109,49,58,13,-61,71,-3,100,9,10,5,3
-67,-10,-62,-23,-65,-25,168,182,128,61,9,-65,68,-7,97,9,10,5,3
-66,-13,-69,-25,-64,-22,173,202,105,62,6,-68,83,0,49,9,10,5,3
-64,-15,-73,-23,-60,-15,168,211,100,60,5,-68,80,9,42,9,10,5,3
26,-80,86,-8,-12,32,160,205,106,-3,28,-56,81,18,36,9,10,5,3
39,-75,92,-8,-31,42,-205,87,-25,-1,16,-60,78,25,37,9,10,5,3
51,-64,92,-9,-50,48,-212,26,-26,-6,3,-67,38,47,52,9,10,5,3
62,-50,88,-12,-67,51,-208,-10,-22,-9,-7,-77,42,73,80,9,10,5,3
33,25,-24,36,52,14,-197,-30,-12,-3,79,-64,36,63,79,9,10,5,3
28,26,-26,25,49,4,65,223,122,22,120,-72,29,57,76,9,10,5,3
23,32,-33,13,47,-5,27,201,136,54,160,-74,26,55,70,9,10,5,3
18,38,-42,3,47,-13,0,166,156,83,177,-74,10,-4,46,9,10,5,3
-10,15,11,-7,-11,65,-31,117,161,-35,29,-45,10,-9,53,9,10,5,3
0,25,10,-3,-12,65,-55,-53,81,-30,37,-52,7,-16,58,9,10,5,3
8,32,5,0,-11,63,-59,-52,82,-22,45,-60,4,-19,60,9,10,5,3
12,38,0,2,-10,58,-55,-46,90,-11,42,-66,69,17,70,9,10,5,3
-75,-16,-112,-7,55,-36,-47,-35,100,18,25,-72,60,14,60,9,10,5,3
-62,-24,-104,-11,54,-29,-217,-220,-122,12,19,-72,54,14,48,9,10,5,3
-46,-28,-92,-13,53,-18,-238,-211,-131,5,8,-74,44,15,37,9,10,5,3
-23,-31,-73,-15,49,-3,-261,-180,-138,-3,0,-70,-10,58,48,9,10,5,3
159,121,13,13,134,64,-270,-151,-146,-14,-84,-76,-11,60,53,9,10,5,3
149,125,-4,10,141,67,334,-163,68,-21,-93,-84,-7,65,60,9,10,5,3
141,123,-27,11,146,70,270,-181,84,-21,-106,-89,-4,71,65,9,10,5,3
134,119,-50,14,151,71,182,-121,161,-22,-115,-93,2,-93,-10,9,10,5,3
-96,-130,-20,-95,-60,-106,109,-12,271,-78,-27,-41,7,-81,-4,9,10,5,3
-82,-28,29,-85,-46,-94,22,-183,62,-70,-22,-39,14,-72,1,9,10,5,3
-80,-10,46,-76,-34,-81,-2,-116,80,-63,-12,-42,27,5,1,9,10,5,3
-78,8,57,-66,62,-52,-11,-89,75,66,57,-83,31,10,0,9,10,5,3
-73,21,62,-68,60,-58,-12,-84,65,68,43,-78,34,13,0,9,10,5,3
-102,-47,-20,-71,57,-63,-11,-93,61,75,30,-73,35,10,0,9,10,5,3
-95,-41,-16,-73,52,-66,-118,10,20,79,22,-65,-45,20,112,9,10,5,3
-84,-34,-10,33,92,46,-150,18,4,1,78,-91,-44,26,113,9,10,5,3
-69,-25,-5,39,92,39,-162,32,-3,4,90,-92,-45,33,114,9,10,5,3
-2,4,17,44,90,32,-150,45,0,18,82,-97,-41,42,112,9,10,5,3
-17,1,20,48,88,25,-77,291,158,37,54,-89,-16,-36,65,9,10,5,3
-34,-3,23,-32,37,-4,-61,235,161,183,26,-88,4,-31,86,9,10,5,3
-53,-9,24,-5,34,0,-67,138,181,144,7,-87,20,-21,96,9,10,5,3
203,-60,-5,15,30,5,-87,39,163,98,0,-73,27,-10,94,9,10,5,3
194,-61,-16,35,28,10,145,160,92,46,-1,-62,126,113,78,9,10,5,3
182,-60,-28,67,-51,6,150,169,90,-46,-72,-74,129,112,83,9,10,5,3
167,-59,-40,66,-45,-2,152,173,86,-45,-82,-74,130,112,86,9,10,5,3
1,133,30,67,-39,-10,155,174,82,-40,-94,-73,130,112,86,9,10,5,3
-37,135,-7,67,-35,-15,-8,-87,116,-29,-102,-73,145,-45,46,9,10,5,3
-72,129,-42,118,-67,26,-38,-60,112,82,-43,-65,143,-40,50,9,10,5,3
-98,119,-71,123,-66,13,-64,-21,105,88,-16,-62,139,-36,51,9,10,5,3
21,-33,-11,125,-64,3,145,78,127,100,7,-62,47,71,67,9,10,5,3
-5,-82,24,-2503,-75,-19,64,21,106,102,25,-59,44,74,68,9,10,5,3
0,-80,28,-54,-58,21,-30,-1,86,19,70,-68,40,77,69,9,10,5,3
8,-74,29,-52,-53,12,-107,-7,67,25,75,-54,36,75,68,9,10,5,3
16,-67,30,-49,-47,4,92,-201,134,29,83,-45,24,64,63,9,10,5,3
64,41,0,-47,-40,-2,69,-210,119,31,86,-53,20,69,57,9,10,5,3
57,47,5,-13,-19,14,49,-173,79,-79,-24,-62,16,72,51,9,10,5,3
49,48,3,-21,-37,1,49,-151,85,-71,38,-55,13,76,49,9,10,5,3
40,49,-3,-34,-50,-11,0,23,99,-44,103,-41,16,20,56,9,10,5,3
-14,42,-37,-50,-57,-24,30,15,129,-4,141,-26,13,17,65,9,10,5,3
-9,56,-50,77,45,31,63,7,163,87,58,-54,13,11,72,9,10,5,3
-6,67,-62,68,55,20,81,-10,177,85,53,-57,20,0,79,9,10,5,3
-5,74,-73,55,66,10,-191,-87,-38,77,41,-59,-23,57,48,9,10,5,3
137,66,42,43,79,0,-210,-106,-74,81,26,-83,-18,51,55,9,10,5,3
130,71,33,24,48,-21,-232,-125,-108,31,13,-77,-16,40,61,9,10,5,3
121,71,20,13,52,-22,-250,-145,-129,30,16,-71,-19,28,64,9,10,5,3
111,66,5,1,56,-21,85,-58,87,32,1,-65,-36,-5,28,9,10,5,3
-114,25,55,-61,18,62,53,-32,66,-25,52,-68,57,-82,84,9,10,5,3
-137,12,42,-64,5,54,93,-24,109,-33,63,-66,42,-69,51,9,10,5,3
-158,-2,26,-67,-6,46,118,-134,131,-39,67,-63,28,-57,17,9,10,5,3
-173,-18,7,-69,-17,35,144,-140,136,-41,64,-55,15,-48,-11,9,10,5,3
-85,61,-38,-88,-3,119,143,-140,136,-104,-34,-55,-55,13,86,9,10,5,3
-63,61,-23,-80,18,131,125,-129,135,-98,-50,-47,-49,29,87,9,10,5,3
-39,60,-6,-70,40,137,-33,-137,20,-85,-77,-47,-39,44,84,9,10,5,3
-12,62,7,-59,60,135,-38,-120,34,-48,-109,-90,-35,61,82,9,10,5,3
59,-48,-18,14,42,-17,-43,-108,49,-9,-9,-76,62,119,23,9,10,5,3
53,-45,-27,12,39,-18,-46,-98,61,-10,-12,-81,58,114,19,9,10,5,3
47,-42,-37,12,32,-20,-177,-68,-22,-15,-6,-83,52,111,15,9,10,5,3
37,-39,-47,11,24,-20,-247,-131,0,-25,2,-81,50,108,11,9,10,5,3
-84,76,-127,55,37,-69,-298,-82,42,60,-65,-83,105,55,-92,9,10,5,3
-63,75,-127,87,39,-57,-217,118,166,44,-51,-81,101,49,-85,9,10,5,3
-43,74,-116,116,31,-42,-152,-515,83,33,-26,-73,100,42,-78,9,10,5,3
-28,74,-97,136,16,-30,-150,-473,72,29,0,-72,98,34,-73,9,10,5,3
158,-117,31,134,-71,143,-140,-416,62,16,-72,-81,156,84,55,9,10,5,3
148,-117,27,129,-74,138,-124,-336,54,18,-62,-80,160,87,47,9,10,5,3
139,-116,20,120,-76,131,109,278,102,19,-49,-81,162,89,38,9,10,5,3
-2,2,52,7,-57,44,114,235,143,82,3,-63,116,0,21,9,10,5,3
-9,14,38,13,-56,41,127,168,180,48,-128,-86,126,1,19,9,10,5,3
-15,24,19,22,-54,36,135,94,211,27,-123,-85,136,1,17,9,10,5,3
-16,32,1,31,-48,31,228,187,213,13,-94,-79,144,0,14,9,10,5,3
-19,-24,6,-38,15,9,214,181,217,8,-65,-74,-31,35,42,9,10,5,3
-15,-38,28,-51,17,17,190,177,225,4,70,-65,-40,30,52,9,10,5,3
-12,-52,50,-65,18,26,164,179,232,8,65,-68,-45,22,63,9,10,5,3
-8,-65,73,-79,18,36,38,-289,-53,2,58,-68,-49,15,74,9,10,5,3
93,94,-16,18,120,123,103,-294,-32,-13,39,-70,-4,19,167,9,10,5,3
73,113,17,28,122,141,170,-286,-7,160,105,-72,12,-22,190,9,10,5,3
49,128,49,37,122,148,206,-265,7,147,110,-62,24,-56,202,9,10,5,3
24,139,68,42,118,139,-348,-212,-160,116,109,-40,24,-78,203,9,10,5,3
-75,-49,-56,-119,-13,-24,-312,-235,-149,73,112,-22,-40,-75,39,9,10,5,3
-73,-45,-54,-126,-17,-13,-262,-252,-132,-99,-57,-71,-32,-83,45,9,10,5,3
-69,-44,-51,-127,-19,-3,-215,-257,-110,-51,-90,-48,-26,-88,45,9,10,5,3
-64,-45,-47,-122,-20,6,453,-308,282,-16,-117,-39,-24,-97,44,9,10,5,3
-266,-51,59,29,10,20,404,-169,460,5,-123,-58,17,-135,91,9,10,5,3
-264,-81,48,23,-9,9,327,-20,498,25,-155,-104,-1,-130,68,9,10,5,3
-253,-110,39,11,-31,-3,219,98,448,-25,-125,-81,-18,-118,50,9,10,5,3
-231,-133,33,-3,-52,-16,41,-197,33,-67,-81,-61,-25,-98,35,9,10,5,3
36,36,-6,-20,57,-38,-44,-118,39,-100,-40,-67,-8,-34,47,9,10,5,3
27,16,2,-28,55,-39,-55,-113,51,-51,-110,-85,-12,-36,51,9,10,5,3
18,-4,13,-35,49,-35,-62,-112,61,-58,-105,-85,-15,-38,54,9,10,5,3
10,-23,25,-41,41,-28,-69,-109,65,-56,-81,-81,-18,-40,57,9,10,5,3
-94,3,15,-108,-22,-27,-289,-200,65,-41,-49,-77,-26,-3,36,9,10,5,3
-97,11,23,-101,-10,-21,-234,-99,131,121,-9,-93,-29,-21,48,9,10,5,3
-97,22,32,-91,-1,-16,-107,56,238,109,8,-85,-35,-41,57,9,10,5,3
-95,37,41,-80,4,-14,23,153,309,94,29,-74,-39,-56,62,9,10,5,3
195,-40,-58,185,-8,26,0,123,59,78,44,-68,133,140,57,9,10,5,3
173,-39,-65,172,-15,17,13,154,78,-54,-10,-84,125,140,52,9,10,5,3
148,-36,-70,159,-20,10,6,165,83,-36,-15,-68,120,137,43,9,10,5,3
123,-34,-73,147,-22,2,0,168,96,-7,-24,-49,117,134,37,9,10,5,3
62,26,-70,147,-52,13,278,127,217,-12,-47,-71,134,80,40,9,10,5,3
80,20,-61,126,0,-18,239,130,189,-39,-55,-72,128,90,33,9,10,5,3
97,13,-53,117,1,-15,180,122,151,-64,-58,-75,126,97,27,9,10,5,3
106,3,-46,104,3,-11,77,119,140,-84,-56,-74,124,103,23,9,10,5,3
-5,16,-24,90,3,-3,-26,18,112,12,-27,-79,-12,29,54,9,10,5,3
0,16,-27,27,74,65,20,85,3,0,-52,-89,-17,37,46,9,10,5,3
6,16,-30,30,93,68,41,9,80,-14,-71,-94,-20,49,37,9,10,5,3
14,15,-32,32,115,73,8,-30,108,-31,-86,-99,-20,64,32,9,10,5,3
-173,-114,-31,34,140,79,-318,-87,-68,-71,-57,-71,-75,-106,19,9,10,5,3
-139,-126,11,-130,-110,117,-335,-105,-84,-93,-75,-82,-63,-136,34,9,10,5,3
-100,-134,52,-100,-114,122,-355,-125,-92,-112,-89,-92,-52,-159,46,9,10,5,3
-70,-138,89,-72,-115,121,-365,-156,-98,-124,-98,-103,-46,-172,56,9,10,5,3
35,33,-99,-45,-115,112,218,108,191,-83,-116,-103,-47,-31,13,9,10,5,3
35,43,-103,-36,74,60,220,142,166,-72,-133,-103,-30,-21,33,9,10,5,3
32,53,-103,-46,63,50,210,120,118,-63,-147,-101,-3,-14,61,9,10,5,3
26,62,-97,-57,52,39,254,51,138,-54,-148,-98,30,-15,88,9,10,5,3
-80,-72,-52,-65,44,28,-63,52,105,-45,-18,-36,-66,-48,41,9,10,5,3
-79,-57,-43,16,82,87,-101,18,87,-62,-6,-36,-59,-39,56,9,10,5,3
-77,-43,-26,27,85,68,-124,-14,84,-72,11,-39,-50,-31,66,9,10,5,3
-72,-22,-4,35,86,47,-114,-39,94,-74,26,-44,-43,-26,75,9,10,5,3
-62,-6,24,39,87,26,-20,28,104,119,14,-60,-46,14,3,9,10,5,3
-69,-3,23,-71,25,18,-1,38,117,117,31,-54,-49,11,10,9,10,5,3
-74,-2,22,-44,47,30,-12,24,73,117,46,-55,-47,10,15,9,10,5,3
-78,-1,25,-12,64,45,-43,3,61,97,51,-59,-41,12,22,9,10,5,3
103,-16,20,20,79,59,-103,40,49,-93,-76,-63,64,59,117,9,10,5,3
79,-37,39,-16,-58,20,-116,52,37,-68,-65,-55,59,62,113,9,10,5,3
62,-56,46,-16,-60,7,-133,63,32,-38,-51,-54,52,66,109,9,10,5,3
52,-70,44,-13,-60,-4,-132,66,20,-8,-50,-60,48,72,102,9,10,5,3
13,86,-87,-8,-59,-15,180,300,308,13,-2,-67,69,57,36,9,10,5,3
15,80,-83,61,24,-25,114,316,245,-3,6,-69,55,69,26,9,10,5,3
18,71,-75,49,22,-19,46,300,188,-20,12,-69,44,82,16,9,10,5,3
22,59,-67,36,19,-14,-8,242,147,-34,15,-70,34,94,7,9,10,5,3
29,14,-7,24,13,-8,5,-176,25,-54,9,-44,9,18,45,9,10,5,3
33,22,0,4,78,25,58,-150,27,-40,10,-68,7,29,39,9,10,5,3
32,28,4,0,85,32,111,-131,26,-15,13,-83,2,42,31,9,10,5,3
29,31,3,-4,90,39,155,-135,24,15,11,-79,-6,54,25,9,10,5,3
-4,36,45,-11,93,43,-198,-244,-67,-50,-67,-78,-55,-68,49,9,10,5,3
-10,20,41,-92,-61,34,-149,-253,-69,-41,-53,-76,-56,-78,46,9,10,5,3
-14,1,37,-67,-6,63,-107,-247,-64,-37,-45,-77,-54,-85,42,9,10,5,3
-18,-16,30,-74,8,57,-66,-221,-40,-39,-43,-71,-50,-92,38,9,10,5,3
-263,-275,41,-81,22,48,-111,-260,95,66,192,27,35,-28,-9,9,10,5,3
-234,-268,32,-87,34,34,-76,-264,94,94,170,-16,22,-20,-22,9,10,5,3
-205,-254,29,-45,-58,4,-8,-275,101,117,147,-56,20,-16,-29,9,10,5,3
-181,-234,28,-52,-44,53,75,-308,126,136,119,-80,26,-20,-33,9,10,5,3
2,62,-89,-58,-27,98,-28,-105,-28,65,-32,-84,-58,-2,61,9,10,5,3
10,49,-100,-59,-12,137,-43,-148,-44,68,-93,-85,-60,4,60,9,10,5,3
20,42,-109,-60,-57,-37,-67,-182,-58,59,-145,-96,-59,12,59,9,10,5,3
28,39,-113,-73,-75,-35,-95,-200,-69,41,-182,-105,-56,22,58,9,10,5,3
-80,123,-50,-89,-90,-30,3,-123,70,94,-11,-75,-38,134,21,9,10,5,3
-46,131,-67,-106,-102,-25,-16,-94,38,71,-9,-70,-23,164,26,9,10,5,3
-14,133,-81,260,36,28,-48,-77,20,45,0,-69,-2,195,33,9,10,5,3
20,138,-94,243,24,28,-74,-62,8,18,13,-74,14,223,42,9,10,5,3
69,-85,40,224,8,26,-179,62,-42,-10,-40,-83,123,167,-15,9,10,5,3
78,-83,47,206,-8,22,-184,193,-36,-18,-16,-79,125,151,-12,9,10,5,3
90,-81,50,84,-29,12,-100,360,-7,-22,10,-66,127,137,-5,9,10,5,3
100,-72,49,82,-34,26,54,532,68,-14,26,-48,127,124,8,9,10,5,3
35,-40,-4,81,-41,34,-345,63,-75,-87,-15,-66,14,71,47,9,10,5,3
33,-53,12,77,-46,37,-398,39,-77,-72,-15,-68,11,69,54,9,10,5,3
33,-64,27,7,-54,40,-421,14,-91,-54,-11,-62,4,62,60,9,10,5,3
35,-72,41,19,-39,39,-418,6,-98,-35,-1,-52,-6,52,63,9,10,5,3
22,61,-163,28,-24,38,-136,-708,160,149,-87,-59,29,0,144,9,10,5,3
-198,106,88,-26,-59,-20,-182,-414,192,180,-24,-48,32,8,-4,9,10,5,3
-199,67,103,-51,-50,-26,-164,-67,208,192,28,-34,38,32,-12,9,10,5,3
-193,31,115,-76,-34,-34,-20,61,164,-46,44,-61,46,49,-10,9,10,5,3
-181,0,123,-100,-12,-42,-173,-202,-25,-78,64,-57,56,59,-4,9,10,5,3
82,-14,92,-53,-64,-8,-197,-227,-51,-110,67,-60,-67,-56,-1,9,10,5,3
62,-13,64,-17,-54,-52,-214,-241,-73,-135,53,-61,-76,-41,-7,9,10,5,3
40,-16,35,-18,-47,-44,-225,-233,-95,3,-25,-97,-83,-32,-7,9,10,5,3
19,-21,5,-18,-38,-35,123,-84,239,22,-59,-88,-84,-28,-2,9,10,5,3
-179,20,29,-16,-27,-25,154,-48,286,41,-81,-76,23,21,-2,9,10,5,3
-209,-2,3,-146,-3,-164,192,-57,278,131,119,-46,22,26,-19,9,10,5,3
-238,-30,-20,-159,-11,-153,225,-99,256,117,124,-60,22,31,-26,9,10,5,3
-258,-62,-41,-167,-22,-135,35,-40,40,85,121,-84,29,44,-27,9,10,5,3
108,85,20,-171,-36,-115,2,-78,10,41,104,-101,-52,-23,13,9,10,5,3
108,85,13,-40,-53,-88,-27,-112,-11,-66,-22,-69,-48,-21,8,9,10,5,3
102,75,6,-51,-60,-88,-36,-139,-18,-85,-12,-68,-46,-26,5,9,10,5,3
90,61,-4,-62,-66,-84,140,-38,312,-100,-5,-61,-48,-33,5,9,10,5,3
-62,62,-166,-75,-70,-79,126,-36,250,-112,-6,-51,-5,210,6,9,10,5,3
-21,58,-152,139,95,96,96,-23,192,57,-21,-73,5,220,24,9,10,5,3
24,60,-131,150,87,91,61,-5,151,75,-32,-81,11,218,41,9,10,5,3
72,64,-102,161,74,86,-26,73,164,83,-41,-86,84,170,27,9,10,5,3
82,-7,41,105,1,-12,438,626,148,146,-59,-51,91,182,23,9,10,5,3
-71,53,-92,98,-8,-8,341,537,129,185,-53,-55,92,191,24,9,10,5,3
-67,60,-92,91,-22,-6,242,422,122,224,-40,-61,128,55,36,9,10,5,3
-62,67,-85,81,-34,-6,182,322,101,251,-26,-69,123,60,44,9,10,5,3
-55,73,-73,-7,38,-46,-234,67,-95,-25,-13,-57,116,63,50,9,10,5,3
99,0,-13,-11,35,-35,-258,56,-103,-25,-14,-62,106,66,53,9,10,5,3
97,10,-24,-15,29,-22,-283,41,-93,-25,-11,-62,5,15,89,9,10,5,3
92,20,-32,-19,20,-9,-305,41,-77,-21,-7,-57,-3,68,34,9,10,5,3
87,31,-37,-31,107,43,392,127,439,97,-2,-63,-13,79,19,9,10,5,3
-83,122,45,-28,109,50,345,32,430,98,-8,-65,-20,94,8,9,10,5,3
-97,108,43,-27,111,53,261,-62,398,102,-3,-60,-29,107,1,9,10,5,3
-108,86,32,-28,110,49,149,-103,369,108,4,-52,-45,-91,30,9,10,5,3
-115,60,17,-102,-26,-34,-2,-182,-56,-33,28,-64,-44,-87,20,9,10,5,3
-43,-12,-43,-101,-32,-24,6,-145,-58,-7,2,-62,-49,-90,15,9,10,5,3
-39,-19,-35,-98,-40,-12,3,-88,-84,17,-26,-62,-53,-100,13,9,10,5,3
-35,-26,-26,-94,-48,0,0,-79,-54,45,-52,-89,81,-62,9,9,10,5,3
-38,-29,-13,-100,-119,-172,34,-236,6,79,3,-55,66,-71,-10,9,10,5,3
18,-76,65,-122,-126,-170,46,-216,13,110,-34,-63,52,-77,-27,9,10,5,3
17,-66,63,-142,-127,-158,55,-169,32,149,-69,-73,38,-77,-38,9,10,5,3
17,-50,58,-154,-123,-137,57,-106,54,175,-94,-85,-25,38,25,9,10,5,3
21,-26,49,-26,-58,-52,-190,48,121,-212,196,-103,-11,12,26,9,10,5,3
-131,-151,24,-35,-93,-57,-195,7,86,-168,82,-70,-5,-11,27,9,10,5,3
-160,-158,54,-46,-124,-66,-198,-46,27,-66,-76,-40,-5,-31,29,9,10,5,3
-186,-153,82,-59,-148,-78,-203,-93,-37,40,-224,-18,-123,133,5,9,10,5,3
-203,-136,102,96,142,87,-116,-19,56,-93,-133,-62,-117,155,21,9,10,5,3
114,0,-78,96,145,82,-107,-33,75,-105,-123,-62,-104,178,40,9,10,5,3
92,-5,-95,100,149,73,-99,-19,95,-108,-114,-68,-83,202,60,9,10,5,3
80,-11,-107,107,149,63,-88,8,112,-98,-100,-69,75,87,51,9,10,5,3
75,-15,-119,54,-24,-69,139,57,84,40,-23,-69,72,75,30,9,10,5,3
50,65,12,64,-28,-54,115,19,101,29,-38,-65,72,72,8,9,10,5,3
66,68,9,77,-31,-36,83,-18,112,18,-53,-60,11,2197,3553,9,10,5,3
79,69,0,90,-32,-15,53,-38,114,7,-54,-53,130,66,45,9,10,5,3
87,70,-9,114,-30,58,197,14,186,-47,-70,-79,127,61,50,9,10,5,3
24,24,-97,119,-28,67,191,22,228,-57,-74,-91,125,57,56,9,10,5,3
29,23,-92,122,-23,73,185,31,274,-58,-77,-96,121,54,61,9,10,5,3
31,23,-85,125,-18,75,180,37,321,-54,-73,-87,-27,17,55,9,10,5,3
30,20,-76,-36,-91,-9,-245,76,-39,37,-5,-93,-32,8,53,9,10,5,3
125,-36,-49,-24,-83,-22,-226,57,-32,53,1,-99,-36,5,52,9,10,5,3
129,-26,-30,-13,-78,-35,-209,34,-23,66,17,-92,-40,5,52,9,10,5,3
132,-18,-14,-3,-74,-49,-193,12,-10,73,35,-86,95,44,248,9,10,5,3
135,-10,0,-25,113,-48,-170,67,19,300,266,-41,109,-25,258,9,10,5,3
-98,-10,-10,-31,103,-58,-152,90,55,234,296,-38,112,-65,229,9,10,5,3
-80,-17,11,-30,98,-64,-151,120,108,164,296,-35,108,-71,173,9,10,5,3
-64,-19,30,3125,-1706,-2068,-151,173,160,98,258,-33,-40,-157,35,9,10,5,3
-53,-18,45,-109,-22,-89,-17,-192,31,-20,-38,-55,-35,-154,26,9,10,5,3
-43,-68,10,-112,-11,-97,262,-106,99,-8,-104,-59,-35,-145,13,9,10,5,3
-43,-69,16,-112,-5,-98,311,-78,100,5,-174,-73,1,-57,67,9,10,5,3
-41,-69,20,-109,-5,-94,339,-48,108,2,-223,-74,0,-46,69,9,10,5,3
-41,-68,20,-29,143,31,338,-14,134,-95,114,-23,0,-44,73,9,10,5,3
-170,-88,-52,-23,141,32,-37,-121,65,-89,117,7,0,-44,73,9,10,5,3
-153,-109,-57,-21,138,34,-29,-123,53,-80,115,13,21,98,112,9,10,5,3
-135,-125,-56,-23,137,36,-8,-133,52,-72,103,-2,65,-58,-14,9,10,5,3
-119,-133,-50,28,-10,26,18,-151,61,-118,-117,-58,36,-63,-32,9,10,5,3
80,79,120,5,-24,128,76,-11,105,-108,-104,-63,7,-63,-37,9,10,5,3
85,98,109,17,-45,112,70,5,102,-95,-75,-65,-12,-58,-34,9,10,5,3
86,110,90,26,-60,97,54,8,94,-79,-35,-64,-17,0,59,9,10,5,3
79,114,65,31,-70,84,27,1,81,-42,89,-64,-20,0,54,9,10,5,3
-85,-52,19,-134,-110,-48,-251,221,10,-47,96,-60,-24,1,50,9,10,5,3
-103,-4,-53,-155,-111,-50,-251,205,10,-50,88,-55,11,113,92,9,10,5,3
-96,1,-51,-172,-105,-53,-255,185,-1,140,-94,-64,33,112,117,9,10,5,3
-84,5,-47,-3073,1621,-3313,-260,171,-21,116,-24,-64,58,107,138,9,10,5,3
-66,15,-41,205,11,59,-143,31,-39,100,23,-71,80,95,153,9,10,5,3
135,-50,-67,202,7,45,-122,38,-28,92,48,-80,64,113,93,9,10,5,3
116,-52,-83,194,2,31,-97,59,-13,19,0,-78,58,110,91,9,10,5,3
99,-52,-100,183,-1,20,-72,88,7,-31,-51,-58,53,110,88,9,10,5,3
85,-54,-114,15,-25,-17,275,146,227,-30,-26,-36,48,112,83,9,10,5,3
-98,112,-89,21,-34,-29,265,48,222,-16,-11,-21,121,31,16,9,10,5,3
-96,118,-94,27,-43,-34,281,-18,217,10,-13,-19,121,38,16,9,10,5,3
-91,122,-97,32,-53,-36,304,-67,218,45,-42,-86,119,47,14,9,10,5,3
-83,125,-97,-13,-35,26,-335,209,-135,42,-36,-89,121,54,10,9,10,5,3
41,-8,30,-25,-45,38,-325,225,-109,27,-40,-85,-31,43,53,9,10,5,3
21,-16,12,-36,-54,46,-324,224,-87,10,-49,-90,-18,52,54,9,10,5,3
5,-27,-5,-44,-60,50,-326,208,-72,196,-46,-78,-18,55,58,9,10,5,3
-6,-35,-21,-40,-20,-143,-370,-75,3,182,-36,-92,-14,61,60,9,10,5,3
35,-120,121,-56,-8,-159,-396,-131,-68,156,-4,-109,6,-69,93,9,10,5,3
65,-86,153,-71,10,-170,-417,-170,-135,131,36,-113,6,-67,95,9,10,5,3
86,-48,174,-83,30,-174,-430,-188,-179,-23,-113,-76,-5,-67,92,9,10,5,3
98,-13,182,-93,4,60,227,-131,74,-20,-99,-70,-19,-64,83,9,10,5,3
-100,3,81,-87,0,71,255,-94,110,-15,-84,-68,154,-59,141,9,10,5,3
-128,-11,106,-80,-3,80,269,-15,155,-13,-75,-67,195,-54,161,9,10,5,3
-156,-28,120,-71,-7,86,308,160,318,50,48,-76,224,-58,162,9,10,5,3
-188,-50,122,-130,-38,12,1,-53,105,56,37,-69,238,-70,149,9,10,5,3
-106,42,-61,-96,-32,21,-11,-21,124,64,36,-77,-42,-16,41,9,10,5,3
-108,20,-66,-67,-28,29,-14,8,135,64,36,-72,-49,-11,32,9,10,5,3
-106,3,-65,-44,-21,36,-7,38,147,-138,-81,-90,-57,-15,25,9,10,5,3
-102,-9,-60,-20,73,-31,40,-11,289,-164,-61,-65,-57,-20,19,9,10,5,3
79,91,-55,-10,88,19,171,-64,302,-170,-44,-48,-6,213,62,9,10,5,3
97,97,-68,0,96,60,265,-97,269,-161,-36,-44,-7,221,58,9,10,5,3
111,99,-79,11,99,91,317,-107,234,-70,-126,-67,-6,227,56,9,10,5,3
123,96,-87,63,-13,25,-60,22,86,-97,-144,-78,0,232,55,9,10,5,3
-25,-65,-10,50,-24,21,-81,41,87,-113,-143,-86,9,91,56,9,10,5,3
-11,-65,-6,37,-35,24,-102,61,83,-124,-124,-85,6,89,48,9,10,5,3
0,-65,-4,26,-44,35,-114,88,68,-66,-118,-41,5,84,41,9,10,5,3
8,-61,-7,46,-66,-9,115,-112,114,-59,-126,-46,9,76,35,9,10,5,3
-13,56,-53,56,-65,-21,114,83,84,-42,-131,-50,104,71,17,9,10,5,3
3,56,-27,64,-62,-33,126,108,86,-18,-128,-53,107,67,27,9,10,5,3
22,57,-2,73,-57,-41,142,126,101,25,20,-71,109,62,38,9,10,5,3
41,59,17,26,24,126,157,139,126,11,13,-74,111,55,52,9,10,5,3
116,23,41,34,26,124,-168,232,20,-6,-1,-71,-23,65,35,9,10,5,3
95,18,-6,36,23,119,-172,178,32,-26,-21,-71,-21,66,33,9,10,5,3
75,11,-47,36,16,107,-182,134,52,-3,-76,-68,-15,62,34,9,10,5,3
55,7,-79,65,109,159,-187,97,71,21,-72,-79,-9,58,38,9,10,5,3
-117,181,55,66,125,166,-163,218,249,48,-60,-90,-17,44,19,9,10,5,3
-146,153,18,62,133,163,-121,115,243,65,-37,-88,-46,54,-8,9,10,5,3
-165,116,-21,54,139,152,-100,42,214,-102,-78,-89,-67,61,-32,9,10,5,3
-172,77,-58,-53,-66,103,-131,3,147,-82,-84,-92,-84,64,-52,9,10,5,3
-111,-88,-94,-48,-63,94,143,-16,-61,-64,-91,-94,26,-104,-36,9,10,5,3
-100,-95,-98,-48,-59,81,153,32,-85,-54,-91,-94,17,-98,-43,9,10,5,3
-89,-102,-104,-51,-52,67,209,-18,20,-22,360,41,7,-91,-48,9,10,5,3
-76,-109,-109,-7,-83,-159,255,-78,47,2,368,61,-5,-87,-51,9,10,5,3
130,-9,117,-31,-68,-191,-58,-29,38,30,364,61,21,0,104,9,10,5,3
146,41,147,-60,-53,-219,-76,21,60,-844,3007,-247,28,-33,100,9,10,5,3
147,88,162,-89,-36,-241,-93,60,85,7,18,-105,32,-58,90,9,10,5,3
139,123,162,-80,0,-152,-104,80,108,-33,-22,-107,27,-76,83,9,10,5,3
-213,7,128,-77,-17,-135,-141,49,127,-68,-71,-117,-13,-112,48,9,10,5,3
-218,19,101,-76,-38,-113,-123,40,104,-96,-125,-121,-56,-84,14,9,10,5,3
-218,26,63,3968,215,873,-103,54,73,23,-22,-73,-97,-49,-9,9,10,5,3
-213,27,24,193,-15,46,-72,73,49,56,-8,-79,-126,0,-22,9,10,5,3
139,-59,-28,169,-29,54,-8,196,64,76,-5,-83,35,175,86,9,10,5,3
136,-69,-14,148,-35,59,-18,211,60,82,-10,-85,31,172,79,9,10,5,3
132,-78,0,129,-36,61,-28,217,51,-4,-65,-21,22,171,69,9,10,5,3
126,-85,12,98,-51,28,-36,221,42,222,67,-68,15,172,55,9,10,5,3
5,138,-67,115,-61,26,-52,136,51,202,57,-74,158,80,-11,9,10,5,3
42,144,-46,136,-67,28,-82,114,58,175,43,-78,160,81,-2,9,10,5,3
76,151,-25,-28,-14,-85,-113,91,60,-31,-55,-68,157,79,7,9,10,5,3
28,-47,185,-47,-14,-86,-312,168,-47,-50,-66,-73,-69,0,67,9,10,5,3
27,-36,203,-64,-14,-78,-296,226,-68,-65,-58,-57,-72,-1,53,9,10,5,3
25,-29,205,-38,35,-106,-276,252,-82,-81,-23,-78,-72,0,40,9,10,5,3
10,-18,3,-50,29,-74,57,7,250,-89,-15,-76,-71,10,-16,9,10,5,3
3,-17,-27,-63,26,-35,128,-48,271,-82,-11,-79,-69,20,-8,9,10,5,3
-1,-11,-58,-59,-3,-116,203,-59,254,19,29,-64,-68,37,15,9,10,5,3
-4,0,-84,-63,-12,-109,242,2,269,-84,-72,-68,-73,40,50,9,10,5,3
-8,-6,31,-68,-20,-98,-126,-385,-161,-83,-94,-62,-14,-106,5,9,10,5,3
-13,-19,8,-73,-23,-86,-95,-373,-137,-85,-108,-67,-15,-108,5,9,10,5,3
-19,-29,-12,-64,-16,34,-73,-349,-111,-92,-103,-76,-13,-104,13,9,10,5,3
-23,-37,-29,-49,-19,38,-61,-309,-80,-33,-110,-96,-9,-95,26,9,10,5,3
-273,-40,29,-37,-19,40,105,-189,184,-81,-45,-90,-20,24,9,9,10,5,3
-285,-82,36,-213,-65,-185,52,-179,192,-121,18,-73,-34,22,-10,9,10,5,3
-290,-126,41,-224,-75,-182,38,-181,207,-152,84,-25,-38,27,-15,9,10,5,3
-285,-168,47,-223,-82,-175,55,-194,217,-52,-19,-74,-31,34,-8,9,10,5,3
64,97,-22,-208,-83,-163,-110,-202,2,-42,-18,-64,-44,-36,28,9,10,5,3
59,76,-39,-67,-94,-57,-113,-197,21,-35,-23,-69,-42,-40,24,9,10,5,3
51,53,-57,-81,-104,-49,-119,-215,31,62,107,-31,-38,-49,25,9,10,5,3
35,30,-71,-94,-112,-42,-128,-251,32,74,141,-17,-30,-54,25,9,10,5,3
73,145,-226,-107,-116,-36,87,92,98,96,169,-6,-85,351,19,9,10,5,3
123,132,-212,256,125,74,53,158,87,119,192,2,-56,353,36,9,10,5,3
174,122,-188,264,115,69,-1,198,64,5,-66,-67,-28,344,52,9,10,5,3
224,115,-158,267,99,63,-55,215,54,11,-32,-62,-6,326,70,9,10,5,3
139,-80,57,265,78,55,558,578,369,17,-41,-65,143,138,89,9,10,5,3
155,-46,86,173,-18,-15,671,522,241,22,-42,-65,161,99,113,9,10,5,3
160,-10,119,179,-26,-21,594,490,120,37,-37,-65,171,66,122,9,10,5,3
151,27,142,183,-30,-22,485,447,115,-67,-55,-85,178,46,118,9,10,5,3
90,-74,132,185,-33,-21,-390,98,-178,-81,-60,-78,-51,22,61,9,10,5,3
92,-54,125,-35,-66,-1,-357,103,-157,-90,-62,-68,-51,17,51,9,10,5,3
90,-33,107,-35,-59,-4,-333,105,-139,-94,-58,-65,-51,15,40,9,10,5,3
85,-14,81,-36,-50,-3,-313,105,-125,76,44,-69,-56,18,25,9,10,5,3
33,92,20,-37,-40,0,259,-337,515,107,42,-81,94,0,230,9,10,5,3
20,107,43,1,43,25,257,-201,612,119,34,-97,107,-29,232,9,10,5,3
1,117,57,-2,24,20,239,-44,635,111,33,-89,105,-51,219,9,10,5,3
-19,121,60,-9,6,14,215,93,597,17,-25,-93,89,-60,191,9,10,5,3
-53,-49,-44,-16,-7,6,-35,-120,63,17,-21,-80,21,-84,52,9,10,5,3
-50,-44,-48,-7,-15,52,-41,-42,-29,23,-12,-78,27,-83,58,9,10,5,3
-45,-41,-49,-7,-11,43,-20,71,-90,39,0,-80,33,-85,61,9,10,5,3
-39,-35,-50,-7,-5,40,48,-10,123,-111,206,18,37,-91,59,9,10,5,3
-136,-201,-56,-10,1,44,-101,-167,15,-89,168,-3,-68,93,-53,9,10,5,3
-117,-197,-44,-129,-10,-61,-105,-160,20,-62,124,-20,-59,79,-36,9,10,5,3
-99,-187,-27,-130,-3,-69,-103,-145,29,-2202,1922,-3457,-46,62,-21,9,10,5,3
-86,-172,-8,-134,12,-77,-97,-128,52,-148,-299,-86,-31,45,-6,9,10,5,3
113,59,47,-138,36,-79,147,29,145,-161,-296,-81,58,-63,73,9,10,5,3
108,50,12,8,-47,-31,158,2,120,-178,-267,-77,49,-56,64,9,10,5,3
98,42,-23,13,-46,-44,138,-20,91,-199,-224,-68,33,-45,55,9,10,5,3
84,32,-58,16,-51,-57,113,-39,76,98,189,-14,14,-37,43,9,10,5,3
-235,50,-71,16,-60,-64,139,-52,190,155,222,-19,-42,-18,41,9,10,5,3
-228,57,-109,40,199,48,102,-38,160,221,235,-25,-76,14,33,9,10,5,3
-212,66,-145,59,198,58,75,-17,125,283,226,-43,-106,55,29,9,10,5,3
116,-20,-68,79,193,65,7,147,-25,26,48,-70,-24,197,42,9,10,5,3
93,-83,29,40,0,-19,-5,145,-21,14,34,-76,-22,189,40,9,10,5,3
77,-88,30,38,0,-22,-16,150,-7,8,24,-75,-20,180,37,9,10,5,3
61,-91,32,38,-1,-17,31,-62,90,58,-2,-58,128,187,-12,9,10,5,3
196,97,36,260,9,50,2,-52,80,37,-3,-53,136,178,6,9,10,5,3
-14,105,-97,261,9,44,-22,-42,73,19,-10,-51,141,161,24,9,10,5,3
-24,100,-110,258,9,38,247,261,230,-50,-52,-84,8,77,20,9,10,5,3
-28,92,-118,247,8,32,199,283,205,-75,-51,-81,-5,81,17,9,10,5,3
-28,83,-120,-93,-100,41,126,294,167,-95,-47,-78,-21,84,17,9,10,5,3
-15,-41,-59,-89,-116,34,69,247,174,-113,-33,-70,-33,88,18,9,10,5,3
-9,-37,-53,-86,-125,29,31,-151,9,-33,-91,-91,-43,75,35,9,10,5,3
-4,-34,-47,-84,-127,25,72,-192,34,-23,-56,-78,-51,84,35,9,10,5,3
0,-31,-43,-46,58,36,130,-249,74,1,-13,-71,-61,93,35,9,10,5,3
-71,-43,20,-47,43,14,189,-294,101,38,18,-71,-67,102,37,9,10,5,3
-49,-47,62,-48,27,-10,-303,-240,-119,-45,5,-54,-17,-72,16,9,10,5,3
-26,-46,98,-52,14,-33,-270,-244,-110,-31,24,-52,-23,-72,13,9,10,5,3
