9,0,-27,7,-6,2,0,3,83,0,-8,-68,11,-3,62,9,2815,68,312
3403,16650,2854,-256,-6913,1791,-256,255,-256,767,21248,0,-1536,-17153,2815,-512,15871,2304,-256
23,3,4,3,11,-18,1,0,82,9,-1,-66,9,-3,61,9,2815,68,312
3403,16650,5926,1280,1792,0,4096,-5632,-5377,255,21504,2048,-256,-16641,2047,-768,14847,2304,-256
25,9,8,-4,30,-22,-17,-1,84,8,0,-65,2,0,50,9,2815,68,312
3403,16650,6438,2304,1280,5376,-2304,-1,-3073,-769,22271,2048,768,-16640,-257,767,13056,2304,-256
-12,-1,-17,23,-10,0,-2,-4,85,-10,-6,-67,14,0,57,9,2815,68,312
3403,16650,-3546,-1,-5121,5631,-2560,511,256,-768,21503,-3328,-1025,-16897,3839,-1024,15871,2304,-256
-18,-2,-28,22,-15,0,-4,4,82,-15,-5,-67,13,-4,62,9,2815,68,312
3403,16650,-5082,-769,-7425,6143,-4608,-1,-513,1023,20992,-3840,-1537,-16897,3327,-768,16383,2304,-256
-21,-6,-26,4,-2,1,-1,0,83,-8,-6,-68,10,-2,60,9,2834,68,312
-19,-6,-25,3,-3,0,0,0,81,-6,-6,-68,9,-2,58,9,2834,68,312
-9,4,-19,2,-5,0,1,1,80,-4,-5,-66,7,-3,57,9,2834,68,312
-5,4,-18,4,-6,-1,3,4,81,2,0,-67,9,1,61,9,2834,68,312
-4,5,-18,6,-5,-2,-2,-2,83,4,-1,-67,9,0,60,9,2834,68,312
-5,4,-18,8,-5,-1,-3,-2,85,7,-2,-67,9,0,59,9,2834,68,312
-5,4,-19,8,-5,-1,-3,-1,83,8,-2,-67,8,0,58,9,2834,68,312
-5,3,-19,9,-5,-1,-5,1,82,11,-1,-67,8,0,58,9,2834,68,312
-6,3,-20,7,-7,-11,-7,4,83,14,3,-66,7,-1,58,9,2834,68,312
-8,3,-20,5,-7,-14,-9,3,84,15,10,-65,7,-1,58,9,2834,68,312
-43,4,-41,4,-7,-18,-10,1,86,15,18,-65,6,0,58,9,2834,68,312
-40,2,-34,1,-6,-20,-10,-1,86,18,19,-62,8,18,65,9,2834,68,312
-26,-1,-21,-2,-6,-20,-12,-5,84,2,7,-64,1,20,64,9,2834,68,312
-16,-5,-17,-3,-5,-18,-22,-8,85,-6,7,-65,0,20,62,9,2834,68,312
-4,-6,-13,-4,-3,-16,-23,-12,87,-13,7,-64,-3,20,62,9,2834,68,312
7,-7,-9,-2,-3,-14,-22,-12,86,-17,8,-65,-4,19,63,9,2834,68,312
26,-5,-3,10,-10,-4,-12,-7,83,-17,6,-66,-5,14,66,9,2834,68,312
32,-2,-2,23,-19,4,-7,-4,83,-16,4,-66,-6,12,69,9,2834,68,312
37,0,-3,26,-22,5,-1,-3,83,-13,2,-66,-6,10,70,9,2834,68,312
-1,-8,-14,29,-26,6,2,-3,84,-11,0,-65,-7,9,69,9,2834,68,312
0,-6,-17,31,-31,7,7,-5,82,-3,-3,-66,0,-6,55,9,2834,68,312
0,-5,-20,31,-32,7,-8,0,85,-4,-3,-67,0,-6,56,9,2834,68,312
-1,-4,-21,28,-31,7,-9,0,85,-3,-2,-66,0,-5,55,9,2834,68,312
-3,-4,-22,25,-30,7,-9,2,83,-2,-1,-66,0,-2,53,9,2834,68,312
-4,-4,-22,22,-29,7,-8,3,82,-2,0,-66,0,0,52,9,2834,68,312
-5,-5,-21,19,-27,6,-8,0,82,-1,0,-66,1,0,52,9,2834,68,312
-5,-4,-21,22,-30,-29,-6,0,85,0,0,-67,0,0,55,9,2834,68,312
-23,-5,-21,26,-33,-29,-4,-2,84,0,2,-67,0,0,58,9,2834,68,312
-25,-2,-16,29,-35,-28,-3,-5,81,3,-4,-67,1,12,92,9,2834,68,312
-27,0,-11,30,-37,-22,-2,-4,81,4,-4,-68,2,6,93,9,2834,68,312
-29,0,-1,28,-36,-7,-2,0,83,6,-6,-66,0,-9,91,9,2834,68,312
-30,0,1,24,-32,0,-1,-1,81,4,-5,-65,0,-13,87,9,2834,68,312
-29,-1,5,19,-28,3,0,-3,80,2,-3,-66,1,-16,83,9,2834,68,312
-27,-1,7,14,-23,7,3,-6,81,0,-1,-67,2,-18,78,9,2834,68,312
-18,-1,14,27,-18,15,6,-9,82,-2,-1,-65,5,-14,68,9,2834,68,312
-13,-1,16,28,-19,13,7,-8,83,-4,-1,-66,7,-13,65,9,2834,68,312
-5,1,-13,29,-20,11,7,-9,82,-3,-1,-68,8,-12,63,9,2834,68,312
-3,2,-14,30,-21,8,8,-3,81,-30,-2,-66,15,2,60,9,2834,68,312
-2,3,-16,31,-20,7,8,0,81,-31,-10,-67,16,1,62,9,2834,68,312
-2,3,-16,30,-20,6,-4,-5,83,-27,-18,-69,17,1,63,9,2717,78,313
-2,4,-19,30,-19,5,-4,-4,83,-20,-24,-70,18,1,64,9,2717,78,313
-4,5,-20,24,-17,3,2,3,81,-5,-32,-71,17,-3,60,9,2717,78,313
-6,5,-19,21,-16,1,7,5,80,0,-33,-70,16,-4,58,9,2717,78,313
-8,6,-18,12,-14,3,10,5,81,7,-33,-70,15,-6,55,9,2717,78,313
-11,5,-16,9,-12,3,11,7,84,16,-36,-70,14,-7,53,9,2717,78,313
20,7,-24,1,0,4,12,10,83,-9,4,-67,7,0,58,9,2717,78,313
20,9,-23,-1,4,4,10,11,81,-6,6,-67,8,-3,57,9,2717,78,313
21,11,-23,-4,8,4,0,0,80,-3,7,-67,7,-6,57,9,2717,78,313
21,12,-22,-7,12,3,-1,1,83,0,7,-66,5,-8,57,9,2717,78,313
20,13,-22,-9,15,1,-1,2,84,1,5,-66,4,-9,56,9,2717,78,313
19,11,-22,-11,17,0,-1,3,83,2,2,-66,1,-9,57,9,2717,78,313
14,8,-19,2,-8,-10,0,4,81,3,-3,-67,-2,-4,56,9,2717,78,313
12,7,-17,1,-8,-10,4,2,81,4,-6,-67,-2,-1,56,9,2717,78,313
0,-1,-13,2,-7,-8,6,0,81,2,0,-69,0,-6,55,9,2717,78,313
0,-1,-12,2,-6,-6,8,-1,81,1,0,-67,0,-5,55,9,2717,78,313
-2,-2,-12,3,-7,-4,8,-3,82,1,-2,-68,0,-2,55,9,2717,78,313
-2,-2,-12,5,-8,-4,-3,1,81,1,-1,-68,0,-1,55,9,2717,78,313
-2,-1,-14,7,-9,-2,-2,1,82,0,-1,-67,0,0,55,9,2717,78,313
-1,-1,-15,10,-10,0,0,0,82,0,-1,-67,1,0,55,9,2717,78,313
-1,0,-17,15,-12,1,2,-3,81,-2,-3,-66,4,0,54,9,2717,78,313
-1,1,-17,10,-10,0,2,-4,82,-4,-5,-66,4,0,54,9,2717,78,313
-2,1,-17,5,-11,-2,0,-5,84,-2053,-1233,-157,4,0,55,9,2717,78,313
-9,2,-21,4,-11,-1,-1,-4,85,0,0,-67,6,-2,52,9,2717,78,313
-13,0,-19,7,-10,0,-4,-1,83,-3,0,-66,7,3,55,9,2717,78,313
-14,0,-19,8,-7,0,-5,0,82,-5,-1,-66,7,7,56,9,2717,78,313
-14,-1,-19,9,-4,0,-6,0,84,-6,-4,-67,7,10,58,9,2717,78,313
-14,0,-18,10,-3,0,-6,3,87,-6,-5,-67,7,12,58,9,2717,78,313
-13,2,-15,10,-5,1,-6,3,85,-3,-6,-68,6,11,57,9,2717,78,313
-11,3,-15,10,-5,2,-5,2,85,-1,-6,-67,5,9,57,9,2717,78,313
-9,4,-17,9,-5,2,-5,1,84,0,-6,-67,4,7,56,9,2717,78,313
-8,1,-23,7,-2,-3,-6,-3,83,4,-4,-66,5,5,57,9,2717,78,313
-5,1,-21,6,-4,0,-5,-5,84,3,-5,-65,5,3,57,9,2717,78,313
-4,0,-20,5,-4,0,-4,-2,84,3,-5,-65,5,2,57,9,2717,78,313
-3,0,-19,5,-5,1,6,-3,81,1,-4,-65,5,1,57,9,2717,78,313
-2,1,-17,5,-4,2,5,-2,79,0,-3,-66,5,2,57,9,2717,78,313
-2,1,-16,6,-4,2,4,-2,82,0,-1,-66,5,2,58,9,2717,78,313
-2,1,-15,7,-4,2,3,0,83,-1,0,-67,4,2,57,9,2717,78,313
-3,1,-17,9,-4,3,-1,0,85,0,-1,-66,4,2,57,9,2717,78,313
-4,1,-17,-3,0,-3,-2,1,84,-3308,1690,1146,4,1,57,9,2717,78,313
-8,3,-27,-3,-1,-5,-1,1,83,6,-2,-68,5,-3,57,9,3235,78,313
-6,2,-26,-2,-4,-6,-1,1,81,6,-2,-68,5,-1,56,9,3235,78,313
-4,1,-20,6,-8,-6,0,0,83,5,-4,-67,3,2,57,9,3235,78,313
-3,0,-18,10,-7,-4,0,1,81,6,-5,-66,3,5,57,9,3235,78,313
-2,-2,-16,15,-5,-2,0,0,83,7,-6,-66,3,6,57,9,3235,78,313
0,-2,-14,18,-2,-1,1,0,83,6,-5,-67,2,6,57,9,3235,78,313
1,0,-9,22,-4,1,2,0,82,5,-6,-67,4,5,57,9,3235,78,313
2,0,-8,22,-5,2,2,0,84,4,-5,-65,5,5,57,9,3235,78,313
2,0,-8,16,-6,2,2,-1,82,2,-5,-65,6,3,56,9,3235,78,313
-3,1,-17,15,-5,1,2,-2,80,0,-2,-67,3,6,58,9,3235,78,313
-6,1,-20,13,-5,0,1,-2,81,5,-1,-67,3,4,58,9,3235,78,313
-7,1,-22,11,-5,-1,1,-1,82,7,-1,-67,3,2,58,9,3235,78,313
-7,0,-23,10,-5,-3,-6,0,80,8,-1,-65,4,1,58,9,3235,78,313
-7,0,-23,9,-4,-3,-5,1,81,10,-1,-66,4,0,58,9,3235,78,313
-6,-2,-23,7,-3,-3,-4,3,85,11,-1,-67,5,-1,58,9,3235,78,313
-6,-2,-22,6,-3,-4,-4,0,84,10,-2,-67,4,-1,59,9,3235,78,313
-5,-2,-21,6,-4,-3,-4,0,84,10,-2,-66,4,-1,59,9,3235,78,313
-7,-5,-15,7,-10,-6,-5,0,81,-2,-2,-68,5,0,55,9,3235,78,313
0,-1,-14,10,-10,-5,-5,0,81,0,-3,-68,6,3,54,9,3235,78,313
0,0,-14,13,-8,-3,-4,0,82,0,-3,-67,6,5,55,9,3235,78,313
0,1,-13,16,-6,-1,0,0,83,0,-4,-67,6,7,57,9,3235,78,313
0,2,-13,16,-5,1,0,1,82,0,-5,-67,6,9,57,9,3235,78,313
-2,2,-12,16,-4,5,-1,3,81,0,-3,-67,4,8,56,9,3235,78,313
-3,1,-13,16,-5,5,-2,1,82,0,-1,-68,3,6,56,9,3235,78,313
-4,1,-13,16,-5,4,-3,-1,83,0,-1,-67,2,6,56,9,3235,78,313
-5,0,-17,27,-1,10,-5,-1,83,12,-6,-56,16,-1,58,9,3235,78,313
-6,0,-25,29,0,9,-8,0,82,7,-11,-49,17,0,60,9,3235,78,313
-9,13,-42,30,1,9,-8,0,81,7,-13,-46,19,0,61,9,3235,78,313
-6,12,-40,31,3,10,-9,1,82,2,-17,-42,20,1,63,9,3235,78,313
-4,14,-37,30,5,11,23,-2,82,1,-17,-34,20,2,65,9,3235,78,313
-1,16,-30,27,5,11,101,-1,66,4,-25,-26,21,2,64,9,3235,78,313
0,18,-28,26,5,12,122,2,64,7,-22,-29,20,1,65,9,3235,78,313
2,17,-25,24,5,12,141,8,65,7,-18,-24,20,0,66,9,3235,78,313
4,17,-22,30,74,-3,158,13,67,68,-45,-64,34,-12,16,9,3235,78,313
6,17,-20,35,71,-3,169,18,69,51,-57,-65,33,-3,18,9,3235,78,313
-8,52,-40,41,60,-1,186,10,77,25,-59,-68,28,17,29,9,3235,78,313
-12,47,-38,40,55,0,196,7,79,16,-53,-73,25,27,36,9,3235,78,313
-16,44,-38,37,51,4,204,4,79,13,-49,-72,23,39,45,9,3235,78,313
-18,40,-39,33,48,10,-75,1443,146,12,-46,-71,23,49,55,9,3235,78,313
-17,30,-51,17,45,26,-612,218,50,11,-39,-71,26,57,77,9,5102,63,314
-14,24,-58,7,42,38,-598,254,30,9,-30,-69,26,53,84,9,5102,63,314
-11,17,-67,-4,42,50,-587,281,-5,8,-20,-69,25,44,87,9,5102,63,314
-8,9,-72,35,-88,-58,-571,313,-39,20,0,-64,-54,-7,6,9,5102,63,314
-4,-11,-69,20,-79,-92,-543,312,-57,0,-60,-72,-57,16,31,9,5102,63,314
-150,-38,-43,6,-76,-100,-527,261,-56,-7,-82,-69,-54,25,46,9,5102,63,314
-131,-35,-33,-7,-72,-99,-501,200,-55,-19,-89,-73,-49,29,58,9,5102,63,314
-107,-33,-25,-20,-67,-90,-463,140,-51,-30,-88,-78,-43,27,64,9,5102,63,314
-53,-22,-11,-34,-59,-56,-74,-127,76,-35,-77,-72,-32,4,56,9,5102,63,314
-27,-18,-5,-35,-55,-36,-54,-156,68,-31,-67,-71,-26,-12,48,9,5102,63,314
-5,-17,0,-32,-51,-17,-32,-181,66,-27,-47,-70,-20,-30,38,9,5102,63,314
11,-18,4,-25,-47,-1,-7,-197,68,-24,-32,-69,-15,-48,33,9,5102,63,314
32,-26,14,-33,-3,2,32,-208,74,-108,-1,-69,51,-42,68,9,5102,63,314
-46,34,-40,-25,-3,4,49,-213,80,-103,12,-69,55,-42,62,9,5102,63,314
-42,32,-35,-15,-3,6,61,-221,82,-101,33,-66,59,-45,59,9,5102,63,314
-39,30,-29,-3,-2,10,72,-235,80,-94,53,-66,60,-50,53,9,5102,63,314
-36,26,-20,8,-1,14,80,-251,73,-81,60,-67,61,-52,48,9,5102,63,314
-32,22,-12,21,0,18,609,-165,204,-66,53,-64,60,-51,41,9,5102,63,314
-20,12,6,46,-3,19,398,-22,255,-50,39,-71,53,-52,31,9,5102,63,314
-13,5,13,60,-8,18,330,36,242,-47,27,-74,49,-53,26,9,5102,63,314
-7,0,20,-92,-140,-138,260,71,192,-65,28,-65,53,-68,7,9,5102,63,314
-6,-2,26,-94,-140,-120,184,70,139,-60,11,-72,60,-72,16,9,5102,63,314
58,-3,72,-80,-127,-78,67,26,82,-43,3,-74,69,-70,22,9,5102,63,314
52,9,67,-63,-114,-58,38,1,86,-37,3,-70,72,-63,26,9,5102,63,314
37,18,59,-40,-99,-39,26,-14,93,-25,1,-67,77,-55,32,9,5102,63,314
18,26,49,-11,-84,-23,-127,-160,32,-10,5,-63,83,-47,40,9,5102,63,314
-3,28,37,19,-72,-8,-132,-157,26,-4,19,-59,89,-41,47,9,5102,63,314
-50,23,7,76,-53,17,-130,-135,16,-4,45,-54,97,-39,60,9,5102,63,314
-73,19,-9,-60,-30,40,-126,-114,11,-3,32,-62,-2,9,99,9,5102,63,314
-92,19,-26,-65,-26,35,-118,-76,8,11,21,-65,-10,12,80,9,5102,63,314
-106,23,-42,-67,-22,22,-109,-25,10,29,26,-72,-21,10,61,9,5102,63,314
37,-8,33,-67,-15,-12,-92,95,35,2,109,-79,-50,-3,29,9,5102,63,314
29,-8,53,-66,-12,-27,-59,156,95,-13,114,-59,-62,-4,20,9,5102,63,314
25,-6,66,-64,-10,-39,-32,209,182,-7,56,-45,-71,0,18,9,5102,63,314
25,-3,67,-62,-8,-48,-1,172,108,16,-26,-43,-77,6,26,9,5102,63,314
38,-4,44,-60,-8,-57,24,179,104,49,-105,-52,-71,12,68,9,5102,63,314
48,-3,25,-64,-6,-55,27,170,108,51,-88,-54,-63,11,87,9,5102,63,314
62,2,3,-11,22,25,25,151,109,61,-47,-70,-63,7,14,9,5102,63,314
76,10,-17,-13,-1,10,23,122,104,47,-51,-71,-71,16,11,9,5102,63,314
112,-54,2,-19,1,13,19,89,94,29,-58,-70,-76,28,14,9,5102,63,314
114,-54,8,-24,6,16,10,58,79,12,-58,-67,-78,44,21,9,5102,63,314
105,-45,12,-36,21,25,-10,19,41,-10,-27,-62,-78,70,44,9,4213,87,315
95,-40,11,-42,30,29,-9,120,43,-12,-10,-62,-74,82,54,9,4213,87,315
83,-36,9,-49,41,30,-40,97,44,-8,0,-61,-71,91,62,9,4213,87,315
70,-32,6,-55,51,29,-67,80,48,-2,2,-61,-66,94,68,9,4213,87,315
44,-23,-3,-64,67,21,-108,73,61,-29,30,-58,-1,18,95,9,4213,87,315
34,-19,-9,-66,72,17,-135,96,63,-28,22,-60,10,8,96,9,4213,87,315
25,-17,-15,19,52,60,-161,137,58,-27,13,-62,22,-2,95,9,4213,87,315
10,36,13,32,56,47,-145,167,50,-21,6,-62,36,-10,91,9,4213,87,315
6,51,-25,58,58,11,-186,187,65,-7,-8,-61,64,-25,77,9,4213,87,315
2,58,-41,73,57,-6,-143,185,113,0,-21,-62,76,-29,66,9,4213,87,315
-3,66,-54,82,52,-25,286,-13,114,8,-35,-66,86,-29,53,9,4213,87,315
-9,74,-64,88,50,-41,269,-7,106,13,-48,-70,90,-27,40,9,4213,87,315
-18,87,-67,94,52,-53,239,12,90,24,-67,-71,90,-20,21,9,4213,87,315
-22,93,-63,92,56,-49,228,18,86,36,-49,-73,77,15,45,9,4213,87,315
-26,98,-58,89,62,-38,223,22,83,45,-46,-74,79,14,52,9,4213,87,315
40,65,-38,12,106,54,219,23,78,52,-51,-74,82,5,62,9,4213,87,315
33,63,-60,13,104,51,223,12,78,55,-61,-75,84,3,67,9,4213,87,315
26,60,-85,14,100,44,219,2,85,60,-77,-76,84,1,70,9,4213,87,315
18,52,-109,15,94,33,208,0,103,66,-90,-78,81,0,73,9,4213,87,315
-3,32,-143,17,78,-2,-416,396,-93,82,-103,-81,67,-2,72,9,4213,87,315
-18,23,-147,16,66,-25,-421,352,-116,91,-96,-79,57,-2,65,9,4213,87,315
-35,10,-139,14,51,-48,-424,289,-132,90,-76,-78,43,0,54,9,4213,87,315
-53,-4,-117,11,34,-65,-419,239,-157,-14,-48,-67,-84,60,37,9,4213,87,315
-83,-42,-32,-86,15,54,-378,203,-192,-61,-44,-54,-69,77,78,9,4213,87,315
54,24,-15,-92,29,85,-355,196,-203,-82,-40,-51,-64,83,93,9,4213,87,315
67,31,-13,-92,37,108,-338,184,-208,-103,-36,-57,-60,80,101,9,4213,87,315
77,36,-15,-87,41,121,-329,159,-203,-116,-34,-65,-54,70,104,9,4213,87,315
88,42,-31,-75,44,123,245,158,264,-109,-34,-79,-47,34,101,9,4213,87,315
89,44,-41,-69,41,114,233,83,222,-90,-29,-82,-45,9,95,9,4213,87,315
86,47,-50,-61,37,98,191,8,167,-62,-25,-86,-43,-14,87,9,4213,87,315
77,47,-53,-51,31,79,125,-53,109,-28,-20,-91,-40,-37,75,9,4213,87,315
47,48,-34,4,-122,-16,-38,-93,58,-29,93,-53,-90,8,77,9,4213,87,315
28,47,-16,4,-110,-17,-133,-67,52,-35,81,-57,-94,7,63,9,4213,87,315
89,26,17,3,-99,-21,-215,-6,44,-27,64,-58,-93,4,52,9,4213,87,315
83,34,6,2,-88,-26,-271,76,31,-12,48,-57,-88,3,43,9,4213,87,315
59,41,-16,-9,-71,-37,-321,231,29,16,48,-66,-71,0,34,9,4213,87,315
44,39,-26,-20,-66,-41,-96,-216,21,27,56,-69,-61,-1,33,9,4213,87,315
28,31,-37,-32,-63,-45,-79,-214,29,32,57,-67,-51,-2,34,9,4213,87,315
12,23,-48,-45,-60,-48,-68,-220,24,32,46,-68,-42,-8,33,9,4213,87,315
-10,15,-72,-66,-56,-49,-78,-210,-25,44,-79,-68,75,-21,68,9,4213,87,315
-14,15,-82,125,-83,49,-82,-192,-41,73,-40,-63,78,-17,79,9,3411,68,315
-15,18,-90,124,-76,67,-80,-194,-40,95,-5,-64,82,-15,86,9,3411,68,315
-48,30,72,117,-70,83,-88,-214,-31,104,13,-65,86,-18,92,9,3411,68,315
-79,33,78,107,-52,116,-90,-269,-52,100,17,-55,100,-36,111,9,3411,68,315
-96,32,74,106,-37,137,-79,-318,-83,79,38,-41,110,-46,124,9,3411,68,315
-114,32,63,107,-19,155,-135,-227,-43,45,77,-30,122,-54,140,9,3411,68,315
-150,23,26,117,16,171,-144,-216,-30,-26,139,-38,157,-53,177,9,3411,68,315
-167,15,2,126,36,165,-130,-203,-21,-63,148,-29,174,-38,190,9,3411,68,315
-184,8,-21,137,52,149,-109,-186,-12,-26,96,-60,45,29,96,9,3411,68,315
-199,-2,-44,2,-94,35,-81,-171,0,-30,100,-65,50,37,96,9,3411,68,315
-95,30,-109,-22,-63,18,-21,-155,28,-18,84,-73,42,30,88,9,3411,68,315
-106,32,-115,-30,-43,10,2,-136,45,-3,55,-73,29,24,79,9,3411,68,315
-114,36,-114,-35,-22,1,18,-114,69,15,12,-70,15,17,69,9,3411,68,315
-117,40,-110,-37,-3,-2,27,-103,96,45,-42,-61,0,11,60,9,3411,68,315
-104,52,-101,-40,29,-4,-203,201,114,88,-107,-51,-29,-14,45,9,3411,68,315
-89,58,-97,-39,40,-3,-195,212,115,92,-107,-59,-42,-21,38,9,3411,68,315
-69,63,-91,-38,47,-1,-181,215,107,92,-92,-71,-51,-26,33,9,3411,68,315
-47,66,-85,-35,52,-1,-165,211,98,28,-56,-64,1,-7,55,9,3411,68,315
2,69,-68,29,-29,-52,-146,220,92,47,-61,-73,-12,-15,32,9,3411,68,315
-42,-46,-92,34,-32,-57,-143,241,104,46,-55,-72,-23,-16,22,9,3411,68,315
-34,-48,-87,38,-38,-60,-147,264,118,42,-63,-70,-35,-11,14,9,3411,68,315
-27,-46,-78,41,-42,-61,-148,271,116,41,-82,-72,-45,-5,9,9,3411,68,315
-8,-29,-54,38,-51,-53,115,188,87,33,-81,-71,-55,14,12,9,3411,68,315
2,-26,-40,29,-56,-43,134,110,106,31,-73,-64,-55,26,23,9,3411,68,315
14,-17,-26,17,-57,-27,167,31,132,33,-64,-65,-52,36,40,9,3411,68,315
26,-11,-12,4,-56,-8,206,-37,159,33,-48,-63,-48,47,62,9,3411,68,315
40,-10,18,-26,53,7,262,-116,186,-6,-20,-69,-47,44,38,9,3411,68,315
10,-16,-14,-31,51,6,272,-122,185,-6,-15,-67,-49,36,36,9,3411,68,315
19,-22,-5,-33,47,5,265,-109,172,-5,-10,-65,-50,29,35,9,3411,68,315
28,-25,-1,-34,44,3,246,-89,154,-3,-6,-67,-46,25,34,9,3411,68,315
37,-30,2,-35,41,2,-61,-10,80,-4,-3,-67,-40,23,34,9,3411,68,315
53,-38,6,-37,35,-1,-47,-21,104,-16,8,-64,-28,24,37,9,3411,68,315
57,-37,7,-38,33,-1,-39,-14,122,-24,11,-63,-24,25,40,9,3411,68,315
61,-36,7,-39,32,1,-28,0,133,-27,11,-59,-22,26,44,9,3411,68,315
62,-33,7,-39,31,4,-18,14,134,-39,-25,-64,-1,41,48,9,3411,68,315
57,-28,2,-15,66,124,-15,45,132,-54,-11,-66,26,25,118,9,3411,68,315
31,57,51,-3,75,132,-22,55,130,-55,-7,-60,45,22,148,9,3411,68,315
43,69,33,12,84,131,-35,56,127,-52,-8,-52,63,20,168,9,3411,68,315
51,79,12,30,90,123,-50,55,125,-43,-11,-51,81,18,174,9,3411,68,315
57,97,-32,66,96,84,536,-91,232,0,-9,-58,97,4,151,9,3411,68,315
55,103,-56,82,98,60,474,-81,255,20,-10,-61,100,-1,122,9,5092,68,316
48,105,-75,96,98,34,380,-70,267,44,-12,-62,100,-10,91,9,5092,68,316
37,107,-91,106,97,7,271,-62,277,64,-23,-63,97,-20,59,9,5092,68,316
8,106,-103,1805,2486,3552,51,-59,266,-42,7,-64,-13,0,82,9,5092,68,316
-7,103,-100,73,-77,-33,-63,-68,263,-29,3,-64,-12,1,60,9,5092,68,316
37,-32,-19,84,-72,-47,-155,-74,263,-18,2,-64,-12,0,40,9,5092,68,316
9,-29,-31,88,-68,-59,-233,-75,256,-8,3,-67,-11,0,26,9,5092,68,316
-46,-23,-51,79,-55,-70,0,-73,0,10,-3,-68,-14,0,11,9,5092,68,316
-67,-20,-58,68,-46,-69,19,-80,-1,18,-4,-63,-19,-2,10,9,5092,68,316
-83,-18,-62,56,-37,-63,30,-64,0,25,-6,-61,-27,-3,10,9,5092,68,316
-93,-15,-61,45,-28,-54,37,-28,7,26,-7,-61,-35,-2,9,9,5092,68,316
-93,-9,-53,29,-10,-31,57,95,14,-3,25,-59,-26,22,109,9,5092,68,316
-83,-6,-50,25,-3,-19,68,172,16,13,25,-56,-14,13,117,9,5092,68,316
-68,-3,-48,-39,61,80,61,216,14,32,24,-52,-1,9,126,9,5092,68,316
-15,75,-48,-33,57,76,47,223,11,52,27,-50,13,9,133,9,5092,68,316
-46,62,-99,-24,44,57,41,167,14,95,11,-47,50,14,146,9,5092,68,316
-61,52,-114,-20,34,45,-416,276,-76,117,0,-51,67,20,146,9,5092,68,316
-78,41,-122,-14,25,31,-419,337,-72,130,-5,-55,82,30,141,9,5092,68,316
-97,27,-128,-6,16,17,-422,370,-56,138,-7,-53,90,34,131,9,5092,68,316
-130,0,-130,11,1,-12,-413,353,-25,133,-7,-37,89,43,103,9,5092,68,316
-140,-19,-124,20,-5,-26,-397,317,-15,29,-13,-63,-31,15,52,9,5092,68,316
-144,-37,-112,28,-15,-37,-379,274,-12,13,-9,-64,-30,5,57,9,5092,68,316
-3,49,-57,-45,-2,1,-347,176,1,-17,-11,-71,-29,-17,62,9,5092,68,316
0,54,-53,-31,0,8,-328,125,13,-29,-13,-69,-30,-24,63,9,5092,68,316
0,56,-51,-18,-1,13,-306,69,21,-40,-13,-66,-30,-31,64,9,5092,68,316
-3,54,-48,-5,-4,16,128,-228,76,-45,-18,-67,-28,-37,65,9,5092,68,316
-12,46,-48,17,-14,19,161,-271,39,-47,-20,-68,-13,-46,75,9,5092,68,316
-18,40,-50,28,-18,18,179,-274,19,-47,-15,-68,-2,-47,78,9,5092,68,316
-24,34,-49,39,-24,16,186,-266,2,-41,-11,-63,7,-45,78,9,5092,68,316
-29,28,-48,50,-28,13,180,-260,-10,-46,43,-62,76,-76,39,9,5092,68,316
-33,15,-46,76,-8,94,150,-231,-26,-4,95,-46,74,-78,55,9,5092,68,316
-109,-51,56,79,-7,89,122,-236,-29,3,147,-50,71,-77,69,9,5092,68,316
-116,-63,31,82,-9,72,90,-265,-33,7,184,-39,67,-68,88,9,5092,68,316
-121,-73,4,84,-15,49,58,-303,-41,14,189,-18,63,-58,109,9,5092,68,316
-124,-91,-56,81,-37,-13,-16,-149,67,-1,131,-29,48,-19,137,9,5092,68,316
-121,-96,-88,74,-51,-48,-62,-207,56,-35,90,-42,35,10,137,9,5092,68,316
-116,-101,-118,66,-67,-82,-87,-273,46,-76,38,-48,19,37,130,9,5092,68,316
-109,-109,-145,56,-84,-113,-98,-343,38,-108,-18,-52,5,59,118,9,5092,68,316
-97,-131,-168,30,-115,-156,-107,-413,21,59,-51,-61,3,-45,31,9,5092,68,316
-91,-142,-162,98,-44,3,-120,-397,20,46,-52,-66,-3,-45,29,9,5092,68,316
-106,16,-126,69,-50,3,-137,-363,26,28,-54,-69,-9,-45,26,9,2590,78,317
-97,19,-121,41,-55,5,-155,-329,37,14,-61,-68,-13,-37,26,9,2590,78,317
-65,28,-96,-13,-59,13,-130,254,68,0,-59,-71,-21,-26,31,9,2590,78,317
-45,32,-78,-40,-57,19,-121,260,61,-5,-46,-73,-26,-22,37,9,2590,78,317
-22,35,-59,-65,-54,26,-108,271,71,-10,-29,-71,-30,-19,44,9,2590,78,317
2,35,-42,-90,-50,33,-101,281,91,-11,-17,-67,-34,-19,51,9,2590,78,317
49,34,-14,-128,-42,37,-83,263,116,73,-6,-52,-77,26,48,9,2590,78,317
72,32,0,-1021,2822,3830,-64,226,99,49,-7,-54,-77,19,46,9,2590,78,317
93,29,16,-5,21,-13,-33,168,78,19,-8,-56,-75,14,41,9,2590,78,317
52,2,1,-5,20,-11,-5,102,57,-9,-8,-61,-75,16,33,9,2590,78,317
49,15,45,-11,25,8,-11,0,14,-57,-24,-71,-77,28,18,9,2590,78,317
37,21,61,-18,33,25,-45,16,191,-77,-33,-74,-80,37,17,9,2590,78,317
20,27,67,-25,45,41,-49,-24,181,-90,-37,-73,-83,50,21,9,2590,78,317
0,33,66,-34,61,56,-56,-50,180,-97,-35,-67,-83,64,35,9,2590,78,317
-39,50,43,-51,94,70,-56,-58,165,-89,-10,-56,-75,95,84,9,2590,78,317
-56,60,21,-56,108,69,-55,-65,148,-94,118,-56,-123,21,26,9,2590,78,317
-72,71,-5,-58,122,64,-60,-70,124,-105,116,-56,-111,34,79,9,2590,78,317
159,-80,78,-9,0,114,-61,-78,50,-101,82,-62,-67,46,158,9,2590,78,317
148,-67,51,-8,5,98,-35,-55,-1,-91,55,-64,-48,45,171,9,2590,78,317
133,-53,23,-7,10,78,1,-11,-58,-76,32,-70,-36,47,163,9,2590,78,317
114,-43,-2,-7,13,55,-54,91,-17,-57,14,-75,-31,41,137,9,2590,78,317
68,-34,-45,-7,16,4,-64,95,-6,-17,-1,-73,-32,17,77,9,2590,78,317
43,-32,-59,-10,18,-19,-62,100,14,-4,-5,-74,-30,16,48,9,2590,78,317
20,-28,-68,-16,22,-41,-56,105,33,581,-2436,-787,-28,11,28,9,2590,78,317
2,-21,-73,-25,27,-58,-47,112,49,7,-16,-69,2845,-2392,255,9,2590,78,317
-9,-16,-72,28,47,0,-39,119,63,4,-16,-66,-39,-2,10,9,2590,78,317
-13,17,-40,30,46,-5,-35,115,77,0,-19,-61,-32,0,20,9,2590,78,317
-23,9,-17,29,36,-1,-30,91,103,-13,-60,-67,0,4,64,9,2590,78,317
-26,8,-10,25,32,7,530,-59,134,-10,-75,-67,17,0,88,9,2590,78,317
-25,6,-9,20,29,18,520,-65,139,-12,-65,-62,33,-9,101,9,2590,78,317
-23,4,-9,18,26,27,494,-59,146,-16,-33,-61,52,-10,107,9,2590,78,317
-25,0,-11,19,17,36,440,-27,140,-14,28,-70,85,-14,105,9,2590,78,317
-31,-1,-13,22,15,36,414,-10,130,6,-5,-65,100,-12,100,9,2590,78,317
-39,-3,-18,28,13,37,382,11,122,-3,-12,-65,-2303,834,39,9,2590,78,317
-50,-3,-26,-10,6,26,343,38,120,-11,-8,-67,9,5,65,9,2590,78,317
21,1,-32,-13,19,10,253,69,147,-25,-3,-70,4,8,52,9,2590,78,317
9,1,-30,-15,23,3,-158,16,28,-30,-3,-70,-1,9,48,9,2590,78,317
0,2,-29,-16,28,-3,-155,19,26,-30,-3,-67,-11,10,42,9,2590,78,317
-6,4,-29,-18,31,-9,-151,22,21,-26,-1,-67,-19,15,39,9,2590,78,317
-12,3,-26,-21,35,-12,-150,19,19,-22,2,-66,-26,19,36,9,2590,78,317
-14,-3,-17,-31,43,-15,-144,-1,24,-13,12,-63,-36,20,41,9,5083,48,317
-9,-9,-12,-35,45,-13,-139,-3,25,-43,-20,-75,-60,16,10,9,5083,48,317
-2,-15,-6,-58,18,-3,-132,5,24,-44,-18,-76,-57,4,16,9,5083,48,317
6,-21,-1,-62,19,0,-129,19,21,-45,-18,-75,-57,5,19,9,5083,48,317
67,15,39,-63,20,4,-136,117,128,-49,-19,-68,-56,8,24,9,5083,48,317
65,23,52,-64,20,6,-109,117,184,-54,-26,-67,-57,14,31,9,5083,48,317
59,35,65,-64,19,9,-74,77,227,-59,-42,-74,-55,21,44,9,5083,48,317
52,50,78,-64,18,13,-39,28,251,-60,-61,-80,-52,28,63,9,5083,48,317
28,80,87,-64,18,31,21,-33,270,-58,-71,-79,-33,47,114,9,5083,48,317
13,94,78,-63,20,46,50,-35,279,6,-17,-61,-16,56,142,9,5083,48,317
-2,107,61,-62,24,63,85,-11,284,28,-20,-48,3,63,166,9,5083,48,317
-19,119,36,84,-144,-70,119,28,287,36,-14,-44,-84,-24,73,9,5083,48,317
203,-78,176,88,-170,-32,-304,-14,-12,28,8,-44,-71,-40,70,9,5083,48,317
202,-55,158,86,-174,-13,-223,-81,35,14,12,-47,-65,-46,66,9,5083,48,317
193,-32,135,77,-174,0,-191,-110,47,3,10,-51,-56,-48,63,9,5083,48,317
178,-9,108,63,-173,2,-158,-132,56,-2,13,-53,-48,-52,59,9,5083,48,317
128,30,51,36,-155,-3,-108,-170,52,-4,34,-60,-41,-51,39,9,5083,48,317
98,46,20,25,-140,-14,-89,-188,58,0,52,-64,-40,-43,29,9,5083,48,317
70,52,-7,14,-122,-27,-71,-203,65,2,61,-70,-42,-34,22,9,5083,48,317
41,55,-32,4,-103,-40,-52,-215,62,-92,-71,-85,64,-22,57,9,5083,48,317
-6,59,-77,108,-58,6,-20,-219,65,-67,-28,-71,60,-28,53,9,5083,48,317
-48,-19,-61,106,-59,6,911,2968,793,-54,7,-63,59,-33,53,9,5083,48,317
-47,-18,-58,105,-57,7,-296,-166,30,-36,47,-64,63,-41,51,9,5083,48,317
-45,-18,-50,103,-56,7,-239,-122,139,-26,79,-66,68,-48,52,9,5083,48,317
-43,-12,-37,99,-52,8,125,-135,260,-33,91,-63,80,-58,40,9,5083,48,317
-43,-8,-28,100,-49,12,347,-123,275,-47,76,-62,90,-70,39,9,5083,48,317
-43,-2,-17,102,-46,16,463,-163,222,-58,51,-60,96,-72,35,9,5083,48,317
-42,2,-5,104,-43,21,479,-233,171,-63,15,-59,100,-72,34,9,5083,48,317
-44,7,25,26,-108,-23,454,-238,195,-89,-2,-67,88,-81,56,9,5083,48,317
12,-10,69,41,-94,-3,453,-171,260,-91,22,-59,93,-76,66,9,5083,48,317
14,3,69,58,-79,16,-220,-112,105,-91,49,-53,99,-70,74,9,5083,48,317
14,18,63,77,-64,37,-208,-97,102,-86,67,-48,102,-62,80,9,5083,48,317
10,31,52,98,-49,57,-195,-92,99,-78,82,-50,100,-56,82,9,5083,48,317
2,55,12,134,-20,88,-172,-91,89,-58,94,-50,82,-43,79,9,5083,48,317
0,62,-10,151,-7,97,-158,-91,79,-52,94,-50,68,-34,73,9,5083,48,317
-5,65,-36,164,4,100,-150,-93,67,-50,96,-53,55,-27,65,9,5083,48,317
-12,65,-61,-51,-72,0,-150,-92,62,-1,76,-60,-46,9,66,9,5083,48,317
-22,62,-84,-52,-49,-58,-159,-80,65,-1,63,-57,-46,15,57,9,5083,48,317
31,-1,-10,-54,-43,-64,-175,-59,76,15,31,-51,-46,18,51,9,5083,48,317
-13,-8,-40,-54,-27,-69,-94,181,-12,45,-13,-53,-53,25,47,9,5083,48,317
-31,-9,-53,-53,-19,-69,-148,152,-54,42,-12,-66,-57,32,46,9,5131,58,317
-46,-11,-62,-53,-11,-67,-217,144,-120,36,-8,-70,-61,38,45,9,5131,58,317
-55,-11,-67,-54,-4,-63,-268,138,-155,27,-9,-63,-63,46,43,9,5131,58,317
-58,-7,-65,-58,6,-51,-361,109,-184,6,-11,-55,-71,52,42,9,5131,58,317
-52,-5,-56,-61,9,-43,-460,171,-208,104,-72,-73,-4,-32,-15,9,5131,58,317
-29,0,-31,-8,14,39,-322,351,-36,14,-28,-66,-39,14,20,9,5131,58,317
43,-8,-25,-6,17,71,-3844,3347,1882,-25,-16,-65,-46,41,55,9,5131,58,317
83,-15,-18,-1,24,97,146,-65,135,-59,-7,-69,-52,68,93,9,5131,58,317
121,-20,-12,7,35,113,144,88,22,-81,0,-70,-47,98,126,9,5131,58,317
152,-24,-6,13,46,120,123,111,-17,-97,6,-67,-46,119,151,9,5131,58,317
192,-26,5,22,68,121,49,111,-45,-101,20,-69,-47,132,160,9,5131,58,317
202,-22,9,23,80,117,8,98,-35,-91,15,-74,-47,130,147,9,5131,58,317
204,-15,10,20,88,109,-25,84,-18,-72,5,-74,-52,111,133,9,5131,58,317
202,-9,10,12,94,94,-52,74,-3,10,13,-58,-8,18,66,9,5131,58,317
178,2,6,24,1,27,-87,68,0,19,19,-57,-12,25,63,9,5131,58,317
-9,-27,-63,24,2,24,-92,72,-6,23,17,-58,-13,30,62,9,5131,58,317
-8,-20,-47,24,3,22,-91,82,-4,27,12,-60,-15,36,60,9,5131,58,317
-7,-16,-43,23,6,19,266,1,65,29,8,-60,-18,37,58,9,5131,58,317
8,-11,-36,17,12,14,515,-19,146,17,-6,-67,-20,42,53,9,5131,58,317
16,-12,-28,12,15,15,574,-18,176,6,-9,-67,-20,47,51,9,5131,58,317
20,-12,-18,6,19,17,616,-23,181,-6,-10,-65,-19,50,49,9,5131,58,317
22,-9,-2,0,24,23,646,-44,201,-20,-12,-64,-20,53,45,9,5131,58,317
24,-2,38,120,25,-51,652,-111,281,6,-25,-77,29,-10,0,9,5131,58,317
27,2,57,104,15,-35,607,-149,236,6,-6,-76,13,-2,12,9,5131,58,317
-131,-79,34,87,5,-14,556,-208,191,3,16,-64,1,4,33,9,5131,58,317
-42,-131,98,68,-3,12,-408,273,25,-1,37,-54,-6,7,60,9,5131,58,317
-5,-141,102,49,-14,39,-382,281,-3,-7,55,-52,-9,12,87,9,5131,58,317
30,-142,96,33,-25,65,-360,263,-24,-15,69,-52,-8,14,112,9,5131,58,317
104,-109,76,8,-52,105,-313,202,-49,-40,85,-47,3,19,151,9,5131,58,317
100,-113,44,1,-65,117,-290,164,-52,-52,82,-41,9,12,163,9,5131,58,317
80,-122,12,-3,-79,120,-276,126,-60,-53,-4,-64,-23,-9,58,9,5131,58,317
72,-96,-12,3,15,17,-258,57,-64,-34,-1,-64,-27,-15,46,9,5131,58,317
53,-83,-26,5,11,11,-237,19,-59,-28,4,-62,-27,-16,42,9,5131,58,317
32,-76,-36,4,12,10,-208,-19,-58,-23,10,-59,-26,-11,35,9,5131,58,317
70,19,14,3,15,8,-13,-258,50,-21,14,-60,-26,-6,29,9,5131,58,317
60,23,38,-1,19,6,-30,61,132,-28,21,-61,-30,1,19,9,5131,58,317
51,26,49,-8,19,7,6,197,195,-32,17,-60,-35,4,14,9,5131,58,317
41,28,59,-19,20,9,48,242,264,-35,7,-62,-43,6,10,9,5131,58,317
26,31,66,-31,21,14,70,196,326,-33,-9,-65,-51,10,3,9,5131,58,317
-5,46,66,-60,22,35,96,16,443,-19,69,-56,-108,14,77,9,5102,68,318
-17,54,55,30,-77,56,164,12,466,-19,59,-48,-109,11,90,9,5102,68,318
-25,62,35,31,-78,46,157,78,458,-15,50,-44,-103,8,100,9,5102,68,318
71,16,16,29,-80,32,-194,-109,0,-13,50,-45,-91,-1,105,9,5102,68,318
43,11,-6,21,-81,15,-165,-126,0,-15,53,-50,-75,-9,104,9,5102,68,318
17,7,-27,9,-81,-2,-141,-137,4,-18,50,-55,-60,-17,99,9,5102,68,318
-22,-4,-53,-18,-80,-41,-105,-149,46,-8,32,-55,-38,-28,74,9,5102,68,318
-37,-4,-61,-29,-80,-56,-90,-155,80,4,24,-51,-33,-32,59,9,5102,68,318
-45,0,-67,-39,-79,-67,-77,-155,114,2,-3,-69,71,-42,47,9,5102,68,318
-49,4,-71,-48,-77,-72,-61,-154,138,8,-14,-70,70,-37,43,9,5102,68,318
-45,20,-74,119,-65,-14,-26,-165,152,-1,-25,-79,61,-29,35,9,5102,68,318
-37,28,-70,117,-65,-7,-11,-176,152,-19,-18,-84,56,-27,33,9,5102,68,318
-60,-36,-34,115,-64,0,2,-396,-126,-38,-11,-83,50,-25,32,9,5102,68,318
-55,-32,-33,111,-62,8,-87,-374,-123,-53,-10,-80,45,-24,35,9,5102,68,318
-41,-26,-23,102,-59,12,-283,-275,34,-70,-5,-74,41,-31,44,9,5102,68,318
-36,-24,-13,98,-58,10,-190,-288,113,-79,3,-71,44,-37,51,9,5102,68,318
-33,-24,0,94,-57,9,-5,-291,181,-83,4,-72,50,-44,56,9,5102,68,318
-34,-23,17,92,-57,8,238,-208,260,-46,40,-76,33,0,-10,9,5102,68,318
-35,-24,33,90,-56,10,467,-149,292,-38,14,-77,48,-14,-17,9,5102,68,318
-39,-26,50,38,-112,-26,596,-156,271,-38,-7,-80,62,-29,-21,9,5102,68,318
71,38,128,69,-85,20,-168,-185,123,-53,-29,-77,86,-55,-11,9,5102,68,318
73,58,118,90,-71,39,-174,-167,129,-56,-36,-68,94,-69,2,9,5102,68,318
67,69,99,111,-57,56,-179,-165,128,-48,-35,-64,100,-83,19,9,5102,68,318
41,73,43,148,-34,77,-190,-164,107,-45,-2,-64,105,-98,56,9,5102,68,318
22,68,14,164,-26,78,-189,-155,91,-50,22,-62,105,-94,72,9,5102,68,318
0,58,-13,177,-19,74,-185,-132,79,-1,-36,-57,-16,-37,93,9,5102,68,318
-21,46,-40,184,-13,68,-181,-97,73,-10,-39,-59,-25,-30,92,9,5102,68,318
-63,20,-91,-67,-26,10,-171,-37,80,-1,-42,-60,-45,-6,89,9,5102,68,318
-80,10,-115,-72,-17,4,-169,-20,84,13,-42,-57,-55,5,88,9,5102,68,318
62,43,-32,-78,-6,0,-10,234,71,28,-37,-55,-62,17,87,9,5102,68,318
57,45,-37,-85,4,-3,1,225,57,43,-29,-54,-69,27,85,9,5102,68,318
51,46,-39,-96,25,-9,18,217,46,59,-5,-63,-81,37,81,9,5102,68,318
51,45,-35,-103,34,-13,17,215,48,60,4,-58,-87,38,76,9,5102,68,318
52,44,-30,-109,44,-15,17,213,46,57,12,-55,-91,39,71,9,5102,68,318
53,41,-25,-114,53,-16,15,209,39,85,20,-47,-16,42,99,9,5102,68,318
53,37,-22,-118,61,-15,13,201,30,102,26,-42,0,46,126,9,5102,68,318
55,33,-19,47,86,97,4,189,19,119,34,-40,18,48,151,9,5102,68,318
-76,65,-130,63,89,68,14,140,-3,138,32,-37,59,51,184,9,5102,68,318
-82,64,-155,71,83,48,57,158,-10,140,9,-41,82,48,188,9,5102,68,318
-88,61,-175,76,80,25,115,172,-19,138,-18,-45,100,45,182,9,5102,68,318
-94,57,-192,76,74,2,188,177,-36,129,-40,-48,116,42,169,9,5102,68,318
-102,45,-208,68,61,-37,263,158,-78,102,-68,-48,138,37,133,9,5053,58,319
-101,38,-205,58,57,-52,267,133,-64,53,0,-66,-16,13,27,9,5053,58,319
-96,32,-193,46,57,-62,246,103,-26,54,2,-64,-17,16,21,9,5053,58,319
-89,24,-173,32,56,-67,208,68,20,47,1,-62,-21,19,18,9,5053,58,319
-63,7,-107,-30,61,-2,178,-4,114,24,-11,-70,-36,36,18,9,5053,58,319
4,-10,-27,-22,61,9,-85,101,70,13,-13,-70,-42,48,19,9,5053,58,319
18,-9,-23,-15,61,20,-89,85,80,0,-14,-67,-50,57,20,9,5053,58,319
29,-12,-19,-10,59,28,-96,70,88,-11,-15,-65,-62,58,26,9,5053,58,319
32,-20,-15,-7,52,35,-103,49,92,-24,-13,-68,-81,59,45,9,5053,58,319
30,-22,-20,-9,46,34,-101,39,98,-25,-12,-65,-84,62,55,9,5053,58,319
28,-23,-22,-11,40,32,-101,28,105,-38,-18,-60,36,16,104,9,5053,58,319
30,-24,-16,-18,30,23,-99,9,109,-9,-20,-59,49,0,111,9,5053,58,319
27,-26,-14,82,24,31,-94,-7,110,3,-19,-59,55,-10,107,9,5053,58,319
20,-25,-15,91,28,16,-86,-21,110,11,-15,-59,61,-19,100,9,5053,58,319
22,58,-57,99,31,1,297,-17,66,14,-14,-60,65,-29,88,9,5053,58,319
18,68,-56,108,32,-21,309,-24,77,8,-25,-65,72,-41,51,9,5053,58,319
13,71,-48,109,34,-27,316,-38,109,2,-34,-66,71,-46,37,9,5053,58,319
5,73,-38,107,36,-29,351,-50,159,-3,-42,-67,71,-42,23,9,5053,58,319
-2,76,-28,101,41,-26,391,-56,189,-10,-48,-71,68,-40,12,9,5053,58,319
-18,79,-11,85,57,-9,488,-68,212,-15,56,-55,-32,57,126,9,5053,58,319
-24,80,-5,78,66,3,531,-65,222,-18,59,-50,-35,56,146,9,5053,58,319
-28,80,-1,1,-58,78,562,-56,240,-18,50,-50,-36,54,154,9,5053,58,319
-32,79,-2,19,-54,54,567,-40,250,-17,38,-54,-40,42,146,9,5053,58,319
63,2,-32,52,-46,0,-278,30,-85,-10,11,-50,-46,2,109,9,5053,58,319
31,1,-45,62,-42,-21,-251,-4,-94,-3,-1,-36,-46,-17,87,9,5053,58,319
1,2,-52,65,-40,-39,-229,-38,-90,3,-13,-13,-44,-35,63,9,5053,58,319
-23,3,-54,61,-36,-52,-218,-64,-72,10,-21,-13,-40,-48,41,9,5053,58,319
-56,11,-48,38,-24,-59,-208,-87,1,4,32,-65,-36,7,47,9,5053,58,319
-61,16,-42,26,-16,-53,-205,-79,35,1,28,-68,-35,11,45,9,5053,58,319
-57,23,-38,-32,-25,11,-190,-63,45,-4,18,-76,-34,13,41,9,5053,58,319
-46,27,-38,-37,-27,24,-170,-43,24,-14,1,-76,-33,16,38,9,5053,58,319
-47,13,12,-41,-28,38,87,27,265,-23,-16,-67,-31,22,34,9,5053,58,319
-52,20,11,-43,-25,52,75,44,283,-31,-35,-68,-31,32,32,9,5053,58,319
-58,41,-7,-42,-11,79,91,172,311,-35,-71,-81,-28,51,45,9,5053,58,319
-59,51,-23,-38,-1,90,93,235,312,-32,-83,-86,-24,57,59,9,5053,58,319
-62,58,-40,-30,10,98,81,261,309,6,-5,-61,-76,-11,49,9,5053,58,319
-66,65,-55,-20,21,100,62,270,298,2,-10,-62,-76,-27,50,9,5053,58,319
-76,69,-79,1,40,87,29,341,210,-5,-4,-51,-67,-39,62,9,5053,58,319
-83,66,-89,-9,-79,-11,0,384,105,-13,20,-51,-58,-43,71,9,5053,58,319
-92,59,-98,-5,-67,-20,-11,351,9,-23,52,-57,-49,-47,79,9,5053,58,319
-36,39,-44,0,-56,-28,-31,-141,41,-33,82,-61,-39,-51,83,9,5053,58,319
-65,24,-54,3,-39,-38,-6,-165,77,-42,112,-60,-30,-57,79,9,3939,97,319
-69,20,-57,2,-34,-39,3,-182,95,-37,100,-62,-30,-53,70,9,3939,97,319
-66,19,-59,0,-31,-36,12,-196,107,-27,82,-63,-29,-47,59,9,3939,97,319
-47,22,-61,-2,-32,-23,15,-211,130,-70,22,-61,55,-32,49,9,3939,97,319
-35,25,-62,-1,-35,-16,11,-208,139,-64,14,-61,50,-34,45,9,3939,97,319
-22,29,-64,1,-37,-9,13,-196,144,-57,8,-64,47,-34,42,9,3939,97,319
-11,32,-65,-3763,-3647,-1215,16,-176,145,-49,6,-67,44,-36,40,9,3939,97,319
-59,-43,-20,67,-58,0,122,-368,67,-47,23,-72,39,-43,34,9,3939,97,319
-66,-51,0,62,-57,12,181,-352,83,-56,40,-76,37,-44,31,9,3939,97,319
-73,-57,18,59,-53,27,254,-325,91,-69,56,-78,36,-45,24,9,3939,97,319
-77,-62,35,58,-49,42,328,-300,99,-83,67,-81,36,-45,21,9,3939,97,319
-78,-57,48,70,-35,62,394,-242,151,-4,6,-64,61,-36,20,9,3939,97,319
-77,-49,44,83,-26,67,393,-210,173,22,-4,-60,56,-48,16,9,3939,97,319
-75,-42,34,100,-16,66,381,-182,181,21,-10,-64,53,-56,15,9,3939,97,319
-73,-39,21,121,-6,59,356,-159,179,19,-8,-66,51,-61,18,9,3939,97,319
-72,-40,8,17,-95,-11,329,-142,173,14,-2,-64,48,-66,24,9,3939,97,319
15,24,10,4,-90,-11,-89,-111,64,8,2,-61,44,-68,32,9,3939,97,319
13,34,-10,-19,-78,-12,-105,-93,90,9,-10,-55,33,-64,43,9,3939,97,319
10,40,-19,-29,-70,-11,-118,-97,90,12,-15,-58,28,-56,46,9,3939,97,319
6,45,-26,-37,-61,-8,-130,-110,87,17,-22,-57,25,-47,50,9,3939,97,319
3,48,-31,-46,-53,-4,-138,-120,90,26,-26,-57,-33,-26,75,9,3939,97,319
-4,54,-35,-65,-34,4,-150,-104,95,46,-29,-59,-40,-16,76,9,3939,97,319
-9,59,-34,-74,-26,9,-155,-89,95,44,-33,-61,-46,-5,73,9,3939,97,319
-11,63,-31,-82,-17,14,-158,-63,98,41,-36,-63,-55,8,69,9,3939,97,319
-12,68,-29,-44,-7,-13,-167,-28,111,38,-38,-63,-67,15,65,9,3939,97,319
89,-20,-8,-69,4,-7,-122,71,-57,16,-41,-69,-91,31,55,9,3939,97,319
93,-17,-8,-78,14,-4,-136,57,-67,-1,-37,-66,-99,38,49,9,3939,97,319
98,-15,-11,-85,24,-3,-151,49,-77,-22,-26,-64,-105,43,44,9,3939,97,319
101,-15,-15,-88,33,-4,-161,52,-87,-40,-14,-65,44,83,226,9,3939,97,319
103,-14,-20,-90,42,-8,-150,65,-91,-48,0,-68,85,94,234,9,3939,97,319
105,-14,-27,-91,51,-13,-134,82,-86,218,-133,-52,119,109,215,9,3939,97,319
106,-15,-37,-86,61,-25,-129,351,-14,221,-121,-47,163,128,142,9,3939,97,319
105,-15,-36,-19,184,42,9,519,70,215,-110,-46,174,125,104,9,3939,97,319
-83,113,-64,-7,195,54,-150,-44,74,202,-102,-40,176,122,70,9,3939,97,319
-9,105,-39,25,205,64,-137,-81,26,156,-97,-28,153,96,35,9,3939,97,319
26,99,-38,40,205,67,-105,-66,7,123,-98,-29,141,93,31,9,3939,97,319
57,88,-44,50,193,61,-53,-25,-1,92,-92,-38,131,99,36,9,3939,97,319
83,75,-55,56,177,51,10,25,-8,68,-85,-48,-80,16,113,9,3939,97,319
118,41,-81,55,132,12,113,107,-19,-12,-6,-72,-94,-10,55,9,3939,97,319
124,20,-87,48,108,-11,146,123,-14,-22,-7,-66,-94,-14,31,9,3939,97,319
123,-1,-81,39,83,-32,156,118,-4,-31,-8,-65,-89,-11,16,9,3147,87,320
118,-26,-63,-10,15,-9,147,96,4,-38,-4,-68,-80,-8,8,9,3147,87,320
-11,-20,-23,9,27,12,-105,58,54,-42,-7,-71,-59,8,7,9,3147,87,320
-2,-20,-19,17,30,21,-115,36,76,-41,-9,-71,-52,17,14,9,3147,87,320
7,-20,-13,21,30,28,-121,14,94,-40,-6,-68,-48,27,23,9,3147,87,320
18,-21,-7,23,29,32,-123,-3,106,-40,-2,-65,-48,35,32,9,3147,87,320
31,-29,-6,17,20,32,-116,-24,118,-40,5,-60,7,7,49,9,3147,87,320
34,-30,-11,13,14,30,-108,-29,129,-24,2,-60,2,9,45,9,3147,87,320
37,-34,-14,11,6,27,-98,-36,141,-25,19,-56,5,13,49,9,3147,87,320
38,-37,-15,9,0,23,-89,-41,151,-22,24,-54,10,12,58,9,3147,87,320
38,41,-56,72,26,18,272,-63,49,-11,-10,-58,23,3,78,9,3147,87,320
39,44,-60,73,31,13,249,-49,57,-8,-31,-60,29,-1,84,9,3147,87,320
38,49,-62,72,36,10,233,-37,60,-2,-43,-62,36,-4,88,9,3147,87,320
35,55,-59,68,42,8,230,-29,59,5,-48,-63,42,-7,90,9,3147,87,320
31,60,-51,63,50,9,241,-21,56,15,-47,-68,72,-14,56,9,3147,87,320
26,68,-33,53,65,15,258,-7,56,22,-24,-23,36,4,32,9,3147,87,320
25,72,-27,48,73,21,277,0,76,20,-6,-15,21,19,23,9,3147,87,320
24,77,-25,44,81,29,306,5,104,10,8,-47,7,28,19,9,3147,87,320
24,81,-25,-36,-45,94,2949,-1385,-2813,-2,19,-63,-10,33,20,9,3147,87,320
118,-26,50,-11,-43,77,-276,189,-2,-15,28,-60,-35,40,37,9,3147,87,320
98,-21,27,4,-41,60,-251,179,-2,-20,34,-60,-45,43,52,9,3147,87,320
74,-17,4,18,-39,40,-234,152,3,-24,43,-63,-52,44,69,9,3147,87,320
46,-18,-15,29,-39,18,-215,117,11,-25,50,-63,-56,44,88,9,3147,87,320
-10,-25,-42,39,-41,-29,-175,35,24,-24,44,-66,-5,11,91,9,3147,87,320
-35,-27,-47,37,-44,-48,-163,-10,21,-8,29,-75,-3,6,74,9,3147,87,320
-55,-30,-47,31,-46,-59,-156,-45,15,-5,30,-73,-5,0,57,9,3147,87,320
-67,-29,-43,25,-49,-61,-152,-66,4,-4,31,-72,-9,-6,45,9,3147,87,320
-71,-31,-19,-43,-2,-40,-32,-165,-98,-10,25,-73,-23,-13,25,9,3147,87,320
-8,-3,-11,-44,-9,-40,-62,-121,-49,-18,19,-73,-31,-10,19,9,3147,87,320
-17,-3,4,-45,-15,-39,-67,-35,26,-30,7,-71,-38,-8,13,9,3147,87,320
-29,0,23,-48,-23,-34,-48,40,125,-44,-9,-74,-46,-5,10,9,3147,87,320
-50,4,59,-54,-32,-8,60,38,326,-85,-54,-93,50,61,93,9,3147,87,320
-58,8,67,-56,-32,13,130,14,379,-106,-74,-106,32,69,81,9,3147,87,320
-65,18,65,-58,-30,39,178,24,376,-80,88,-48,14,74,69,9,3147,87,320
-70,32,56,-60,-25,68,193,65,330,-92,89,-46,-1,77,58,9,3147,87,320
-67,57,20,11,-103,29,180,161,258,-89,95,-65,-33,62,43,9,3147,87,320
-67,70,-3,22,-111,28,-388,25,-37,-81,82,-71,-47,43,39,9,3147,87,320
72,-18,53,32,-118,23,-356,-25,-35,-65,60,-65,-55,23,42,9,3147,87,320
40,-26,26,41,-122,16,-326,-72,-27,-42,36,-56,-61,6,52,9,3147,87,320
-17,-31,-29,52,-122,-3,-265,-133,-11,1,31,-53,2292,1075,-2138,9,3147,87,320
-40,-37,-53,57,-118,-13,-234,-151,-10,16,33,-53,4,-40,63,9,4965,97,321
-58,-40,-72,63,-110,-20,-207,-162,-12,30,20,-56,13,-40,65,9,4965,97,321
-73,-40,-89,70,-99,-25,-183,-168,-10,28,15,-51,20,-44,66,9,4965,97,321
-84,-29,-109,83,-75,-29,-142,-177,12,3,23,-49,28,-44,61,9,4965,97,321
-84,-23,-109,11,-20,24,-122,-183,23,-14,19,-52,29,-39,57,9,4965,97,321
-81,-17,-106,9,-17,34,56,-212,27,-34,19,-58,29,-31,54,9,4965,97,321
17,72,-3,7,-4,51,16,-240,15,-69,29,-61,27,-18,48,9,4965,97,321
13,74,-12,8,2,56,-37,-247,10,-80,27,-60,27,-12,50,9,4965,97,321
10,76,-17,11,9,57,-142,-203,29,-88,22,-64,28,-3,53,9,4965,97,321
8,76,-21,15,16,57,-218,-164,84,-91,20,-69,-28,49,35,9,4965,97,321
5,66,-20,20,23,54,-51,-184,181,36,-43,-66,-3,0,10,9,4965,97,321
1,66,-17,20,23,53,129,-136,232,20,-43,-69,11,-23,-1,9,4965,97,321
-5,64,-11,18,21,52,320,-64,282,-6,-31,-70,27,-39,-11,9,4965,97,321
-12,58,-5,189,-58,66,-39,-190,73,-39,-18,-67,43,-50,-16,9,4965,97,321
-56,-5,-43,229,-21,63,-9,-197,65,-86,0,-58,69,-57,-5,9,4965,97,321
-80,-12,-61,241,-8,55,0,-205,59,-99,12,-62,81,-60,8,9,4965,97,321
-103,-20,-78,249,0,43,9,-210,54,-107,31,-66,91,-61,29,9,4965,97,321
-122,-26,-93,255,7,32,14,-209,52,-111,53,-69,99,-59,48,9,4965,97,321
-152,-29,-121,253,16,12,9,-178,49,1001,2605,1939,18,-49,63,9,4965,97,321
-160,-25,-131,247,19,8,0,-153,57,36,-33,-66,10,-46,51,9,4965,97,321
-163,-21,-134,237,19,9,-10,-130,64,32,-20,-66,0,-41,44,9,4965,97,321
-164,-15,-132,223,18,14,-21,-116,67,28,-3,-63,-10,-32,41,9,4965,97,321
50,32,-8,-83,0,-5,-182,147,92,17,18,-55,-30,-16,43,9,4965,97,321
39,33,-22,-78,9,-6,-190,177,108,13,13,-52,-37,-9,47,9,4965,97,321
28,33,-34,-75,16,-7,-184,201,98,8,6,-52,-44,-4,52,9,4965,97,321
19,31,-43,-74,23,-7,-166,219,79,5,0,-56,-48,0,57,9,4965,97,321
11,30,-50,-76,28,-7,-144,233,63,4,-2,-62,-39,56,80,9,4965,97,321
6,27,-52,-77,33,-6,-120,238,59,6,-4,-63,-32,54,87,9,4965,97,321
0,26,-47,-75,39,-5,-76,216,64,28,-2,-55,-27,44,94,9,4965,97,321
0,27,-43,-71,40,-3,-54,191,61,28,1,-52,-30,38,91,9,4965,97,321
5,26,-39,-54,40,10,55,182,35,23,4,-53,-37,35,84,9,4965,97,321
10,26,-37,-57,41,0,50,170,47,17,5,-53,-44,34,76,9,4965,97,321
35,-2,-27,-61,42,-17,46,130,55,1,8,-55,-57,31,62,9,4965,97,321
32,-4,-27,-64,43,-24,46,112,55,-5,7,-57,-59,31,57,9,4965,97,321
28,-6,-27,-66,43,-28,46,98,55,-14,5,-59,-58,31,54,9,4965,97,321
22,-8,-28,-68,44,-29,43,86,56,-16,5,-61,8,28,69,9,4965,97,321
13,-11,-29,-69,45,-26,35,68,72,1,-2,-62,5,20,59,9,4965,97,321
12,-10,-29,-68,47,-21,35,63,81,6,1,-58,2,19,54,9,4965,97,321
12,-9,-30,-66,48,-15,40,60,89,11,4,-58,-1,19,50,9,4965,97,321
15,-5,-31,21,37,49,1,-40,114,25,0,-60,-3,26,53,9,4965,97,321
16,25,-8,20,38,48,13,-12,128,32,-4,-61,-3,24,60,9,4359,63,322
12,27,-14,19,40,46,30,18,130,34,-15,-60,-2,26,65,9,4359,63,322
7,28,-18,15,42,43,46,39,116,34,-31,-66,0,26,66,9,4359,63,322
-8,29,-24,9,47,32,74,26,88,11,-26,-72,31,18,59,9,4359,63,322
-17,27,-28,6,49,26,81,3,100,3,-15,-69,27,17,57,9,4359,63,322
-28,24,-33,6,49,21,93,-14,114,-46,-26,-61,24,16,57,9,4359,63,322
-38,20,-39,8,48,15,103,-26,109,-49,-36,-64,22,14,59,9,4359,63,322
-55,12,-51,25,2,0,328,29,93,-49,-28,-64,18,6,63,9,4359,63,322
-20,7,-8,24,3,1,330,54,109,-45,-19,-64,16,0,61,9,4359,63,322
-25,9,-15,21,5,6,334,63,117,-36,-12,-67,15,-4,57,9,4359,63,322
-29,11,-24,20,8,12,334,58,116,-24,-8,-70,15,-5,52,9,4359,63,322
-32,15,-32,20,12,20,330,43,109,-11,-9,-68,17,-5,45,9,4359,63,322
-32,18,-40,21,16,27,320,25,104,0,-15,-69,-24,30,40,9,4359,63,322
-27,25,-54,26,24,36,299,4,108,-13,8,-56,-29,32,49,9,4359,63,322
-22,27,-58,29,29,37,292,2,114,-17,14,-58,-32,31,54,9,4359,63,322
-17,31,-62,-52,25,42,-238,147,95,-20,23,-57,-33,31,58,9,4359,63,322
-8,35,-68,-29,23,18,-213,128,70,-26,31,-60,-30,28,78,9,4359,63,322
-34,-13,-44,-16,20,6,-197,122,60,-28,25,-62,-24,25,89,9,4359,63,322
-41,-17,-46,-5,16,-3,-182,118,53,-29,18,-65,-17,18,100,9,4359,63,322
-45,-20,-48,0,12,-13,-166,115,46,-30,11,-64,-12,8,104,9,4359,63,322
-46,-26,-48,4,8,-22,-148,104,40,-27,6,-59,-9,0,102,9,4359,63,322
-38,-33,-43,6,-2,-35,-121,67,32,-14,0,-62,-23,-3,59,9,4359,63,322
-32,-35,-38,7,-9,-39,-113,53,29,-3,-4,-60,-27,-4,60,9,4359,63,322
-25,-36,-32,9,-16,-40,-107,46,27,1,-5,-57,-27,-6,66,9,4359,63,322
-18,-36,-24,4,3,1,-280,12,-21,6,-5,-56,-26,-8,72,9,4359,63,322
-4,-31,-12,0,-3,0,-245,-13,-12,15,-5,-62,-21,-5,76,9,4359,63,322
12,0,-12,-4,-7,0,-224,-27,-13,20,-10,-62,-20,-5,75,9,4359,63,322
16,0,-6,-9,-12,-1,-201,-37,-17,27,-21,-58,-20,-3,73,9,4359,63,322
26,4,1,-19,-18,-2,-157,-37,-14,41,-30,-52,-24,5,67,9,4359,63,322
29,6,5,-22,-20,-4,-133,-25,-13,42,-20,-53,-23,-4,79,9,4359,63,322
31,8,7,-26,-22,-7,-102,-14,-16,40,-9,-52,-20,-6,83,9,4359,63,322
30,11,8,-28,-25,-8,-73,-8,-16,-1,19,-63,-19,-5,84,9,4359,63,322
26,14,7,37,-47,27,-29,-217,78,-9,21,-63,-14,-12,81,9,4359,63,322
22,15,3,40,-47,32,10,-174,83,-13,20,-67,-10,-18,79,9,4359,63,322
-42,13,-24,42,-47,36,32,-175,79,-17,21,-68,-7,-25,77,9,4359,63,322
-49,4,-28,46,-48,36,57,-179,77,-25,21,-69,-4,-32,75,9,4359,63,322
-55,-4,-32,49,-48,33,85,-183,75,-32,24,-73,-1,-40,72,9,4359,63,322
-62,-11,-34,53,-49,28,109,-185,74,-44,27,-70,2,-43,70,9,4359,63,322
-72,-25,-36,61,-50,13,140,-176,74,-57,33,-69,71,-24,44,9,4359,63,322
-76,-30,-36,64,-49,6,149,-169,71,-44,2,-63,76,-28,41,9,4359,63,322
-78,-35,-37,68,-48,0,154,-163,68,-58,0,-70,80,-33,39,9,3499,73,322
-78,-39,-40,126,-38,18,156,-161,71,-71,-7,-74,84,-37,37,9,3499,73,322
-74,-42,-45,131,-30,24,142,-4,169,-85,-16,-64,88,-41,36,9,3499,73,322
-55,-67,-1,131,-28,26,138,2,165,-79,-17,-58,89,-39,37,9,3499,73,322
-53,-65,-9,129,-26,26,130,0,160,-67,-20,-57,89,-35,40,9,3499,73,322
-53,-62,-13,128,-26,25,125,-8,156,-54,-18,-57,85,-30,44,9,3499,73,322
-54,-59,-15,125,-26,15,116,-41,143,-33,4,-58,57,-17,50,9,3499,73,322
-53,-61,-15,123,-26,8,114,-56,138,-27,16,-61,53,-15,50,9,3499,73,322
-52,-61,-14,122,-29,0,106,-72,133,-56,43,-82,50,-13,48,9,3499,73,322
-51,-60,-13,-767,-3988,-3438,97,-82,128,-48,26,-84,46,-11,44,9,3499,73,322
-44,-54,-13,40,-12,16,-162,-85,82,-23,-6,-87,41,-8,34,9,3499,73,322
-25,24,43,41,-12,24,-170,-60,97,7,-46,-76,39,-8,31,9,3499,73,322
-14,27,33,45,-11,31,-174,-49,105,51,-99,-58,39,-8,28,9,3499,73,322
2,33,31,50,-11,36,-173,-50,104,99,-139,-43,39,-10,29,9,3499,73,322
5,22,20,56,-11,38,-169,-59,96,126,-137,-45,38,-16,30,9,3499,73,322
9,3,3,65,-14,38,-154,-78,69,108,-36,-57,-68,-10,67,9,3499,73,322
13,8,-3,67,-19,35,-148,-75,54,47,30,-57,-72,-6,73,9,3499,73,322
16,18,-13,66,-25,32,-145,-63,41,38,15,-58,-74,-1,74,9,3499,73,322
18,24,-25,-91,45,-12,-142,-40,37,23,11,-57,-74,3,73,9,3499,73,322
20,29,-44,-79,39,-9,-122,252,-5,-9,3,-56,-67,8,73,9,3499,73,322
-26,-30,-14,-70,34,-5,-110,227,-17,-16,-4,-52,-61,7,78,9,3499,73,322
-32,-34,-23,-60,29,0,-102,218,-21,-16,-12,-52,-53,7,85,9,3499,73,322
-35,-36,-33,-50,23,5,-92,229,-23,-14,-13,-56,-42,8,94,9,3499,73,322
-32,-35,-52,-26,11,16,-62,283,-26,0,-16,-56,-49,49,57,9,3499,73,322
-26,-31,-57,-13,5,18,-49,303,-24,8,-26,-55,-39,51,56,9,3499,73,322
-18,-26,-59,-2,0,17,-44,306,-23,-35,-9,-58,-34,47,57,9,3499,73,322
-8,-19,-58,6,-5,15,-40,292,-27,-27,5,-62,-31,48,56,9,3499,73,322
9,-8,-45,-94,135,14,64,28,135,-3,23,-66,-32,46,55,9,3499,73,322
47,4,-9,-87,130,24,68,27,131,11,23,-63,-31,48,55,9,3499,73,322
45,3,-13,-76,124,31,72,26,127,24,22,-61,-28,48,54,9,3499,73,322
44,2,-19,-63,116,36,74,30,126,35,24,-62,-24,50,55,9,3499,73,322
42,2,-25,-49,109,41,78,38,125,39,30,-61,-18,47,55,9,3499,73,322
37,1,-38,-19,93,46,83,55,115,24,23,-61,2,26,83,9,3499,73,322
33,0,-46,-5,84,46,81,55,107,-17,-33,-56,5,17,86,9,3499,73,322
27,-1,-54,7,74,44,82,49,101,-15,-42,-54,8,16,87,9,3499,73,322
20,-3,-62,-9,22,7,80,41,100,-15,-41,-57,10,15,88,9,3499,73,322
6,-9,-73,-9,23,1,-32,-90,97,-10,-23,-62,14,17,91,9,3499,73,322
-18,-11,-17,-7,22,0,-16,-90,95,-8,-17,-63,15,18,92,9,3499,73,322
-17,-9,-10,-4,20,0,4,-88,94,-6,-15,-65,18,22,92,9,3499,73,322
-15,-7,-3,-1,20,0,33,-82,94,-6,-18,-68,20,26,88,9,3499,73,322
-8,0,7,5,21,5,99,-66,99,-18,-25,-70,45,26,58,9,5131,68,323
-4,2,9,9,23,9,134,-61,95,-24,-22,-68,40,25,59,9,5131,68,323
-1,5,7,14,25,15,169,-52,90,-5,31,-64,35,25,61,9,5131,68,323
0,6,3,19,28,20,205,-41,84,-11,25,-66,29,24,63,9,5131,68,323
-6,3,-7,-5,39,24,-36,192,212,-6,-20,-60,18,23,64,9,5131,68,323
-4,-10,3,-9,39,22,-47,196,204,-1,-45,-63,13,23,63,9,5131,68,323
-3,-10,0,-13,40,24,-57,188,191,6,-50,-64,8,22,60,9,5131,68,323
-1,-10,-3,-17,40,28,-68,162,183,16,-40,-63,3,19,58,9,5131,68,323
1,-9,-8,-21,39,36,-77,123,181,25,-30,-63,0,16,58,9,5131,68,323
11,-5,-20,-25,36,49,-98,40,180,39,-8,-57,-19,25,63,9,5131,68,323
15,-4,-25,-23,34,52,-109,14,172,-23,14,-61,-13,25,66,9,5131,68,323
18,-5,-29,-17,33,52,-112,3,162,-31,0,-65,-7,21,68,9,5131,68,323
18,-6,-33,0,29,6,-115,0,154,-38,-7,-66,-2,15,69,9,5131,68,323
17,-9,-38,-1,20,2,-203,38,-63,-40,-14,-72,1,2,62,9,5131,68,323
12,-3,-8,-3,16,2,-191,31,-38,-35,-17,-77,0,-5,57,9,5131,68,323
17,-3,-13,-6,13,1,-183,23,2,-25,-17,-73,-5,-10,51,9,5131,68,323
22,-3,-17,-7,9,0,-181,15,43,-14,-15,-66,-11,-11,46,9,5131,68,323
25,-3,-26,-4,4,-3,-166,3,102,3,-5,-63,14,-7,110,9,5131,68,323
23,-5,-27,-3,2,-5,-149,8,109,2,4,-62,23,-9,110,9,5131,68,323
20,-7,-25,-3,0,-7,-116,7,111,126,-54,-57,27,-8,106,9,5131,68,323
16,-8,-22,-2,0,-9,-66,7,111,124,-40,-55,26,-5,99,9,5131,68,323
9,-5,-17,-5,-47,-18,70,9,90,109,-44,-67,11,18,85,9,5131,68,323
7,-5,-17,-13,-40,-10,-93,-36,95,102,-55,-72,0,38,81,9,5131,68,323
41,23,-9,-19,-34,-2,-92,-90,97,96,-72,-70,-13,53,81,9,5131,68,323
58,48,-11,-31,-22,9,-82,-195,107,86,-84,-56,-42,69,80,9,5131,68,323
62,59,-12,-38,-16,11,-72,-215,119,77,-46,-45,-53,73,75,9,5131,68,323
64,67,-15,-44,-10,14,-62,-209,129,60,13,-35,18,-22,41,9,5131,68,323
59,71,-17,-50,-5,17,-51,-193,133,40,67,-38,15,-19,43,9,5131,68,323
40,70,-25,-59,3,24,-23,-182,129,-29,-21,-64,16,-16,47,9,5131,68,323
29,66,-29,84,-58,18,-8,-188,124,-31,-34,-64,21,-20,49,9,5131,68,323
18,62,-34,100,-56,20,118,-125,124,-35,-38,-66,25,-26,51,9,5131,68,323
7,60,-41,104,-53,19,128,-111,137,-43,-23,-60,31,-31,51,9,5131,68,323
-53,-29,14,109,-43,12,145,-94,151,-72,48,-54,43,-38,52,9,5131,68,323
-54,-28,11,110,-39,7,151,-89,156,-83,75,-58,49,-38,53,9,5131,68,323
-54,-26,8,110,-34,3,156,-81,157,-77,73,-57,56,-39,55,9,5131,68,323
-52,-25,5,110,-30,-3,160,-71,154,-63,58,-53,64,-40,28,9,5131,68,323
-48,-24,1,104,-24,-16,161,-62,138,-25,25,-68,64,-40,26,9,5131,68,323
-48,-26,1,100,-22,-23,157,-66,127,-15,32,-69,61,-36,24,9,5131,68,323
-49,-30,4,94,-22,-28,148,-71,119,-12,41,-71,58,-31,24,9,5131,68,323
-50,-36,9,72,-21,14,-88,-134,17,-9,36,-74,54,-28,24,9,5131,68,323
-33,25,-31,65,-10,30,-128,-139,0,6,-3,-67,47,-17,28,9,2619,68,323
-18,34,-34,60,-6,37,-148,-134,-9,8,-20,-63,45,-13,29,9,2619,68,323
-2,42,-37,55,-4,44,-165,-126,-17,10,-36,-61,42,-10,29,9,2619,68,323
14,49,-39,48,-2,48,-175,-118,-23,19,-47,-58,41,-10,28,9,2619,68,323
38,57,-38,34,0,52,-174,-83,-20,57,-13,-63,-20,20,76,9,2619,68,323
45,60,-35,28,1,53,-164,-63,-15,57,-10,-63,-22,26,78,9,2619,68,323
51,62,-32,20,4,54,-153,-42,-8,52,-3,-60,-24,29,80,9,2619,68,323
56,62,-28,-11,7,31,-60,244,113,47,5,-53,-26,31,82,9,2619,68,323
7,-25,-9,-2,4,27,-62,231,111,44,11,-46,-28,33,85,9,2619,68,323
5,-29,-15,5,0,21,-67,211,107,40,17,-46,-29,30,90,9,2619,68,323
4,-32,-20,12,-5,14,-68,194,96,36,22,-51,-29,27,98,9,2619,68,323
0,-34,-26,23,-15,-4,-66,183,80,34,12,-56,-24,24,114,9,2619,68,323
-2,-35,-25,28,-19,-13,-62,190,69,28,12,-54,-70,37,45,9,2619,68,323
-4,-33,-23,30,-22,-20,-60,204,51,0,-12,-62,-71,38,43,9,2619,68,323
-5,-33,-17,31,-25,-25,-66,221,28,0,-16,-63,-71,41,40,9,2619,68,323
-4,-33,-5,-80,83,15,36,7,124,-3,-18,-64,-69,47,40,9,2619,68,323
-2,-32,0,-73,80,20,39,8,130,-3,-14,-65,-66,51,42,9,2619,68,323
11,31,-46,-66,78,24,42,15,132,0,-9,-67,-62,53,47,9,2619,68,323
-1,25,-48,-60,74,28,45,21,140,9,-8,-67,-58,53,52,9,2619,68,323
-26,20,-52,-47,67,35,51,10,157,28,0,-63,-49,51,58,9,2619,68,323
-36,15,-55,-40,63,37,60,-5,161,36,5,-57,-42,49,62,9,2619,68,323
-43,10,-58,-32,57,39,66,-22,164,38,10,-58,33,-12,66,9,2619,68,323
-49,5,-60,-24,50,39,62,-29,159,39,-10,-64,31,-15,56,9,2619,68,323
-54,-4,-65,-7,35,36,62,-33,145,18,-18,-64,24,-23,39,9,2619,68,323
-55,-7,-66,30,-19,-35,33,44,64,4,-14,-67,19,-28,34,9,2619,68,323
-54,-11,-65,23,-17,-34,35,41,67,-12,-6,-66,15,-30,30,9,2619,68,323
-19,-18,-10,16,-14,-30,38,37,76,-27,0,-62,10,-30,28,9,2619,68,323
-23,-15,-8,5,-12,-17,42,40,93,-42,-4,-66,5,-23,27,9,2619,68,323
-25,-15,-5,2,-10,-10,36,39,101,-42,-5,-69,4,-13,29,9,2619,68,323
-25,-13,-3,0,-8,-3,28,31,107,-36,-8,-69,5,-6,33,9,2619,68,323
-24,-9,-4,-3,-6,3,21,22,107,-27,-9,-69,37,0,63,9,2619,68,323
-13,3,-12,-1,-1,16,15,1,99,-5,-29,-66,38,5,65,9,2619,68,323
-7,11,-18,3,0,20,13,-3,96,-7,-30,-66,39,6,65,9,2619,68,323
0,17,-25,-1,17,26,201,27,110,-13,-31,-65,41,6,65,9,2619,68,323
3,25,-31,-5,32,31,198,41,109,-21,-32,-65,43,3,65,9,2619,68,323
36,48,-10,-8,44,30,208,73,107,-27,-35,-65,44,-2,64,9,2619,68,323
36,52,-14,-9,50,29,220,79,103,-25,-35,-66,43,-5,62,9,2619,68,323
36,55,-19,-12,56,26,242,77,98,-24,-33,-68,41,-6,59,9,2619,68,323
33,57,-27,-14,61,23,269,65,97,-21,-32,-70,-44,50,81,9,2619,68,323
30,57,-36,-16,65,20,303,49,104,-39,50,-50,-44,54,102,9,2619,68,323
25,57,-47,-18,67,18,344,34,120,-55,46,-55,-41,56,122,9,2619,68,323
12,52,-67,-21,72,17,-293,149,-14,-64,9,-63,-38,42,140,9,4916,102,324
6,47,-75,-23,-22,-67,-292,140,-21,-55,-20,-65,-41,28,130,9,4916,102,324
17,-8,-31,-38,-25,-68,-287,126,-23,-39,-37,-67,-48,15,115,9,4916,102,324
3,-11,-13,-58,-27,-50,-256,76,-20,7,-26,-57,-59,-1,81,9,4916,102,324
1,-9,-1,-60,-28,-34,-230,42,-18,31,-8,-56,-59,-5,68,9,4916,102,324
2,-6,8,-59,-25,-17,-198,6,-18,50,10,-59,-58,-5,58,9,4916,102,324
7,-1,15,-54,-20,0,-167,-24,-17,70,22,-60,-39,-28,61,9,4916,102,324
26,12,16,-48,-3,33,-112,-67,-18,5,17,-60,-40,-18,63,9,4916,102,324
33,20,10,-48,2,44,-100,-74,-12,6,6,-58,-40,-14,62,9,4916,102,324
38,26,1,-50,4,49,-139,-123,52,4,1,-57,-40,-10,64,9,4916,102,324
39,29,-7,16,-85,5,-128,-160,54,0,4,-55,-39,-5,64,9,4916,102,324
-22,-6,-21,22,-81,7,-120,-190,55,1,11,-55,-37,-4,67,9,4916,102,324
-25,-2,-20,26,-78,9,-127,-179,57,8,16,-59,-36,-7,69,9,4916,102,324
-27,0,-20,32,-76,10,-137,-162,59,12,23,-62,-35,-10,71,9,4916,102,324
-31,0,-20,38,-73,12,-145,-147,60,14,27,-61,-34,-16,73,9,4916,102,324
-41,-1,-26,53,-68,14,-154,-138,63,-12,-3,-91,41,-21,55,9,4916,102,324
-47,-5,-31,61,-66,13,-149,-140,67,-21,-5,-109,40,-18,65,9,4916,102,324
-52,-9,-35,68,-64,10,-141,-147,73,-30,-11,-119,40,-17,73,9,4916,102,324
-55,-15,-39,75,-62,8,174,-142,109,-42,-12,-121,41,-12,82,9,4916,102,324
-46,17,-32,15,-24,6,126,-140,102,-69,15,-109,46,0,93,9,4916,102,324
-50,10,-23,13,-18,5,117,-130,108,-71,32,-93,47,4,94,9,4916,102,324
-55,3,-15,13,-13,3,113,-122,109,-68,47,-78,46,3,93,9,4916,102,324
-59,-2,-10,13,-9,1,116,-118,104,-61,57,-67,44,0,90,9,4916,102,324
-61,-8,-5,13,-10,0,126,-116,92,-52,61,-59,64,-32,40,9,4916,102,324
-62,-23,0,20,-16,-7,146,-119,82,-71,22,-86,67,-25,27,9,4916,102,324
-60,-33,3,27,-22,-11,149,-119,89,-39,-12,-80,69,-19,19,9,4916,102,324
-57,-44,8,37,-27,-14,148,-115,97,-15,-25,-72,70,-13,13,9,4916,102,324
-55,-55,14,95,-46,4,-83,-101,109,5,-23,-65,71,-9,9,9,4916,102,324
-70,-30,-18,98,-44,19,-128,-130,87,40,-12,-70,69,-10,12,9,4916,102,324
-68,-23,-19,101,-44,26,-146,-137,71,48,-12,-76,67,-14,21,9,4916,102,324
-66,-16,-19,104,-43,31,-161,-137,54,46,-11,-79,67,-16,31,9,4916,102,324
-63,-11,-19,105,-42,35,-173,-133,35,33,-4,-77,69,-17,39,9,4916,102,324
-62,0,-18,104,-40,34,-192,-113,-3,8,31,-55,-71,1,48,9,4916,102,324
-61,5,-17,101,-39,30,-198,-98,-20,4,19,-53,-70,-1,59,9,4916,102,324
-60,12,-17,97,-37,27,-202,-82,-35,-1,8,-52,-66,-1,75,9,4916,102,324
-58,20,-17,91,-36,24,-207,-65,-49,-7,-1,-54,-55,2,90,9,4916,102,324
25,27,-15,-83,57,14,-94,99,124,-10,4,-58,-24,5,113,9,4916,102,324
25,23,-13,-72,55,17,-107,124,111,-4,12,-59,-11,11,115,9,4916,102,324
28,21,-12,-60,53,21,-116,154,103,5,20,-62,-3,17,112,9,4916,102,324
33,20,-11,-48,49,25,-119,186,97,17,23,-64,-1,20,105,9,4916,102,324
38,20,-10,-34,46,28,-113,224,94,31,17,-63,-56,42,63,9,3636,68,325
47,17,-9,-5,41,31,-91,268,92,18,-27,-58,-57,41,59,9,3636,68,325
50,13,-8,8,38,29,-78,258,85,15,-27,-61,-56,43,58,9,3636,68,325
51,8,-8,20,34,28,-69,237,78,15,-26,-66,-55,42,57,9,3636,68,325
50,2,-9,-62,43,12,-32,122,48,14,-23,-72,-55,42,57,9,3636,68,325
68,9,-23,-53,54,11,-34,91,60,6,-10,-84,-59,41,53,9,3636,68,325
64,12,-25,-48,58,11,-36,73,64,6,-9,-86,-64,40,49,9,3636,68,325
59,14,-27,-44,62,12,-38,52,68,9,-9,-86,-69,38,46,9,3636,68,325
54,16,-30,-40,65,14,-45,28,76,15,-6,-87,-72,36,44,9,3636,68,325
41,17,-36,-38,71,18,-51,-29,98,15,-4,-60,22,24,88,9,3636,68,325
34,15,-37,-39,73,20,-50,-61,108,15,-7,-63,26,19,86,9,3636,68,325
28,14,-37,-40,75,21,-46,-93,120,14,-12,-65,28,15,82,9,3636,68,325
22,12,-37,-41,76,21,-49,-119,125,14,-14,-64,29,14,76,9,3636,68,325
-30,-1,-29,27,35,0,16,51,71,15,-10,-64,30,16,63,9,3636,68,325
-25,-1,-26,28,33,2,20,53,75,16,-8,-68,32,18,59,9,3636,68,325
-20,0,-23,29,32,5,25,54,79,20,-13,-72,34,19,57,9,3636,68,325
-17,-2,-23,28,32,7,29,55,83,24,-21,-72,37,22,55,9,3636,68,325
-14,-3,-22,25,32,9,36,52,88,28,-27,-71,51,8,60,9,3636,68,325
-10,-3,-17,18,29,12,51,30,85,-29,-25,-127,52,2,55,9,3636,68,325
-11,-4,-12,17,26,11,50,18,83,-24,-22,-112,53,-2,52,9,3636,68,325
-14,-6,-8,17,22,8,46,11,86,-26,-18,-95,53,-8,47,9,3636,68,325
-17,-9,-5,60,33,48,209,26,77,-28,-17,-88,52,-13,44,9,3636,68,325
9,24,-40,69,34,40,176,10,82,-35,-11,-83,48,-24,38,9,3636,68,325
4,22,-43,70,34,33,151,7,91,-34,-10,-86,47,-27,38,9,3636,68,325
0,20,-43,70,33,27,123,4,94,-34,-11,-86,45,-29,40,9,3636,68,325
-5,20,-42,66,33,20,103,3,87,-31,-16,-83,46,-29,44,9,3636,68,325
-10,20,-40,54,30,11,58,5,82,2,-31,-71,30,25,57,9,3636,68,325
-9,22,-38,45,29,9,44,13,82,0,-35,-71,27,24,53,9,3636,68,325
-6,26,-36,35,31,9,38,20,80,-2,-38,-70,23,24,48,9,3636,68,325
-3,29,-35,26,34,11,39,26,75,-3,-36,-70,17,25,46,9,3636,68,325
-8,-72,31,-37,-26,7,-290,135,102,-1,-29,-75,6,29,42,9,3636,68,325
5,-68,46,-40,-32,21,1494,-892,869,-4,-24,-73,1,31,42,9,3636,68,325
22,-60,54,-43,-36,37,-94,-772,2990,-8,-18,-72,-3,32,42,9,3636,68,325
41,-50,56,-47,-37,52,2495,2749,-2325,-12,-13,-70,-9,33,41,9,3636,68,325
59,-39,57,-48,-35,64,-259,-3317,-1936,-15,-8,-71,-79,48,68,9,3636,68,325
84,-23,54,-39,-30,70,2509,3869,1483,-4,-12,-51,-78,56,76,9,3636,68,325
88,-16,49,-29,-28,65,-3640,2891,695,-11,-6,-53,-77,59,78,9,3636,68,325
90,-10,41,-18,-26,58,2075,-2002,2730,-17,7,-56,-76,59,81,9,3636,68,325
89,-7,31,-66,-36,-9,1432,3680,-3677,-24,24,-58,-74,56,87,9,3636,68,325
33,34,-6,-49,-43,-8,-93,-60,83,-30,44,-56,-72,41,98,9,4545,63,325
20,32,-8,-40,-44,-4,-94,-60,87,-25,40,-61,-71,33,98,9,4545,63,325
6,32,-11,-31,-44,0,-98,-53,93,-18,35,-67,-69,26,95,9,4545,63,325
-6,29,-16,-22,-41,6,-103,-41,99,-13,35,-71,-68,20,88,9,4545,63,325
-31,20,-21,-4,-34,21,-114,-19,97,-12,1,-61,32,-41,60,9,4545,63,325
-42,15,-24,3,-31,25,-118,-23,87,-8,-11,-55,36,-45,62,9,4545,63,325
-52,7,-24,9,-31,26,-122,-41,74,-5,-20,-56,40,-47,64,9,4545,63,325
-59,0,-25,15,-33,27,-128,-66,61,-5,-17,-56,45,-48,65,9,4545,63,325
-66,-22,-28,129,-41,2,-146,-113,41,0,-11,-57,49,-48,66,9,4545,63,325
-6,14,-19,125,-39,4,326,-82,-9,3,-12,-58,50,-48,64,9,4545,63,325
-26,22,-40,117,-38,3,329,-88,-48,6,-10,-60,51,-48,61,9,4545,63,325
-35,21,-40,108,-39,2,300,-109,-33,7,-10,-61,52,-47,58,9,4545,63,325
-52,17,-38,90,-38,1,217,-156,37,-71,47,-78,28,-41,47,9,4545,63,325
-57,15,-38,81,-36,1,171,-180,45,-93,45,-78,28,-52,39,9,4545,63,325
-59,15,-38,70,-35,3,126,-192,41,-113,41,-79,28,-57,34,9,4545,63,325
-59,18,-37,58,-33,8,83,-204,39,-129,47,-76,27,-61,32,9,4545,63,325
-57,24,-37,14,-46,2,37,-211,46,-142,66,-61,26,-63,32,9,4545,63,325
-43,42,-29,27,-64,-19,180,59,169,-125,69,-27,26,-59,43,9,4545,63,325
-26,-144,-52,35,-73,-26,211,44,162,-98,61,-50,24,-50,54,9,4545,63,325
-20,-142,-45,42,-82,-34,243,26,154,-79,58,-72,23,-42,68,9,4545,63,325
-14,-140,-38,49,-91,-42,270,2,148,-67,51,-67,-2874,3486,-3607,9,4545,63,325
-9,-135,-34,62,-105,-57,289,-42,130,11,-33,-69,158,1,64,9,4545,63,325
-10,-131,-35,71,-110,-64,281,-61,118,10,-22,-75,164,-4,64,9,4545,63,325
-13,-126,-35,81,-112,-69,260,-79,110,8,-12,-77,167,-10,64,9,4545,63,325
-17,-121,-34,330,-454,-3417,229,-101,100,14,-20,-73,168,-16,60,9,4545,63,325
-30,-114,-31,109,-94,-14,-208,34,76,28,-48,-69,162,-28,49,9,4545,63,325
-84,-27,-38,83,-109,-15,-204,27,66,34,-55,-65,155,-29,42,9,4545,63,325
-74,-21,-28,56,-122,-17,-199,17,51,37,-56,-64,150,-30,39,9,4545,63,325
-64,-13,-19,28,-130,-19,-194,6,35,36,-45,-63,145,-29,37,9,4545,63,325
-51,-5,-11,2,-135,-21,-192,-1,24,32,-29,-63,-73,-19,58,9,4545,63,325
-20,19,0,-48,-135,-28,-197,2,21,20,25,-73,-85,-14,71,9,4545,63,325
-1,31,8,-69,-131,-32,-202,12,20,14,28,-70,-91,-12,79,9,4545,63,325
16,44,16,-86,-125,-35,-207,26,24,7,25,-70,-98,-11,83,9,4545,63,325
34,58,23,-101,-114,-36,-211,40,32,0,17,-70,-105,-9,83,9,4545,63,325
38,-6,-16,-91,68,16,38,198,98,-4,-8,-66,-122,1,74,9,4545,63,325
44,-10,-8,-79,62,20,33,197,92,-4,-20,-66,-129,9,70,9,4545,63,325
50,-13,-3,-66,57,23,34,202,88,-1,-27,-69,-131,21,73,9,4545,63,325
53,-15,0,-53,50,26,31,211,83,1,-32,-67,-81,67,49,9,4545,63,325
56,-18,2,-40,45,28,29,223,74,11,1,-60,-79,61,47,9,4545,63,325
54,-22,2,-20,32,30,20,241,53,3,2,-61,-71,48,44,9,4545,63,325
51,-24,2,-13,27,28,19,240,46,1,0,-62,-67,45,41,9,3216,78,326
47,-24,2,-8,23,24,15,237,38,0,1,-62,-63,43,40,9,3216,78,326
43,-23,1,-47,51,-7,-17,77,99,-1,4,-61,-61,38,39,9,3216,78,326
-1,-23,-42,-38,44,-3,-39,91,96,2,11,-56,-54,36,39,9,3216,78,326
-4,-25,-42,-32,41,-3,-58,93,89,7,9,-52,-53,34,39,9,3216,78,326
-7,-27,-39,-28,39,-2,-72,84,86,11,4,-54,-52,35,38,9,3216,78,326
-8,-28,-36,-25,39,-3,-42,65,88,16,0,-59,21,16,83,9,3216,78,326
-10,-24,-23,-19,38,1,142,-2,101,36,-22,-66,27,8,69,9,3216,78,326
-8,-21,-13,-17,38,7,171,10,89,32,-22,-64,32,7,62,9,3216,78,326
-4,-18,-5,-15,36,15,132,37,76,31,-28,-66,38,8,57,9,3216,78,326
1,-14,0,-12,34,25,62,28,91,32,-31,-71,46,9,52,9,3216,78,326
5,12,-8,41,51,10,15,76,84,26,-22,-71,59,8,44,9,3216,78,326
4,8,-8,40,43,6,8,79,82,23,-16,-70,59,5,40,9,3216,78,326
2,3,-8,37,36,2,0,79,83,21,-11,-67,57,4,37,9,3216,78,326
0,0,-7,34,30,-1,-6,74,85,20,-8,-69,46,-27,37,9,3216,78,326
-2,-2,-6,31,26,-5,-13,67,88,-13,-26,-75,43,-25,37,9,3216,78,326
-7,-4,-2,28,20,-11,-16,45,86,-18,-36,-76,42,-11,41,9,3216,78,326
-10,-4,-1,27,19,-12,-15,34,84,-25,-41,-77,44,-6,44,9,3216,78,326
-10,-4,0,27,19,-11,-12,29,83,-37,-44,-75,47,-2,46,9,3216,78,326
-10,-3,0,45,48,25,148,69,84,-53,-44,-73,50,0,50,9,3216,78,326
-16,32,-45,49,46,19,128,66,77,-64,-41,-64,54,0,54,9,3216,78,326
-10,33,-39,52,45,15,111,67,69,-69,-37,-61,58,0,58,9,3216,78,326
0,40,-28,56,45,14,113,78,61,-70,-37,-72,53,49,74,9,3216,78,326
6,45,-23,55,49,16,133,86,63,47,-71,-80,53,47,74,9,3216,78,326
12,50,-17,54,54,19,159,92,65,46,-78,-79,49,43,70,9,3216,78,326
16,54,-11,51,57,22,189,95,74,39,-75,-75,41,35,63,9,3216,78,326
21,61,-4,44,62,27,270,81,122,12,-36,-66,10,27,31,9,3216,78,326
20,63,-4,-94,-25,125,-412,338,-43,0,-7,-61,-13,24,12,9,3216,78,326
18,63,-6,-63,-16,109,-397,291,-42,-6,25,-52,-38,25,-2,9,3216,78,326
141,41,9,-29,-7,87,-381,242,-47,-14,56,-46,-62,30,-11,9,3216,78,326
69,19,-42,26,1,32,-347,152,-70,-38,102,-49,-93,34,14,9,3216,78,326
31,-1,-58,42,-1,1,-337,111,-80,-54,115,-45,-68,26,107,9,3216,78,326
-4,-19,-67,48,-7,-30,-326,65,-79,3,-2,-43,-62,7,104,9,3216,78,326
-36,-33,-72,44,-13,-57,-308,7,-67,8,12,-43,-53,-9,101,9,3216,78,326
-82,-56,-71,19,-29,-100,-244,-98,-45,8,43,-45,-36,-20,90,9,3216,78,326
-93,-58,-64,69,-238,1020,-211,-132,-47,4,50,-48,-26,-23,89,9,3216,78,326
-94,-54,-53,13,-26,-4,-67,-14,83,1,45,-53,-16,-26,87,9,3216,78,326
-41,-15,-54,9,-34,-3,-87,-18,80,0,36,-55,-9,-24,84,9,3216,78,326
-40,-23,-62,0,-42,-6,-107,-25,74,3,31,-49,-5,-20,78,9,3216,78,326
-31,-32,-69,-19,-53,-11,-139,-44,52,9,47,-45,15,-31,62,9,3216,78,326
-24,-32,-70,-26,-59,-13,-157,-56,41,-15,0,-75,15,-28,65,9,5122,97,327
-18,-32,-67,-31,-61,-14,-174,-70,31,-23,-1,-74,16,-27,67,9,5122,97,327
-13,-30,-63,-32,-62,-15,-190,-85,21,-33,-2,-73,20,-30,70,9,5122,97,327
-7,-22,-54,-25,-62,-15,-216,-113,7,-43,-6,-72,28,-39,72,9,5122,97,327
-8,-17,-49,111,-15,-20,206,-166,99,-37,-12,-61,29,-42,72,9,5122,97,327
-99,-54,-83,107,-16,-23,205,-164,91,-25,-15,-53,28,-44,69,9,5122,97,327
-100,-56,-71,99,-18,-22,196,-167,90,-8,-19,-50,28,-42,69,9,5122,97,327
-99,-56,-59,90,-20,-17,177,-164,93,10,-21,-52,30,-38,72,9,5122,97,327
-95,-52,-48,80,-22,-11,153,-154,95,26,-18,-60,95,-52,42,9,5122,97,327
-74,-37,-24,57,-22,0,96,-123,87,-16,11,-56,104,-63,43,9,5122,97,327
-60,-28,-14,47,-20,4,70,-113,87,-13,9,-58,102,-64,41,9,5122,97,327
-46,-19,-6,42,-17,6,47,-111,88,-15,13,-57,98,-63,41,9,5122,97,327
-33,-12,0,40,-13,5,31,-116,92,-21,18,-56,89,-57,40,9,5122,97,327
-8,-5,10,38,-33,-3,113,-60,136,-33,15,-48,67,-40,42,9,5122,97,327
-44,-37,-45,29,-36,0,98,-66,130,-34,8,-50,56,-35,46,9,5122,97,327
-36,-29,-52,20,-37,2,82,-79,125,-32,3,-55,46,-29,52,9,5122,97,327
-28,-20,-60,13,-37,4,64,-92,122,-30,1,-57,36,-26,58,9,5122,97,327
-18,-7,-71,6,-35,4,25,-113,117,96,-78,-37,32,-39,21,9,5122,97,327
-13,-2,-71,4,-35,1,7,-124,111,86,-62,-24,33,-49,24,9,5122,97,327
-13,0,-67,2,-34,-1,-8,-138,102,79,-52,-24,35,-58,27,9,5122,97,327
-15,0,-63,2,-33,-6,-24,-149,90,67,-39,-39,35,-68,30,9,5122,97,327
-26,-3,-53,6,-15,15,-77,118,111,31,7,-94,29,-72,38,9,5122,97,327
-29,-7,-48,-8,-8,8,-68,99,107,21,21,-101,21,-69,42,9,5122,97,327
-13,34,-115,-24,-1,0,-59,77,91,21,20,-80,10,-62,49,9,5122,97,327
-19,35,-114,-40,4,-10,-43,51,71,24,7,-50,0,-50,59,9,5122,97,327
-34,26,-99,-71,10,-33,-8,11,50,8,6,-40,-9,-1,101,9,5122,97,327
-43,19,-89,-82,13,-41,-2,6,57,55,-18,-69,-34,27,114,9,5122,97,327
-50,9,-79,-93,17,-43,-7,8,68,67,-26,-66,-37,40,112,9,5122,97,327
-54,1,-67,-101,23,-40,-15,21,78,78,-31,-59,-41,49,107,9,5122,97,327
-45,-9,-39,-107,35,-23,-43,78,105,86,-35,-59,-47,55,93,9,5122,97,327
-34,-10,-25,-89,67,8,83,116,-28,84,-35,-56,-52,54,85,9,5122,97,327
-19,-8,-13,-101,77,8,71,107,-17,79,-33,-56,-58,54,76,9,5122,97,327
67,0,-10,-116,96,5,44,75,11,75,-36,-61,-72,55,61,9,5122,97,327
76,-1,-6,-120,104,3,34,54,19,72,-30,-60,-78,60,56,9,5122,97,327
84,-1,-1,-122,110,2,31,41,27,65,-24,-62,-81,65,54,9,5122,97,327
90,-1,4,-123,115,2,32,34,38,23,7,-60,-10,61,67,9,5122,97,327
94,-1,11,-119,119,1,34,31,60,36,7,-57,-4,54,68,9,5122,97,327
93,-1,11,-115,116,0,30,31,67,36,1,-57,-3,48,69,9,5122,97,327
90,-2,8,-110,113,0,25,34,68,34,-6,-60,-2,42,69,9,5122,97,327
85,-3,4,28,38,45,174,-3,101,29,-12,-64,-2,36,69,9,5122,97,327
3,-9,-12,22,42,46,75,8,93,17,-11,-58,0,29,72,9,5102,68,327
9,-5,-14,19,45,45,51,10,100,12,-8,-57,1,27,73,9,5102,68,327
14,-1,-16,17,48,44,49,0,103,10,-3,-60,2,27,76,9,5102,68,327
19,2,-19,16,52,43,62,-18,98,9,1,-60,5,31,79,9,5102,68,327
27,8,-20,16,58,36,85,-51,84,-22,-1,-66,24,12,43,9,5102,68,327
28,11,-19,16,60,32,78,-54,89,-25,-2,-64,21,11,44,9,5102,68,327
29,14,-19,17,63,27,64,-52,100,-29,-7,-62,19,13,45,9,5102,68,327
30,16,-18,8,51,16,57,3,82,-33,-8,-66,17,18,46,9,5102,68,327
31,18,-18,12,51,15,72,5,77,-32,-9,-66,17,24,47,9,5102,68,327
5,0,-17,17,49,13,96,13,68,-26,-8,-64,19,30,48,9,5102,68,327
9,4,-18,24,43,10,152,34,58,-10,0,-65,26,34,53,9,5102,68,327
9,8,-17,27,40,9,184,44,61,-1,-1,-65,27,28,54,9,5102,68,327
8,11,-16,28,37,9,214,50,66,32,-45,-69,31,16,73,9,5102,68,327
7,13,-15,28,36,10,243,55,70,42,-40,-68,31,18,69,9,5102,68,327
4,16,-13,27,35,15,283,57,72,49,-26,-68,25,22,55,9,5102,68,327
1,18,-11,26,38,17,298,57,81,50,-21,-65,18,25,47,9,5102,68,327
0,20,-9,-43,9,94,-226,240,106,46,-12,-65,9,30,41,9,5102,68,327
81,-10,70,-38,10,98,-236,214,104,36,3,-63,0,36,37,9,5102,68,327
84,-6,64,-31,11,95,-241,173,107,25,12,-62,-7,43,36,9,5102,68,327
83,-5,54,-24,11,84,-244,129,102,12,10,-63,-18,47,40,9,5102,68,327
66,-6,29,-10,6,52,-241,77,78,-25,33,-59,-45,28,78,9,5102,68,327
38,-12,0,-1,-6,12,-233,74,64,-15,33,-62,-41,15,72,9,5102,68,327
24,-15,-13,0,-14,-6,-231,75,58,-9,24,-62,-40,6,65,9,5102,68,327
9,-18,-25,0,-21,-23,-227,67,50,-5,16,-62,-41,-5,59,9,5102,68,327
-3,-21,-34,-15,-39,-16,-194,-11,50,-2,7,-60,-42,-14,50,9,5102,68,327
-14,-22,-40,-8,-42,-11,-189,-14,54,-1,-6,-62,-44,-21,43,9,5102,68,327
-4,5,-2,-3,-43,-5,-178,-23,60,-1,-15,-67,-46,-24,38,9,5102,68,327
-12,0,-8,6,-49,6,-158,-31,79,1,-3,-59,-44,-28,36,9,5102,68,327
-17,-4,-14,11,-53,10,-153,-31,91,4,11,-59,-41,-29,39,9,5102,68,327
-23,-8,-19,17,-56,14,-148,-32,98,7,25,-65,16,26,104,9,5102,68,327
-28,-15,-25,22,-61,15,-141,-40,99,5,-17,-60,22,27,109,9,5102,68,327
-41,-29,-37,32,-67,13,-131,-78,86,-2,-14,-59,36,14,118,9,5102,68,327
-45,-36,-46,37,-69,9,-128,-102,76,0,-15,-55,42,2,121,9,5102,68,327
-49,-43,-55,131,-23,-7,114,-170,-84,8,-16,-56,47,-10,124,9,5102,68,327
-28,1,-45,136,-26,-15,84,-160,-68,21,-15,-61,54,-25,125,9,5102,68,327
-28,-2,-45,138,-28,-20,46,-167,-19,34,-13,-62,60,-39,123,9,5102,68,327
-26,-4,-44,137,-31,-22,5,-175,19,49,-14,-62,64,-48,116,9,5102,68,327
-25,-6,-34,126,-33,-20,-37,-165,42,71,-9,-55,41,-67,42,9,5102,68,327
-25,-6,-25,116,-34,-16,-39,-167,43,-141,58,-46,45,-64,51,9,5102,68,327
-25,-5,-17,105,-35,-11,-29,-173,46,-106,33,-53,49,-56,56,9,5102,68,327
-23,-4,-9,93,-35,-6,-11,-179,50,-84,23,-66,57,-53,55,9,5102,68,327
-19,-2,5,117,-57,-43,21,-132,101,-110,10,-61,72,-53,39,9,3978,63,328
-15,0,13,130,-60,-43,5,-109,104,-128,0,-62,81,-58,27,9,3978,63,328
-37,-89,23,143,-61,-39,-12,-76,111,-145,-1,-69,90,-63,13,9,3978,63,328
-29,-78,12,163,-59,-23,-37,-27,114,-157,5,-71,99,-69,-6,9,3978,63,328
-27,-69,5,168,-58,-15,-41,-23,107,-141,7,-53,100,-71,-13,9,3978,63,328
-27,-60,-3,169,-57,-7,-48,-32,98,-114,13,-36,33,-15,62,9,3978,63,328
-28,-54,-11,169,-58,-1,-56,-51,88,32,-15,-70,17,-16,46,9,3978,63,328
