-122,96,-278,201,-191,388,-33,24,34,49,-37,-15,-10,15,101,9,3401,1832,178
-67,77,-416,139,-205,361,-24,29,40,51,-37,-15,-10,8,103,9,3401,1832,178
-67,77,-416,152,81,298,-20,33,43,53,-35,-16,7,30,106,9,3401,1832,178
59,4,-165,118,93,286,-15,37,46,53,-35,-16,1,24,103,9,3401,1832,178
48,5,-121,87,105,272,-15,37,46,-13,-3,-36,-3,19,101,9,3401,1832,178
33,-1,-81,62,118,250,15,-36,81,-17,4,-38,-6,16,100,9,3401,1832,178
27,-5,-47,44,128,221,17,-33,82,-20,12,-40,-8,13,99,9,3401,1832,178
74,20,42,17,139,151,21,-26,84,-25,25,-43,-9,7,93,9,3401,1832,178
115,40,94,6,138,114,22,-19,85,-26,29,-44,-10,5,92,9,3401,1832,178
149,54,133,-5,139,79,22,-13,85,-27,32,-45,-12,5,93,9,3401,1832,178
166,59,152,-20,141,48,22,-9,85,-28,34,-45,-15,7,96,9,3401,1832,178
169,58,150,-31,144,15,20,-4,83,-29,34,-46,-19,9,101,9,3401,1832,178
147,52,113,-37,151,-67,19,1,79,-32,32,-48,-20,13,112,9,3401,1832,178
119,44,97,-28,149,-115,18,4,77,-34,29,-46,-18,17,116,9,3401,1832,178
83,27,92,-18,146,-166,16,5,75,-36,25,-44,-15,18,120,9,3401,1832,178
40,2,98,-12,137,-216,15,3,74,-38,19,-43,-16,18,121,9,3401,1832,178
0,-28,114,-10,125,-267,14,1,75,-40,13,-42,-15,16,119,9,3401,1832,178
-54,-85,154,-9,88,-356,12,-2,78,-41,5,-42,-10,9,110,9,3401,1832,178
-62,-100,176,-12,63,-400,11,-3,79,-40,3,-43,-8,5,106,9,3401,1832,178
-59,-107,200,-12,36,-445,11,-3,80,-37,2,-45,-5,5,102,9,3401,1832,178
-49,-110,226,-14,8,-489,12,-3,80,-34,2,-46,0,7,100,9,3401,1832,178
-40,-114,247,-15,-18,-534,14,-4,80,-30,2,-47,8,9,100,9,3401,1832,178
-43,-117,273,-17,-46,-578,19,-4,79,-24,4,-44,17,14,98,9,3401,1832,178
-43,-117,273,28,-165,120,22,-2,78,-21,4,-42,-9,8,101,9,3401,1832,178
-123,251,111,25,-191,128,26,0,78,-21,4,-42,-13,12,102,9,3401,1832,178
-119,264,72,12,-208,125,26,0,78,42,-3,-30,-17,14,104,9,3401,1832,178
-120,261,26,-11,-219,118,-24,39,18,44,-7,-26,-21,14,110,9,3401,1832,178
-127,246,-28,-44,-225,102,-26,40,19,43,-10,-22,-24,14,119,9,3401,1832,178
-142,191,-160,-106,-219,23,-30,39,25,42,-15,-16,-30,19,124,9,3401,1832,178
-144,158,-232,-118,-205,-31,-33,39,28,42,-16,-17,-28,24,122,9,3401,1832,178
-134,122,-306,-109,-179,-87,-34,40,31,43,-17,-19,-27,27,121,9,3401,1832,178
-113,85,-383,-81,-140,-138,-38,39,31,44,-19,-21,-22,31,118,9,3401,1832,178
-84,46,-455,-46,-91,-183,-42,38,31,44,-19,-24,-17,34,112,9,3401,1832,178
-13,-39,-566,19,1,-223,-48,32,28,42,-17,-28,-6,29,99,9,3401,1832,178
21,-78,-601,49,30,-211,-48,29,27,40,-15,-29,0,23,90,9,3401,1832,178
49,-111,-629,73,45,-181,-48,25,26,38,-13,-30,6,15,81,9,3401,1832,178
72,-138,-653,88,52,-136,-44,22,26,35,-13,-28,11,10,76,9,3401,1832,178
95,-155,-677,89,57,-81,-40,19,26,32,-15,-27,17,10,76,9,3401,1832,178
143,-154,-717,94,60,47,-30,11,29,27,-28,-22,17,18,75,9,3401,1832,178
160,-138,-730,113,52,114,-27,10,32,25,-34,-20,15,23,76,9,3401,1832,178
171,-114,-736,135,40,173,-21,9,38,24,-38,-18,12,28,81,9,3401,1832,178
177,-83,-727,156,23,212,-15,11,45,24,-41,-18,10,29,86,9,3401,1832,178
180,-49,-702,181,5,230,-10,16,52,24,-41,-18,7,24,88,9,3401,1832,178
190,15,-593,203,-15,240,0,28,61,26,-38,-17,5,12,90,9,3401,1832,178
-1139,661,-1899,-31,246,-2,1,34,63,28,-38,-17,-18,30,110,9,3401,1832,178
-1139,661,-1899,-34,257,-63,4,38,64,28,-38,-17,-15,30,112,9,3401,1832,178
142,-84,239,-41,262,-142,4,38,64,-46,17,-46,-10,31,112,9,3401,1832,178
102,-121,212,-49,256,-238,33,-43,89,-52,16,-44,-7,28,110,9,3401,1832,178
57,-158,189,-49,239,-338,34,-41,86,-57,16,-43,0,25,109,9,3401,1832,178
-19,-197,187,-18,171,-505,39,-38,86,-66,13,-43,6,14,103,9,3431,1842,194
-45,-200,210,1,124,-571,44,-37,88,-70,14,-45,11,10,102,9,3431,1842,194
-63,-202,256,14,69,-638,48,-36,93,-74,18,-48,15,9,105,9,3431,1842,194
-77,-201,320,18,13,-710,55,-35,99,-80,22,-53,20,9,106,9,3431,1842,194
-89,-194,385,21,-38,-791,62,-33,107,-81,29,-60,27,10,105,9,3431,1842,194
-98,-117,449,29,-140,-952,69,-27,123,-78,50,-76,36,20,84,9,3431,1842,194
-103,-66,443,21,-197,-1026,69,-24,130,-77,57,-80,41,25,76,9,3431,1842,194
-110,-23,426,-7,-256,-1090,67,-20,135,-76,62,-80,41,33,72,9,3431,1842,194
-122,1,412,-57,-304,-1137,65,-17,139,-76,65,-78,33,37,68,9,3431,1842,194
-140,12,399,-110,-332,-1166,63,-16,139,-76,64,-71,25,34,68,9,3431,1842,194
-192,35,352,-207,-329,-1179,59,-16,125,-78,47,-55,13,36,73,9,3431,1842,194
-217,56,316,-245,-298,-1151,57,-14,112,-76,37,-46,8,34,72,9,3431,1842,194
-232,78,283,-278,-255,-1103,56,-9,99,-74,29,-40,8,25,77,9,3431,1842,194
-242,96,268,-309,-201,-1028,54,-4,85,-73,21,-36,10,16,87,9,3431,1842,194
-246,110,275,-318,-132,-925,49,0,72,-70,15,-33,13,-4,102,9,3431,1842,194
-217,148,356,-317,-63,-796,34,11,48,-60,9,-34,14,-19,116,9,3431,1842,194
-184,183,407,-66,-41,7,25,20,38,-54,8,-35,0,-5,72,9,3431,1842,194
-184,183,407,-37,-27,19,15,31,31,-54,8,-35,2,-3,79,9,3431,1842,194
114,-129,-612,-6,-12,33,15,31,31,68,-26,-33,5,-3,87,9,3431,1842,194
125,-165,-631,28,1,62,18,14,92,67,-35,-24,7,-2,93,9,3431,1842,194
140,-191,-640,62,8,105,22,11,91,67,-45,-16,7,0,98,9,3431,1842,194
167,-213,-638,62,8,105,22,6,83,70,-69,-3,6,-3,110,9,3431,1842,194
181,-211,-624,62,8,105,21,6,78,72,-80,0,8,-4,116,9,3431,1842,194
195,-203,-597,62,8,105,17,8,74,73,-90,4,10,-5,119,9,3431,1842,194
220,-185,-493,62,8,105,8,15,69,74,-99,6,15,-12,116,9,3431,1842,194
230,-174,-424,89,8,154,6,18,68,73,-99,6,17,-14,111,9,3431,1842,194
238,-156,-339,238,-156,-339,4,19,68,73,-98,5,17,-13,106,9,3431,1842,194
231,-130,-230,231,-130,-230,2,19,67,72,-96,3,16,-11,100,9,3431,1842,194
188,-111,-37,188,-111,-37,-1,14,63,72,-81,-5,10,-5,93,9,3431,1842,194
174,-108,-7,174,-108,-7,-4,13,61,74,-65,-11,5,-4,91,9,3431,1842,194
163,-97,-21,163,-97,-21,-6,12,60,76,-49,-18,0,-4,92,9,3431,1842,194
158,-54,-49,158,-54,-49,-8,10,59,77,-37,-22,-2,-3,97,9,3431,1842,194
142,141,-3,154,32,-53,-12,2,58,71,-18,-27,-7,-2,109,9,3431,1842,194
110,221,99,-61,190,-159,-12,-4,61,66,-9,-29,-9,-4,111,9,3431,1842,194
55,235,208,-49,188,-247,-9,-11,66,61,0,-31,-13,-10,110,9,3431,1842,194
-2,188,265,-36,182,-333,-3,-17,74,55,6,-31,-19,-15,106,9,3431,1842,194
-61,66,207,-2,150,-486,13,-28,91,38,18,-31,-31,-22,102,9,3431,1842,194
-64,31,167,8,123,-550,21,-32,98,28,21,-31,-32,-20,104,9,3431,1842,194
-63,9,157,23,93,-606,29,-35,104,18,23,-32,-33,-17,106,9,3431,1842,194
-56,-6,183,35,61,-656,36,-38,109,10,22,-33,-31,-15,104,9,3431,1842,194
-41,-17,225,34,30,-701,42,-42,114,2,21,-35,-31,-13,103,9,3431,1842,194
-19,-26,267,8,0,-792,53,-46,122,-4,20,-37,-28,-12,102,9,3431,1842,194
-81,156,318,-3,10,-841,53,-46,122,-77,43,-47,20,53,106,9,3431,1842,194
-104,175,273,-19,26,-884,53,-46,122,-73,41,-47,21,48,106,9,3431,1842,194
-119,203,227,-46,42,-913,-23,31,17,-69,37,-47,22,45,104,9,3431,1842,194
-120,234,190,-87,50,-923,-27,41,16,-63,34,-47,17,42,104,9,3431,1842,194
-110,261,164,-136,46,-914,-31,51,16,-58,31,-48,10,39,107,9,3431,1842,194
-90,302,113,-237,14,-858,-36,62,17,-45,25,-48,-2,32,107,9,3431,1842,194
-111,308,72,-278,1,-816,-37,68,17,-35,21,-49,-5,28,108,9,3431,1842,194
-138,305,27,-308,-1,-760,-40,73,16,-25,16,-50,-5,23,105,9,3431,1842,194
-151,299,-18,-324,4,-685,-43,76,11,-14,12,-51,-7,23,104,9,3431,1842,194
-146,293,-88,-321,14,-592,-47,75,2,-3,10,-50,-4,23,106,9,3431,1842,194
-111,242,-244,-274,7,-352,-53,72,-10,19,1,-44,-4,15,107,9,3431,1842,194
-114,199,-300,-274,7,-352,-54,74,-12,32,-2,-40,-4,13,108,9,3431,1842,194
-115,159,-338,-35,-97,71,-53,73,-7,43,-6,-35,-5,15,112,9,3431,1842,194
-117,130,-356,0,-70,70,-50,72,0,54,-9,-30,-6,18,119,9,3431,1842,194
-123,105,-371,39,-40,82,-45,69,7,62,-15,-26,-5,21,125,9,3431,1842,194
-127,75,-397,102,6,160,-29,54,29,71,-35,-16,-4,26,120,9,3431,1842,194
-113,62,-405,127,16,210,-23,46,37,73,-45,-11,-5,19,113,9,3431,1842,194
-87,66,-403,145,21,246,-19,38,44,74,-54,-9,-7,11,102,9,3431,1842,194
-61,72,-404,156,28,262,-17,30,49,76,-62,-7,-9,5,91,9,3431,1842,194
-37,79,-412,159,34,265,-18,21,49,78,-69,-6,-14,0,84,9,3431,1842,194
-15,73,-430,157,44,283,-21,7,48,1122,2379,-2408,-17,-4,83,9,3431,1842,194
12,-38,127,156,40,306,-24,3,48,1122,2379,-2408,-4,2,102,9,3431,1842,194
7,-41,165,154,35,327,-24,3,48,-8,2,-38,-4,7,101,9,3431,1842,194
13,-40,214,151,30,338,43,-46,118,-18,7,-41,-5,14,100,9,3431,1842,194
28,-37,260,146,25,340,42,-47,121,-27,13,-45,-7,19,99,9,3431,1842,194
46,-35,293,134,20,339,41,-47,122,-36,17,-49,-10,21,98,9,3431,1842,194
66,-39,312,98,10,342,36,-41,121,-54,25,-55,-14,22,102,9,3431,1842,194
66,-36,296,77,5,350,33,-39,118,-62,29,-58,-14,26,107,9,3431,1842,194
71,-31,279,59,1,354,31,-38,114,-70,33,-61,-15,25,111,9,3431,1842,194
69,-33,255,43,2,348,28,-37,109,-76,36,-62,-13,24,113,9,3431,1842,194
54,-40,227,27,10,330,25,-35,103,-81,38,-63,-11,20,115,9,3431,1842,194
13,-61,185,-3,46,282,18,-27,88,-87,37,-63,-6,12,113,9,3431,1842,194
-5,-73,169,-3,46,282,18,-23,81,-86,35,-62,-4,5,110,9,3450,1857,210
-21,-84,164,-209,96,-755,18,-18,77,-85,32,-61,-3,-1,105,9,3450,1857,210
-33,-89,167,-201,101,-683,20,-13,72,-84,31,-58,-1,-7,99,9,3450,1857,210
-41,-88,174,-179,95,-578,21,-7,69,-82,29,-55,2,-10,98,9,3450,1857,210
-37,-75,200,-66,66,-375,27,6,66,-76,28,-47,16,-9,96,9,3450,1857,210
-21,-63,222,-3,54,-296,31,13,67,-72,27,-44,24,-6,92,9,3450,1857,210
-8,-53,245,48,41,-216,33,19,68,-69,26,-40,28,-2,88,9,3450,1857,210
-4,-47,264,77,19,-123,34,23,67,-64,25,-39,30,4,84,9,3450,1857,210
-9,-42,280,87,-19,-15,33,25,67,-58,24,-39,28,11,83,9,3450,1857,210
-16,-34,294,90,-128,197,26,28,62,1300,1702,-2110,24,15,86,9,3450,1857,210
-42,106,-373,92,-182,266,19,27,59,1300,1702,-2110,-18,5,102,9,3450,1857,210
-37,79,-402,86,-223,294,19,27,59,73,-28,-15,-18,4,101,9,3450,1857,210
-21,58,-419,62,-246,284,-32,54,22,73,-28,-16,-17,0,97,9,3450,1857,210
-1,46,-427,24,-253,244,-28,49,21,71,-27,-18,-18,-3,94,9,3450,1857,210
12,31,-440,-17,-242,194,-24,40,22,68,-26,-19,-18,-2,91,9,3450,1857,210
31,-9,-469,-78,-187,101,-19,23,30,69,-28,-20,-12,9,88,9,3450,1857,210
34,-30,-487,-92,-157,66,-17,14,37,72,-31,-19,-9,17,88,9,3450,1857,210
39,-47,-500,-89,-132,37,-14,2,46,75,-36,-17,-8,20,88,9,3450,1857,210
47,-57,-509,-76,-117,14,-10,-10,56,74,-41,-13,-8,21,91,9,3450,1857,210
67,-62,-512,-62,-107,-3,-5,-21,67,70,-45,-10,-9,21,94,9,3450,1857,210
139,-47,-509,-47,-90,-3,7,-38,86,57,-48,-8,-13,18,101,9,3450,1857,210
182,-30,-492,-47,-90,-3,14,-44,95,51,-46,-11,-13,14,104,9,3450,1857,210
222,-10,-466,-9,30,110,19,-48,101,45,-44,-15,-12,10,107,9,3450,1857,210
253,10,-428,-25,29,82,23,-48,107,40,-42,-19,-8,12,114,9,3450,1857,210
265,32,-381,-43,30,55,25,-44,110,36,-41,-23,-9,0,114,9,3450,1857,210
239,75,-269,-69,34,3,30,-29,113,28,-39,-29,-8,-10,109,9,3450,1857,210
206,88,-211,-70,32,-23,31,-19,113,25,-37,-32,-9,-13,103,9,3450,1857,210
163,91,-159,-65,26,-50,34,-10,112,21,-33,-33,-12,-18,98,9,3450,1857,210
117,83,-117,-57,23,-79,35,-3,111,14,-26,-36,-14,-22,96,9,3450,1857,210
74,68,-85,-46,23,-108,35,2,108,9,-18,-37,-14,-26,93,9,3450,1857,210
37,48,-62,-27,38,-167,37,11,103,-4,0,-37,-10,-30,90,9,3450,1857,210
-21,-66,348,-21,51,-200,37,13,99,-4,0,-37,0,20,88,9,3450,1857,210
11,-46,376,-11,62,-238,37,13,99,-22,35,-44,0,21,88,9,3450,1857,210
27,-38,385,-1,66,-280,-4,13,18,-14,28,-42,0,23,90,9,3450,1857,210
16,-46,374,8,64,-327,-6,9,20,-5,20,-39,0,27,94,9,3450,1857,210
-14,-35,333,18,58,-375,-7,5,24,1,10,-36,0,32,98,9,3450,1857,210
-61,10,222,0,39,-464,-11,-3,37,12,-12,-31,-1,42,108,9,3450,1857,210
-77,29,170,-21,37,-512,-10,-8,44,15,-23,-27,0,46,110,9,3450,1857,210
-93,51,117,-37,44,-556,-8,-12,51,16,-33,-25,1,49,111,9,3450,1857,210
-107,70,69,-50,54,-587,-2,-15,59,17,-41,-22,2,49,109,9,3450,1857,210
-115,83,33,-61,67,-600,4,-17,68,17,-47,-20,1,47,105,9,3450,1857,210
-115,94,-13,-72,108,-566,18,-15,84,21,-54,-21,-1,39,93,9,3450,1857,210
-113,92,-41,-72,108,-566,24,-12,89,25,-54,-23,-3,34,87,9,3450,1857,210
-110,89,-72,27,-71,16,29,-7,93,30,-52,-23,-1,25,83,9,3450,1857,210
-101,87,-99,67,-66,61,30,-2,95,37,-51,-24,0,16,82,9,3450,1857,210
-92,84,-122,94,-66,109,29,3,95,46,-50,-24,1,4,87,9,3450,1857,210
-75,72,-165,118,-73,217,27,16,89,61,-46,-22,-3,-15,106,9,3450,1857,210
-75,65,-187,125,-73,263,23,19,86,68,-43,-20,-8,-20,117,9,3450,1857,210
-79,59,-213,129,-71,296,16,25,81,74,-41,-17,-10,-24,126,9,3450,1857,210
-84,53,-240,130,-66,316,10,32,77,79,-40,-15,-14,-21,131,9,3450,1857,210
-90,49,-264,131,-53,322,3,38,71,84,-39,-13,-20,-14,131,9,3450,1857,210
-96,42,-289,131,-3,308,-9,39,57,88,-36,-11,-23,-6,129,9,3450,1857,210
74,-77,187,124,29,300,-16,39,50,88,-36,-11,-15,-11,120,9,3450,1857,210
64,-71,201,113,62,297,-16,39,50,17,-17,-36,-12,-2,120,9,3450,1857,210
56,-62,197,98,87,304,27,-15,104,8,-7,-40,-11,3,118,9,3450,1857,210
45,-52,181,82,102,312,25,-15,104,-1,2,-44,-9,9,114,9,3450,1857,210
30,-43,166,66,110,326,23,-16,102,-12,12,-47,-3,15,109,9,3450,1857,210
-1,-38,160,39,114,373,21,-19,98,-40,29,-51,7,17,98,9,3450,1857,210
-21,-42,159,38,110,378,22,-21,94,-54,38,-54,17,22,93,9,3450,1857,210
-41,-46,164,43,104,356,23,-22,89,-68,46,-56,22,24,89,9,3450,1857,210
-61,-52,178,46,98,305,24,-22,86,-81,52,-60,28,29,87,9,3450,1857,210
-80,-55,202,44,96,240,26,-21,83,-93,57,-64,30,33,84,9,3450,1857,210
-109,-56,262,29,118,112,31,-19,79,-116,64,-66,29,28,76,9,3450,1857,210
-118,-60,288,29,118,112,34,-15,77,-125,68,-67,25,23,77,9,3450,1857,210
-124,-60,311,-69,-91,-167,37,-10,77,-131,71,-66,20,13,75,9,3450,1857,210
-127,-55,331,-70,-87,-128,38,-4,76,-133,72,-66,19,6,78,9,3450,1857,210
-126,-46,348,-82,-86,-79,37,3,72,-133,74,-66,17,2,79,9,3450,1857,210
-113,-28,384,-72,-99,30,33,21,64,-131,74,-63,23,-3,85,9,3450,1857,210
-94,-10,403,-46,-112,58,28,31,59,-125,71,-62,26,-2,87,9,3450,1857,210
-69,18,416,-21,-122,67,19,38,53,-118,64,-60,27,0,90,9,3450,1857,210
-48,47,415,-5,-127,67,10,43,46,-109,53,-59,26,1,93,9,3450,1857,210
-43,69,396,0,-126,70,0,46,39,-99,42,-59,18,6,100,9,3450,1857,210
-53,90,363,-8,-107,88,-16,47,27,-76,20,-57,7,11,107,9,3460,1862,226
-53,90,363,-9,-96,92,-23,44,24,-76,20,-57,0,-6,115,9,3460,1862,226
213,-77,-332,-8,-86,89,-23,44,24,109,-95,12,0,-5,113,9,3460,1862,226
190,-115,-344,-8,-78,87,22,10,85,108,-102,11,-1,-3,109,9,3460,1862,226
155,-143,-359,-5,-71,90,24,6,88,107,-107,8,-2,0,107,9,3460,1862,226
116,-158,-373,1,-62,104,26,1,91,104,-108,4,-4,0,104,9,3460,1862,226
61,-125,-346,21,-35,149,26,-7,93,93,-101,-1,-8,-5,100,9,3460,1862,226
57,-85,-302,35,-21,177,25,-12,93,84,-92,-2,-12,-8,99,9,3460,1862,226
63,-38,-242,49,-11,203,24,-16,93,73,-82,-5,-16,-9,100,9,3460,1862,226
71,2,-175,61,-6,224,22,-21,93,64,-68,-6,-19,-10,100,9,3460,1862,226
74,32,-113,70,-6,245,20,-24,92,55,-53,-9,-20,-9,101,9,3460,1862,226
68,39,-14,95,-2,283,16,-26,86,39,-21,-20,-21,-4,103,9,3460,1862,226
64,18,23,95,-2,283,14,-26,83,32,-6,-26,-21,0,104,9,3460,1862,226
58,-8,55,-131,39,-547,11,-24,78,25,6,-32,-20,8,106,9,3460,1862,226
47,-36,73,-104,17,-597,7,-22,73,18,15,-37,-18,16,108,9,3460,1862,226
32,-57,81,-75,-9,-641,3,-21,68,10,22,-42,-16,25,108,9,3460,1862,226
7,-72,98,-28,-64,-702,-2,-21,60,-5,31,-48,-10,37,103,9,3460,1862,226
-1,-71,116,-8,-85,-717,-3,-21,58,-15,32,-50,-9,37,103,9,3460,1862,226
-8,-74,146,9,-96,-718,-2,-22,58,-26,33,-50,-10,31,102,9,3460,1862,226
-12,-82,187,23,-100,-705,0,-22,58,-39,33,-51,-10,22,102,9,3460,1862,226
-8,-92,234,33,-97,-682,3,-23,62,-51,33,-51,-8,13,103,9,3460,1862,226
2017,3466,113,32,-67,-610,12,-18,70,-74,34,-49,-5,4,104,9,3460,1862,226
2017,3466,113,23,-49,-564,18,-13,75,-74,34,-49,-22,12,93,9,3460,1862,226
-143,76,-243,17,-34,-505,-990,-608,3020,9,0,-35,-21,7,90,9,3460,1862,226
-106,69,-260,11,-30,-436,-990,-608,3020,21,-4,-34,-17,0,94,9,3460,1862,226
-68,61,-277,0,-34,-363,-37,57,21,36,-10,-32,-17,-14,100,9,3460,1862,226
-8,41,-315,-30,-45,-203,-33,70,18,65,-26,-27,-19,-35,114,9,3460,1862,226
9,28,-338,-41,-53,-111,-32,74,19,78,-35,-23,-20,-38,118,9,3460,1862,226
18,16,-359,-45,-66,-15,-29,76,21,90,-43,-18,-20,-38,119,9,3460,1862,226
21,9,-373,-43,-85,74,-26,76,25,100,-48,-12,-21,-38,117,9,3460,1862,226
33,-1,-369,-31,-129,210,-17,66,37,113,-54,0,-17,-32,113,9,3460,1862,226
51,-8,-355,-40,-147,253,-13,57,43,117,-56,5,-11,-29,111,9,3460,1862,226
73,-15,-339,-59,-164,283,-9,48,48,118,-57,9,-9,-28,110,9,3460,1862,226
97,-18,-322,-83,-181,306,-5,37,54,119,-58,11,-7,-27,106,9,3460,1862,226
117,-16,-300,-105,-197,323,-1,26,59,120,-58,11,-6,-25,101,9,3460,1862,226
135,-3,-234,60,148,144,3,3,69,120,-59,6,-3,-14,93,9,3460,1862,226
136,8,-207,29,140,132,4,-8,73,119,-59,3,-3,-9,91,9,3460,1862,226
143,22,-193,-11,133,117,5,-17,75,116,-59,0,-7,-4,91,9,3460,1862,226
178,40,-200,-73,121,51,5,-28,75,109,-56,-4,-9,5,95,9,3460,1862,226
199,42,-213,-80,112,-3,5,-31,75,102,-54,-5,-9,9,99,9,3460,1862,226
214,41,-230,-72,99,-72,6,-32,75,94,-51,-7,-10,12,104,9,3460,1862,226
218,35,-247,-45,87,-158,5,-31,74,84,-49,-8,-11,14,106,9,3460,1862,226
198,24,-255,18,63,-348,3,-24,72,63,-45,-10,-10,15,106,9,3460,1862,226
183,27,-235,48,56,-434,2,-20,70,53,-44,-12,-9,17,105,9,3460,1862,226
166,29,-189,69,44,-504,2,-16,68,42,-42,-14,-6,17,103,9,3460,1862,226
147,23,-133,84,31,-552,4,-13,67,33,-40,-16,-4,17,101,9,3460,1862,226
125,12,-78,101,5,-598,7,-10,67,25,-38,-19,-2,16,99,9,3460,1862,226
-86,12,426,92,-7,-607,8,-9,67,-64,33,-54,-1,19,105,9,3460,1862,226
-90,32,424,76,-21,-613,8,-9,67,-57,25,-52,-3,24,107,9,3460,1862,226
-93,66,389,59,-32,-620,-20,26,34,-49,16,-50,-4,30,109,9,3460,1862,226
-94,91,341,43,-39,-624,-21,29,31,-43,9,-48,-4,36,111,9,3460,1862,226
-96,108,293,30,-42,-616,-21,32,30,-36,2,-45,-5,42,114,9,3460,1862,226
-123,135,168,5,-49,-565,-18,37,32,-25,-7,-41,-7,43,116,9,3460,1862,226
-143,132,98,-3,-56,-523,-17,39,34,-18,-9,-38,-10,40,119,9,3460,1862,226
-158,124,41,-7,-64,-466,-16,39,36,-11,-10,-36,-13,34,120,9,3460,1862,226
-169,118,3,-19,-72,-406,-15,40,38,-3,-10,-34,-17,23,121,9,3460,1862,226
-170,116,-24,-38,-78,-357,-16,40,40,4,-10,-32,-21,11,122,9,3460,1862,226
-144,109,-59,-51,-77,-316,-18,39,41,21,-10,-29,-26,-6,118,9,3460,1862,226
-121,107,-67,182,-9,341,-20,38,42,31,-10,-28,-26,-13,115,9,3460,1862,226
-88,116,-81,191,-23,396,-21,37,41,40,-11,-27,-24,-17,113,9,3460,1862,226
-56,131,-111,189,-29,431,-23,36,40,51,-14,-26,-23,-14,112,9,3460,1862,226
-33,137,-162,176,-25,446,-25,35,38,61,-17,-25,-22,-5,110,9,3460,1862,226
-7,107,-281,138,-3,453,-25,29,37,79,-24,-22,-16,4,101,9,3460,1862,226
2,81,-325,122,18,440,-25,24,37,86,-27,-19,-14,10,95,9,3460,1862,226
14,54,-354,115,45,416,-25,19,37,91,-31,-15,-10,14,89,9,3460,1862,226
28,25,-374,108,75,392,-22,15,39,94,-34,-11,-8,16,84,9,3460,1862,226
61,-24,-409,68,121,327,-15,8,47,98,-43,-3,-7,5,74,9,3460,1862,226
81,-40,-423,46,130,290,-11,5,52,98,-47,0,-6,-3,72,9,3460,1862,226
103,-50,-428,23,129,250,-7,2,57,99,-52,0,-6,-3,72,9,3460,1862,226
103,-50,-428,3,124,213,-3,0,61,99,-52,0,-24,8,121,9,3460,1862,226
-109,-110,322,-13,117,178,0,0,66,99,-52,0,-19,7,120,9,3460,1862,226
-84,-88,377,-42,101,115,41,-28,102,-65,36,-52,-5,9,118,9,3460,1862,226
-70,-71,397,-45,99,93,43,-23,103,-69,40,-53,-1,11,116,9,3460,1862,226
-56,-49,410,-51,101,63,43,-16,101,-73,44,-54,1,13,115,9,3460,1862,226
-38,-16,414,-82,98,-32,37,-5,91,-80,48,-55,7,17,107,9,3460,1862,226
-35,-3,407,-90,93,-95,31,0,83,-82,48,-56,10,20,102,9,3470,1867,241
-38,6,400,-88,87,-162,23,5,75,-82,48,-57,9,22,98,9,3470,1867,241
-50,8,394,-74,80,-229,15,12,67,-81,48,-58,8,21,94,9,3470,1867,241
-76,2,394,-28,55,-345,-5,22,48,-77,45,-57,10,19,88,9,3470,1867,241
-84,5,388,-10,37,-391,-15,26,39,-73,41,-56,10,19,86,9,3470,1867,241
-88,16,376,-1,14,-431,-23,29,32,-67,36,-55,11,20,85,9,3470,1867,241
-88,27,361,-6,-10,-468,-29,32,27,-60,30,-53,9,21,85,9,3470,1867,241
-104,42,322,-22,-33,-502,-34,35,23,-47,18,-50,4,27,92,9,3470,1867,241
-121,58,272,-22,-33,-502,-34,36,23,-40,14,-47,1,31,97,9,3470,1867,241
-138,67,222,-151,-58,-141,-31,35,25,-34,10,-45,0,33,103,9,3470,1867,241
-150,66,189,-103,-23,-165,-25,35,30,-28,6,-42,0,31,106,9,3470,1867,241
-162,66,167,-46,9,-170,-19,35,36,-23,2,-40,-1,26,109,9,3470,1867,241
-180,81,124,46,43,-93,-9,38,46,-11,-2,-36,-1,15,110,9,3470,1867,241
-178,93,103,74,40,-24,-7,39,49,-3,-4,-34,-1,11,111,9,3470,1867,241
-169,111,79,96,28,50,-7,39,49,4,-8,-32,-2,7,111,9,3470,1867,241
-157,132,53,104,17,114,-8,38,47,14,-14,-31,-4,0,109,9,3470,1867,241
-121,159,-15,107,7,199,-11,38,44,35,-23,-28,-8,-11,109,9,3470,1867,241
-100,162,-58,115,8,225,-13,38,42,46,-26,-26,-8,-11,109,9,3470,1867,241
-100,162,-58,128,16,240,-15,38,40,46,-26,-26,-16,4,104,9,3470,1867,241
106,0,-122,143,31,250,-16,36,40,21,-35,-26,-24,5,105,9,3470,1867,241
40,-35,-130,151,51,258,-16,36,40,15,-29,-30,-29,5,106,9,3470,1867,241
-66,-78,-179,142,76,282,12,-17,74,4,-8,-36,-29,7,104,9,3470,1867,241
-92,-65,-167,131,75,291,16,-22,79,-1,3,-38,-26,9,104,9,3470,1867,241
-104,-43,-109,118,71,295,20,-26,84,-8,17,-40,-23,11,104,9,3470,1867,241
-103,-31,-28,100,64,297,23,-28,88,-15,30,-42,-19,13,103,9,3470,1867,241
-93,-30,57,79,57,296,24,-30,89,-21,41,-44,-17,13,102,9,3470,1867,241
-64,-64,164,47,48,273,24,-34,87,-32,52,-48,-19,15,107,9,3470,1867,241
-46,-66,189,38,45,244,23,-34,85,-37,51,-49,-20,10,108,9,3470,1867,241
-32,-48,222,33,44,207,22,-32,84,-41,49,-51,-19,7,108,9,3470,1867,241
-26,-23,273,31,45,165,23,-29,84,-46,47,-53,-17,3,105,9,3470,1867,241
-27,-13,332,28,50,123,24,-25,85,-51,44,-55,-16,2,105,9,3470,1867,241
-31,-38,410,-18,68,-515,25,-18,85,-62,36,-56,-11,5,106,9,3470,1867,241
-26,-55,415,-3,86,-492,26,-16,86,-68,31,-54,-5,6,105,9,3470,1867,241
-13,-65,408,-1,94,-436,26,-12,86,-74,27,-53,1,7,104,9,3470,1867,241
14,-78,377,12,87,-239,25,-2,85,-83,21,-51,13,10,102,9,3470,1867,241
17,-82,351,34,78,-144,25,2,84,-85,18,-51,16,12,102,9,3470,1867,241
15,-82,329,67,66,-76,24,6,83,-85,16,-50,19,14,102,9,3470,1867,241
9,-82,318,111,52,-36,23,10,82,-83,14,-49,18,16,101,9,3470,1867,241
-19,-111,331,181,34,0,18,13,76,-72,7,-50,19,20,102,9,3470,1867,241
-39,-132,341,203,43,18,15,14,71,-63,3,-52,18,20,103,9,3470,1867,241
-64,-146,345,217,55,65,11,14,66,-54,1,-54,14,20,103,9,3470,1867,241
-90,-145,339,211,58,136,9,12,62,-43,5,-56,12,20,102,9,3470,1867,241
-111,-137,329,153,11,239,5,11,55,-33,11,-57,11,-15,97,9,3470,1867,241
169,102,-609,104,-41,267,3,10,54,68,-49,-7,7,-17,97,9,3470,1867,241
185,71,-645,48,-115,306,132,1324,-3023,71,-51,-6,3,-21,98,9,3470,1867,241
194,43,-676,-9,-199,334,132,1324,-3023,74,-51,-6,1,-23,100,9,3470,1867,241
197,3,-717,-113,-335,328,-27,47,31,83,-52,-8,-10,-19,100,9,3470,1867,241
197,-7,-728,-164,-388,308,-26,41,31,86,-51,-9,-14,-17,100,9,3470,1867,241
194,-13,-732,-209,-425,290,-25,33,34,89,-50,-9,-18,-12,99,9,3470,1867,241
191,-14,-730,-239,-438,261,-22,25,36,91,-46,-10,-22,-9,96,9,3470,1867,241
188,-10,-720,-250,-423,205,-20,16,40,89,-42,-11,-25,-7,94,9,3470,1867,241
173,6,-667,-240,-335,82,-16,-1,47,83,-32,-11,-31,-3,90,9,3470,1867,241
166,18,-620,-229,-279,34,-14,-10,52,78,-27,-10,-35,-2,90,9,3470,1867,241
156,34,-558,-210,-224,-8,-11,-17,56,72,-22,-10,-36,-2,92,9,3470,1867,241
147,52,-481,-190,-161,-51,-9,-21,59,66,-17,-11,-33,-1,93,9,3470,1867,241
143,73,-389,-190,-161,-51,-6,-23,62,62,-13,-14,-30,0,92,9,3470,1867,241
154,99,-183,-101,159,-90,0,-22,67,56,-8,-20,-22,3,91,9,3470,1867,241
163,92,-84,-104,161,-144,3,-19,70,54,-7,-22,-18,6,96,9,3470,1867,241
168,72,4,-107,149,-186,8,-17,73,50,-7,-24,-14,7,101,9,3470,1867,241
167,45,77,-111,126,-214,13,-15,78,46,-9,-26,-12,7,103,9,3470,1867,241
157,22,136,-109,97,-230,18,-14,83,41,-12,-26,-10,6,104,9,3470,1867,241
109,-5,243,-99,49,-251,29,-19,92,24,-20,-27,-8,4,104,9,3470,1867,241
71,-34,293,-95,33,-256,34,-20,98,15,-23,-28,-8,4,104,9,3470,1867,241
-921,-3118,2131,-86,26,-261,39,-21,103,15,-23,-28,-6,29,104,9,3470,1867,241
-921,-3118,2131,-71,26,-268,43,-23,106,-52,52,-52,-5,31,107,9,3470,1867,241
-65,5,284,-57,28,-275,47,-27,109,-48,48,-50,-4,32,111,9,3470,1867,241
-79,32,281,-32,38,-283,-37,52,18,-40,35,-47,-5,26,112,9,3470,1867,241
-98,55,258,-25,42,-288,-37,53,20,-36,26,-46,-5,23,109,9,3470,1867,241
-119,77,226,-16,46,-295,-36,52,22,-30,15,-45,-6,21,106,9,3470,1867,241
-148,115,146,0,61,-315,-31,49,26,-18,-1,-44,-7,17,103,9,3470,1867,241
-154,134,97,3,74,-328,-29,46,30,-11,-10,-43,-5,15,101,9,3470,1867,241
-158,151,46,8,89,-338,-26,45,33,-5,-18,-41,-2,14,100,9,3470,1867,241
-160,167,-5,15,105,-340,-23,42,36,1,-25,-39,0,16,100,9,3470,1867,241
-158,188,-114,16,130,-307,-15,36,45,14,-34,-34,8,21,102,9,3470,1867,241
-151,193,-173,6,145,-261,-11,33,50,20,-36,-31,11,26,102,9,3470,1867,241
-140,194,-232,-11,158,-201,-6,29,55,26,-37,-29,12,28,103,9,3479,1871,257
-127,190,-292,-32,162,-136,-4,25,58,32,-40,-27,9,30,104,9,3479,1871,257
-93,177,-414,-52,154,-77,-4,20,56,43,-45,-24,-1,24,107,9,3479,1871,257
-80,170,-469,-23,-1,106,-6,18,53,49,-46,-23,-7,17,108,9,3479,1871,257
-72,161,-514,12,17,124,-10,19,49,55,-46,-22,-11,12,106,9,3479,1871,257
-65,151,-548,49,34,140,-12,21,45,61,-46,-19,-15,4,102,9,3479,1871,257
-57,142,-571,82,42,159,-17,23,41,65,-44,-17,-19,-7,101,9,3479,1871,257
-28,124,-590,125,32,208,-21,23,34,76,-33,-12,-26,-27,98,9,3479,1871,257
-10,113,-589,131,21,232,-21,21,33,80,-28,-10,-27,-32,97,9,3479,1871,257
6,105,-581,128,11,259,-20,18,34,84,-21,-7,-24,-32,95,9,3479,1871,257
21,102,-565,115,8,281,-18,16,36,89,-14,-6,-22,-33,93,9,3479,1871,257
47,97,-513,63,13,284,-12,15,47,95,-2,-5,-21,-32,91,9,3479,1871,257
1208,2047,3359,32,15,263,-8,16,53,95,-2,-5,-9,2,92,9,3479,1871,257
1208,2047,3359,2,22,237,-5,17,59,-66,15,-50,-8,2,95,9,3479,1871,257
-70,-187,224,-22,34,215,-2,18,62,-68,28,-51,-6,2,98,9,3479,1871,257
-39,-198,268,-41,51,199,-2,18,62,-71,39,-52,-5,3,101,9,3479,1871,257
-11,-209,303,-55,72,155,33,-5,87,-72,56,-53,-5,9,103,9,3479,1871,257
-18,-199,287,-50,75,116,32,0,82,-73,60,-54,-4,14,102,9,3479,1871,257
-32,-179,260,-40,79,68,31,4,78,-74,61,-55,-4,20,101,9,3479,1871,257
-48,-158,235,-29,86,16,30,7,76,-75,60,-55,-2,23,100,9,3479,1871,257
-84,-116,210,-14,93,-81,25,18,72,-78,57,-57,-3,19,98,9,3479,1871,257
-107,-103,207,-11,95,-129,21,24,69,-79,55,-58,-5,15,96,9,3479,1871,257
-123,-96,208,-12,93,-173,14,28,65,-78,54,-58,-6,11,95,9,3479,1871,257
-127,-97,215,-15,90,-213,5,30,58,-74,52,-59,-6,9,93,9,3479,1871,257
-119,-106,230,-13,89,-246,-1,33,51,-66,46,-59,-5,7,92,9,3479,1871,257
-86,-117,274,-4,92,-275,-15,36,39,-49,38,-58,0,4,90,9,3479,1871,257
-73,-104,288,-77,-158,76,-21,37,33,-41,33,-57,2,7,91,9,3479,1871,257
-60,-77,295,-75,-188,95,-25,37,29,-35,26,-53,2,14,94,9,3479,1871,257
-47,-41,296,-68,-210,105,-27,35,27,-29,19,-48,1,21,97,9,3479,1871,257
-35,-4,294,-58,-238,116,-30,33,26,-24,13,-45,-2,27,100,9,3479,1871,257
-22,52,281,-54,-323,138,-31,27,25,-11,0,-38,-12,30,105,9,3479,1871,257
-29,64,271,-51,-351,136,-32,24,25,-4,-6,-35,-16,32,106,9,3479,1871,257
-51,67,255,-50,-360,125,-32,22,26,3,-12,-32,-18,32,109,9,3479,1871,257
-81,75,224,-51,-349,113,-31,20,27,11,-18,-29,-18,28,112,9,3479,1871,257
-135,104,130,-66,-280,85,-28,17,31,28,-31,-25,-24,26,114,9,3479,1871,257
-135,104,130,-83,-227,72,-24,15,36,28,-31,-25,-17,-19,97,9,3479,1871,257
108,12,-391,-96,-176,69,-20,14,41,51,-9,-18,-16,-18,98,9,3479,1871,257
126,31,-337,-98,-129,73,-20,14,41,46,-12,-19,-15,-16,98,9,3479,1871,257
145,55,-271,-89,-84,70,2,-11,66,40,-15,-20,-15,-13,95,9,3479,1871,257
192,97,-113,-46,-20,71,7,-13,82,27,-17,-26,-17,-11,93,9,3479,1871,257
219,95,-46,-22,-10,87,11,-15,89,20,-15,-31,-20,-9,93,9,3479,1871,257
237,69,-4,1,-1,102,15,-17,94,14,-11,-36,-21,-3,93,9,3479,1871,257
238,28,10,32,-3,120,17,-20,98,6,-8,-41,-20,0,96,9,3479,1871,257
180,-40,17,67,-36,173,22,-25,103,-12,-1,-46,-13,11,109,9,3479,1871,257
129,-63,28,75,-55,201,24,-27,106,-22,0,-46,-11,12,116,9,3479,1871,257
80,-72,49,75,-66,231,26,-29,108,-31,0,-45,-12,11,121,9,3479,1871,257
43,-69,80,74,-69,251,28,-30,109,-38,-1,-45,-13,5,122,9,3479,1871,257
20,-68,130,73,-74,268,31,-30,110,-45,-3,-43,-15,0,119,9,3479,1871,257
-13,-113,238,68,-78,278,34,-31,107,-54,-5,-44,-20,-11,113,9,3479,1871,257
-24,-158,266,16,157,-398,34,-30,104,-57,-5,-46,-21,-8,110,9,3479,1871,257
-30,-199,278,-2,170,-436,32,-28,100,-59,-5,-46,-19,-5,110,9,3479,1871,257
-31,-231,284,-19,186,-464,31,-26,97,-60,-4,-48,-15,3,109,9,3479,1871,257
-29,-248,292,-35,209,-482,28,-23,95,-61,0,-49,-8,15,106,9,3479,1871,257
-10,-244,322,-61,256,-494,24,-14,91,-66,13,-50,2,32,105,9,3479,1871,257
2,-231,328,-64,272,-491,22,-10,90,-68,22,-51,4,41,102,9,3479,1871,257
8,-216,316,-61,281,-481,20,-4,88,-69,30,-52,5,38,104,9,3479,1871,257
2,-198,285,-55,287,-462,18,0,85,-70,38,-54,0,31,106,9,3479,1871,257
-41,-157,202,-38,291,-392,13,8,73,-69,44,-55,-3,28,107,9,3479,1871,257
-41,-157,202,-38,282,-336,10,13,66,57,-63,-10,-7,9,106,9,3479,1871,257
-101,170,-125,-47,261,-273,6,18,57,60,-64,-9,-11,5,108,9,3479,1871,257
-80,186,-163,-55,234,-211,6,18,57,63,-64,-7,-16,2,113,9,3479,1871,257
-62,198,-205,-45,201,-165,-4,15,57,65,-65,-5,-22,-3,119,9,3479,1871,257
-50,204,-252,-26,166,-135,-8,17,53,67,-62,-6,-29,-13,122,9,3479,1871,257
-42,205,-356,-8,78,-75,-15,21,46,73,-45,-10,-33,-20,111,9,3479,1871,257
-46,197,-406,-16,33,-46,-19,24,43,74,-32,-13,-21,-11,100,9,3479,1871,257
-48,186,-448,-26,-17,-10,-20,28,41,76,-19,-14,-7,0,93,9,3479,1871,257
-44,174,-481,-30,-68,26,-20,31,40,77,-6,-15,1,6,94,9,3479,1871,257
-33,161,-504,-33,-124,65,-21,33,40,78,3,-17,3,9,98,9,3479,1871,257
-5,138,-517,-71,-218,139,-15,35,41,74,18,-18,-1,-2,100,9,3479,1871,257
8,124,-507,-90,-256,183,-12,35,44,71,21,-18,-4,-12,97,9,3479,1871,257
22,110,-487,-91,-286,219,-8,33,46,65,21,-18,-6,-18,92,9,3479,1871,257
35,95,-460,-91,-286,219,-5,30,48,57,18,-18,-7,-22,86,9,3479,1871,257
45,80,-428,-12,20,162,-2,27,52,49,14,-18,-7,-25,83,9,3479,1871,257
56,51,-363,-15,50,142,2,19,59,31,7,-22,-6,-23,82,9,3489,1876,273
56,42,-331,-13,59,122,3,13,62,21,4,-27,-4,-19,85,9,3489,1876,273
53,41,-295,-10,69,95,4,7,65,12,0,-30,0,-15,88,9,3489,1876,273
53,44,-256,-6,81,61,6,1,68,5,-4,-34,2,-9,93,9,3489,1876,273
58,51,-213,-4,96,28,8,-3,72,0,-6,-36,5,-4,97,9,3489,1876,273
89,52,-134,-5,126,-29,14,-8,78,-7,-7,-38,5,-1,101,9,3489,1876,273
89,52,-134,-6,142,-59,15,-11,80,-12,8,-38,-9,20,100,9,3489,1876,273
8,-113,190,-3,157,-93,17,-14,80,-10,5,-35,-9,21,102,9,3489,1876,273
2,-100,180,3,167,-130,17,-14,80,-8,2,-34,-7,21,103,9,3489,1876,273
-6,-81,170,13,178,-165,14,5,70,-5,0,-33,-6,19,103,9,3489,1876,273
-13,-61,160,23,186,-197,13,8,69,-2,-3,-32,-5,16,102,9,3489,1876,273
-15,-47,170,41,196,-251,7,13,65,8,-7,-30,-7,12,100,9,3489,1876,273
-9,-50,188,49,198,-272,3,15,61,14,-10,-31,-8,10,99,9,3489,1876,273
-2,-54,210,57,199,-295,0,16,56,20,-12,-30,-9,10,100,9,3489,1876,273
3,-56,230,64,200,-317,-5,17,52,25,-15,-29,-10,10,101,9,3489,1876,273
6,-50,240,67,203,-338,-9,17,48,29,-17,-28,-11,11,102,9,3489,1876,273
-2,-18,232,73,220,-367,-14,19,44,34,-19,-24,-11,15,101,9,3489,1876,273
-12,0,214,72,228,-372,-16,20,43,36,-20,-23,-12,17,102,9,3489,1876,273
-26,17,191,70,232,-373,-17,21,42,37,-22,-21,-14,18,104,9,3489,1876,273
-43,28,164,70,232,-373,-17,21,41,38,-22,-21,-16,19,107,9,3489,1876,273
-64,32,135,-44,-202,104,-18,20,41,38,-23,-19,-19,19,109,9,3489,1876,273
-109,36,73,-57,-206,104,-20,20,41,39,-21,-20,-19,20,105,9,3489,1876,273
-129,38,40,-56,-206,105,-19,23,42,39,-20,-21,-17,20,103,9,3489,1876,273
-148,42,6,-51,-211,114,-17,25,43,38,-19,-22,-15,19,101,9,3489,1876,273
-162,52,-29,-40,-218,129,-16,27,43,37,-16,-23,-15,18,101,9,3489,1876,273
-168,64,-65,-32,-220,133,-15,28,44,37,-15,-24,-15,17,102,9,3489,1876,273
-150,92,-130,-18,-229,130,-14,29,44,37,-14,-25,-15,17,103,9,3489,1876,273
-150,92,-130,-9,-230,132,-13,28,45,37,-14,-25,-7,-5,102,9,3489,1876,273
99,56,-111,0,-225,138,-12,28,46,-6,10,-37,-7,-4,104,9,3489,1876,273
123,58,-93,7,-219,143,-12,28,46,-6,10,-37,-8,-2,104,9,3489,1876,273
139,52,-76,18,-213,146,7,3,66,-6,10,-36,-9,0,105,9,3489,1876,273
138,38,-63,30,-201,149,4,3,63,-4,8,-36,-8,1,105,9,3489,1876,273
78,-1,-43,41,-168,150,0,4,58,-2,2,-35,-10,2,103,9,3489,1876,273
31,-19,-38,42,-156,151,-2,3,58,-2,0,-35,-13,2,103,9,3489,1876,273
-9,-28,-34,44,-147,157,-2,2,59,-3,-1,-35,-15,0,103,9,3489,1876,273
-36,-30,-25,43,-136,166,-2,1,60,-5,-2,-35,-16,-1,101,9,3489,1876,273
-47,-34,-9,41,-122,177,0,1,60,-7,-3,-35,-17,-4,102,9,3489,1876,273
-22,-76,44,31,-95,189,2,-1,63,-11,-1,-38,-18,-8,103,9,3489,1876,273
5,-101,74,31,-77,190,4,-2,64,-12,1,-39,-17,-10,102,9,3489,1876,273
32,-122,108,32,-52,186,4,-2,65,-13,4,-39,-15,-10,101,9,3489,1876,273
52,-138,139,32,-52,186,6,-2,66,-13,5,-40,-12,-9,101,9,3489,1876,273
61,-146,161,64,242,-365,7,-3,67,-13,6,-38,-10,-8,99,9,3489,1876,273
62,-140,176,38,238,-333,8,-5,69,-12,6,-36,-10,-5,98,9,3489,1876,273
63,-126,173,19,231,-304,9,-4,70,-13,6,-36,-11,-3,100,9,3489,1876,273
66,-115,175,0,221,-266,10,-4,70,-12,6,-37,-13,0,102,9,3489,1876,273
64,-112,178,-17,214,-233,10,-3,69,-11,6,-37,-14,6,102,9,3489,1876,273
56,-117,178,-32,196,-198,11,-2,69,-11,6,-38,-12,14,103,9,3489,1876,273
15,-135,161,-59,156,-140,11,0,70,-3052,-2322,68,-10,18,102,9,3489,1876,273
15,-135,161,-69,119,-109,12,2,70,-3052,-2322,68,-15,11,101,9,3489,1876,273
-104,180,18,-73,92,-77,12,3,71,35,-14,-29,-18,10,101,9,3489,1876,273
-104,202,-28,-79,42,-51,-2916,-2895,-679,32,-11,-28,-22,10,102,9,3489,1876,273
-102,220,-78,-76,-8,-25,-2916,-2895,-679,31,-8,-28,-24,8,102,9,3489,1876,273
-92,243,-184,-53,-102,31,-15,23,43,30,-2,-27,-28,9,105,9,3489,1876,273
-81,244,-237,-43,-140,47,-16,22,41,28,1,-28,-27,7,107,9,3489,1876,273
-69,236,-287,-43,-172,59,-17,22,39,27,5,-28,-27,6,107,9,3489,1876,273
-55,223,-336,-50,-204,71,-18,22,39,26,6,-28,-24,6,106,9,3489,1876,273
-27,195,-423,-82,-263,86,-18,23,40,24,6,-29,-21,4,105,9,3489,1876,273
-18,180,-459,-88,-279,83,-18,23,41,23,6,-30,-21,3,105,9,3489,1876,273
-13,167,-490,-82,-281,68,-17,24,41,22,6,-31,-20,2,105,9,3489,1876,273
-11,155,-517,-74,-270,48,-18,24,41,21,5,-32,-18,1,102,9,3489,1876,273
-12,146,-543,-67,-254,38,-19,24,39,20,4,-33,-16,1,99,9,3489,1876,273
-17,134,-589,-61,-231,41,-19,25,38,16,0,-31,-9,3,94,9,3489,1876,273
-15,130,-605,83,-97,205,-18,26,39,14,-1,-29,-6,4,93,9,3489,1876,273
-11,127,-614,58,-68,178,-15,25,40,11,-3,-29,-7,5,94,9,3489,1876,273
-4,124,-614,39,-46,152,-11,23,43,9,-4,-28,-8,5,97,9,3489,1876,273
4,117,-603,26,-35,125,-7,21,48,7,-6,-29,-8,3,101,9,3489,1876,273
22,93,-540,-9,-7,61,-2,15,54,4,-10,-29,-5,1,108,9,3489,1876,273
32,76,-482,-16,13,26,-1,12,56,3,-13,-29,-2,0,107,9,3489,1876,273
49,57,-406,-16,33,-4,0,9,58,3,-15,-29,1,0,106,9,3489,1876,273
74,38,-315,-13,47,-21,2,6,63,3,-17,-28,5,-2,103,9,3489,1876,273
148,8,-133,-24,13,-10,11,0,74,3,-20,-29,8,-4,100,9,3489,1876,273
148,8,-133,-31,17,-22,16,-4,81,-55,25,-51,8,-4,100,9,3489,1876,273
-18,-111,202,-40,20,-48,22,-7,87,-54,21,-51,-3,16,94,9,3489,1876,273
-36,-105,187,-51,26,-79,22,-7,87,-52,18,-50,-4,16,92,9,3489,1876,273
-39,-100,189,-59,38,-112,-18,46,33,-48,15,-49,-4,15,93,9,3489,1876,289
-31,-97,208,-66,46,-131,-20,47,31,-42,11,-47,-4,15,94,9,3489,1876,289
0,-88,257,-58,97,-183,-19,43,33,-25,6,-44,-4,16,98,9,3489,1876,289
13,-84,277,-52,111,-205,-17,39,36,-16,5,-41,-4,18,99,9,3489,1876,289
19,-76,284,-53,103,-210,-15,35,39,-9,2,-39,-6,20,101,9,3489,1876,289
15,-63,280,-52,106,-214,-13,30,42,-1,1,-36,-10,23,102,9,3489,1876,289
7,-50,269,-36,112,-229,-11,25,44,6,0,-33,-12,25,102,9,3489,1876,289
-23,-15,234,-5,113,-250,-12,14,48,21,-4,-29,-15,27,104,9,3489,1876,289
-41,-1,215,8,119,-272,-13,10,49,28,-8,-27,-18,26,106,9,3489,1876,289
-65,5,191,19,126,-290,-13,6,50,34,-12,-26,-21,23,108,9,3489,1876,289
-92,16,157,19,126,-290,-13,2,52,39,-17,-24,-23,21,109,9,3489,1876,289
-116,30,113,-56,-266,132,-11,0,54,44,-22,-22,-24,20,109,9,3489,1876,289
-144,64,14,-52,-291,127,-6,-5,61,51,-30,-18,-20,19,105,9,3489,1876,289
-146,82,-31,-62,-284,103,-1,-5,65,53,-33,-17,-18,15,104,9,3489,1876,289
-146,98,-72,-74,-255,66,1,-5,69,53,-35,-16,-16,13,104,9,3489,1876,289
-141,114,-113,-79,-210,17,5,-3,72,54,-35,-15,-14,10,104,9,3489,1876,289
-131,125,-149,-67,-147,-31,8,0,73,53,-34,-14,-12,5,104,9,3489,1876,289
-101,137,-215,-20,15,-96,12,8,74,54,-32,-14,-2123,3,-2026,9,3489,1876,289
-101,137,-215,19,91,-98,11,13,73,-9,-2,-28,-2123,3,-2026,9,3489,1876,289
218,-33,-57,70,152,-88,10,16,70,-8,-5,-26,2,1,105,9,3489,1876,289
249,6,-52,119,196,-70,10,16,70,-6,-6,-26,1,1,104,9,3489,1876,289
263,47,-44,153,213,-40,21,-14,88,-3,-7,-28,-1,0,104,9,3489,1876,289
215,82,-22,158,171,30,31,-17,97,0,-7,-35,-8,-4,102,9,3489,1876,289
157,77,-12,139,121,70,35,-19,99,0,-6,-37,-10,-5,103,9,3489,1876,289
88,54,-2,117,64,109,38,-20,102,1,-6,-39,-12,-5,103,9,3489,1876,289
21,24,4,94,2,141,39,-21,102,1,-5,-40,-13,-4,103,9,3489,1876,289
-47,-35,22,56,-101,189,36,-25,98,0,-2,-37,-16,0,102,9,3489,1876,289
-49,-63,42,43,-131,204,34,-26,96,-1,-1,-35,-18,0,103,9,3489,1876,289
-38,-88,72,34,-142,212,29,-26,93,-3,-1,-33,-19,0,104,9,3489,1876,289
-17,-114,109,27,-139,208,26,-24,88,-5,-1,-32,-20,0,104,9,3489,1876,289
8,-136,147,20,-122,192,22,-23,85,-7,0,-33,-21,1,104,9,3489,1876,289
51,-160,202,14,-100,171,14,-18,78,-8,1,-35,-22,2,103,9,3489,1876,289
56,-163,213,-78,97,-234,11,-14,75,-9,3,-37,-22,3,104,9,3489,1876,289
52,-161,216,-75,99,-217,10,-12,73,-11,6,-39,-21,5,105,9,3489,1876,289
44,-152,214,-70,106,-199,10,-11,73,-12,8,-40,-18,8,106,9,3489,1876,289
34,-143,211,-67,98,-176,10,-8,75,-14,9,-42,-15,11,106,9,3489,1876,289
5,-140,196,-66,45,-109,12,-2,74,-18,11,-42,-7,15,104,9,3489,1876,289
-10,-139,188,-68,11,-69,12,1,74,-20,12,-43,-3,15,102,9,3489,1876,289
-20,-139,188,-65,-22,-33,12,4,72,-21,11,-43,0,15,100,9,3489,1876,289
-23,-137,200,-57,-53,-1,10,8,70,-21,10,-42,3,14,97,9,3489,1876,289
-1296,-847,-968,-39,-107,39,6,17,63,-20,8,-41,6,13,95,9,3489,1876,289
-1296,-847,-968,-35,-134,45,4,20,60,44,10,-28,-30,0,93,9,3489,1876,289
-68,136,-413,485,567,-485,1,24,57,48,7,-27,-32,4,96,9,3489,1876,289
-45,129,-427,485,567,-485,1,24,57,52,3,-27,-33,6,100,9,3489,1876,289
-28,127,-439,485,567,-485,1,24,57,54,0,-26,-35,7,104,9,3489,1876,289
-21,128,-451,485,567,-485,-24,28,31,53,-3,-24,-36,5,108,9,3489,1876,289
-33,124,-471,485,567,-485,-13,20,43,44,-5,-20,-36,-2,111,9,3489,1876,289
-42,116,-478,485,567,-485,-8,15,51,38,-6,-19,-35,-5,110,9,3489,1876,289
-50,102,-481,-1817,2005,-3526,-3,11,56,32,-5,-19,-32,-9,107,9,3489,1876,289
-54,72,-467,-1540,-1542,3158,2,5,65,23,-6,-24,-24,-8,99,9,3489,1876,289
-49,56,-445,-3999,3438,3604,4,1,68,21,-7,-27,-17,-3,95,9,3489,1876,289
-41,41,-411,-3999,3438,3604,6,-1,71,19,-7,-31,-11,1,89,9,3489,1876,289
-32,24,-365,113,-157,290,9,-5,75,16,-8,-34,-5,5,85,9,3489,1876,289
-5,-7,-260,63,-126,248,13,-16,81,10,-9,-35,1,12,83,9,3489,1876,289
17,-21,-208,63,-126,248,15,-20,84,7,-9,-35,3,10,87,9,3489,1876,289
50,-29,-157,63,-126,248,18,-24,85,3,-10,-33,4,9,91,9,3489,1876,289
94,-27,-105,63,-126,248,21,-25,86,0,-13,-31,5,6,95,9,3489,1876,289
215,19,4,63,-126,248,26,-22,91,-4,-15,-28,3,1,99,9,3489,1876,289
273,38,55,63,-126,248,29,-19,93,-5,-16,-28,2,0,100,9,3489,1876,289
307,30,90,63,-126,248,31,-15,95,-7,-16,-30,4,-2,102,9,3489,1876,289
314,28,82,63,-126,248,32,-10,96,-7,-16,-31,4,-2,107,9,3489,1876,289
263,89,-19,63,-126,248,36,-5,97,-8,-14,-34,1,0,115,9,3489,1876,289
205,95,-38,63,-126,248,36,-3,96,-8,-11,-35,-3,0,119,9,3489,1876,289
129,71,-35,63,-126,248,35,-1,94,-10,-8,-37,-5,-2,119,9,3489,1876,289
-2,10,-13,63,-126,248,33,-2,91,-12,-1,-38,-6,-7,112,9,3489,1876,289
-36,-15,-4,-62,66,-240,33,-6,91,-13,0,-37,-7,-6,109,9,3489,1876,289
-43,-35,11,-78,45,-227,32,-12,92,-13,2,-38,-7,-6,106,9,3489,1876,289
-34,-59,40,-78,45,-227,31,-18,93,-14,3,-38,-9,-6,102,9,3489,1876,289
2370,140,353,-78,45,-227,30,-28,96,-15,6,-38,-10,-5,99,9,3489,1876,289
2370,140,353,-78,45,-227,28,-31,97,12,-29,-26,6,21,99,9,3489,1876,289
-97,60,153,-78,45,-227,26,-34,97,11,-29,-27,1,22,104,9,3489,1876,289
-123,81,104,-78,45,-227,26,-34,97,10,-27,-29,-4,21,107,9,3489,1876,289
-155,111,2,-78,45,-227,-36,50,18,8,-25,-30,-13,20,113,9,3489,1876,289
-167,121,-43,-78,45,-227,-34,46,22,9,-21,-31,-16,19,114,9,3489,1876,289
-176,128,-87,-78,45,-227,-31,42,25,10,-18,-32,-17,17,113,9,3489,1876,289
-180,133,-127,-78,45,-227,-28,39,28,13,-15,-33,-19,15,112,9,3489,1876,289
-163,136,-199,-78,45,-227,-23,32,33,19,-12,-32,-23,5,107,9,3489,1876,305
-142,138,-232,-78,45,-227,-20,30,37,23,-9,-31,-24,0,104,9,3489,1876,305
-115,140,-264,-78,45,-227,-17,28,40,27,-6,-29,-25,-2,102,9,3489,1876,305
-54,136,-313,-78,45,-227,-14,22,42,38,-2,-26,-33,-6,99,9,3489,1876,305
-25,132,-335,-78,45,-227,-13,20,44,43,0,-25,-38,-8,99,9,3489,1876,305
-1,126,-353,-78,45,-227,-12,16,46,48,3,-25,-40,-8,98,9,3489,1876,305
16,117,-364,-78,45,-227,-11,12,48,52,6,-24,-41,-7,98,9,3489,1876,305
31,94,-375,150,-101,236,-9,0,52,56,12,-25,-39,-3,103,9,3489,1876,305
28,80,-379,156,-138,261,-6,-5,56,55,13,-24,-37,0,106,9,3489,1876,305
22,65,-381,154,-160,270,-2,-12,60,52,12,-24,-35,1,107,9,3489,1876,305
16,51,-378,145,-167,271,1,-18,65,48,10,-22,-32,3,105,9,3489,1876,305
12,28,-347,1135,-958,-318,9,-26,75,34,3,-23,-24,6,101,9,3489,1876,305
14,20,-320,1135,-958,-318,13,-28,79,26,0,-23,-19,6,98,9,3489,1876,305
17,12,-287,1135,-958,-318,17,-29,83,18,-5,-25,-13,7,95,9,3489,1876,305
20,7,-251,1135,-958,-318,20,-29,86,10,-11,-27,-10,9,96,9,3489,1876,305
23,5,-215,1135,-958,-318,23,-28,88,3,-16,-30,-6,12,97,9,3489,1876,305
44,8,-147,1135,-958,-318,27,-21,93,-8,-21,-34,1,16,101,9,3489,1876,305
67,12,-115,1135,-958,-318,30,-17,94,-13,-22,-35,6,17,102,9,3489,1876,305
101,21,-79,1135,-958,-318,32,-11,95,-13,-22,-35,9,14,103,9,3489,1876,305
101,21,-79,1135,-958,-318,34,-5,94,-6,15,-39,9,14,103,9,3489,1876,305
0,-137,212,1135,-958,-318,33,5,91,-7,9,-38,-15,5,106,9,3489,1876,305
8,-141,244,1135,-958,-318,33,5,91,-7,4,-38,-12,4,106,9,3489,1876,305
19,-145,273,1135,-958,-318,1,11,62,-6,0,-36,-9,3,105,9,3489,1876,305
25,-143,294,1135,-958,-318,2,11,63,-5,-3,-36,-5,2,105,9,3489,1876,305
16,-113,324,1135,-958,-318,4,11,65,-3,-8,-34,0,6,103,9,3489,1876,305
10,-92,340,1135,-958,-318,5,12,65,-2,-9,-34,0,9,101,9,3489,1876,305
0,-79,350,1135,-958,-318,4,12,63,0,-9,-33,0,10,98,9,3489,1876,305
-18,-71,348,1135,-958,-318,1,11,60,1,-9,-33,1,11,94,9,3489,1876,305
-56,-64,334,1135,-958,-318,-5,9,52,11,-8,-31,0,17,90,9,3489,1876,305
-73,-52,328,1135,-958,-318,-8,8,48,15,-9,-31,-1,22,90,9,3489,1876,305
-88,-28,312,1135,-958,-318,-11,8,45,18,-9,-30,-2,28,89,9,3489,1876,305
-113,48,243,1135,-958,-318,-13,9,43,21,-13,-27,-5,39,94,9,3489,1876,305
-121,90,198,1135,-958,-318,-13,10,44,21,-16,-26,-8,42,98,9,3489,1876,305
-124,123,154,1135,-958,-318,-13,11,45,19,-18,-25,-9,43,103,9,3489,1876,305
-125,143,115,1135,-958,-318,-12,15,47,16,-20,-25,-9,38,106,9,3489,1876,305
-126,158,51,1135,-958,-318,-7,24,51,11,-22,-24,-4,22,105,9,3489,1876,305
-132,159,22,1135,-958,-318,-6,28,52,10,-23,-24,-4,14,103,9,3489,1876,305
-142,153,-9,1135,-958,-318,-6,33,50,11,-24,-25,-5,9,100,9,3489,1876,305
-149,144,-42,1135,-958,-318,-6,38,48,14,-23,-27,-5,5,98,9,3489,1876,305
-140,130,-101,1135,-958,-318,-7,44,45,24,-23,-29,-3,0,99,9,3489,1876,305
-128,121,-117,1135,-958,-318,-8,44,44,30,-24,-29,-3,-3,103,9,3489,1876,305
-115,114,-130,1135,-958,-318,-8,43,45,36,-23,-28,-7,-3,108,9,3489,1876,305
-106,110,-147,1135,-958,-318,-8,40,45,39,-22,-26,-12,-3,111,9,3489,1876,305
-103,102,-189,1135,-958,-318,-4,29,47,42,-18,-20,-22,-3,115,9,3489,1876,305
-107,99,-216,1135,-958,-318,-4,22,49,42,-15,-18,-22,-6,114,9,3489,1876,305
-111,97,-247,1135,-958,-318,-2,15,52,40,-11,-18,-26,-8,111,9,3489,1876,305
-107,94,-281,1135,-958,-318,2,5,61,11,-17,-29,-22,4,106,9,3489,1876,305
49,-42,91,1135,-958,-318,4,1,64,10,-11,-30,-21,1,106,9,3489,1876,305
29,-77,145,1135,-958,-318,6,-3,67,7,-5,-31,-21,-1,105,9,3489,1876,305
14,-104,196,1135,-958,-318,6,-3,67,4,0,-31,-20,-3,103,9,3489,1876,305
3,-143,295,1135,-958,-318,-3,-9,61,0,6,-33,-20,-10,99,9,3489,1876,305
14,-153,336,1135,-958,-318,0,-11,64,-1,10,-35,-20,-13,99,9,3489,1876,305
26,-155,361,1135,-958,-318,3,-13,68,-2,14,-37,-20,-11,101,9,3489,1876,305
37,-157,372,1135,-958,-318,7,-14,71,-5,17,-39,-19,-6,104,9,3489,1876,305
56,-146,338,1135,-958,-318,15,-18,76,-11,20,-43,-19,2,107,9,3489,1876,305
67,-131,306,1135,-958,-318,18,-18,80,-15,20,-43,-18,3,108,9,3489,1876,305
80,-109,292,1135,-958,-318,21,-18,82,-19,19,-44,-18,5,108,9,3489,1876,305
84,-93,286,1135,-958,-318,23,-17,84,-23,18,-43,-17,5,108,9,3489,1876,305
73,-67,261,1135,-958,-318,24,-15,88,-31,16,-43,-14,7,110,9,3489,1876,305
59,-60,238,1135,-958,-318,24,-13,87,-34,14,-41,-14,10,110,9,3489,1876,305
36,-55,214,1135,-958,-318,23,-9,86,-37,12,-40,-13,11,109,9,3489,1876,305
-22,-69,179,1135,-958,-318,20,-2,80,-38,8,-41,-9,10,108,9,3489,1876,305
-50,-81,175,1135,-958,-318,17,1,76,-36,7,-42,-7,7,106,9,3489,1876,305
-68,-89,184,1135,-958,-318,14,6,71,-33,5,-43,-5,4,103,9,3489,1876,305
-75,-93,199,1135,-958,-318,9,11,66,-29,4,-43,-4,1,100,9,3489,1876,305
-67,-81,241,1135,-958,-318,0,20,56,-17,2,-42,0,0,93,9,3489,1876,305
-61,-71,262,1135,-958,-318,-4,24,52,-10,1,-41,3,0,91,9,3489,1876,305
-56,-61,280,1135,-958,-318,-7,28,47,-3,0,-38,5,1,89,9,3489,1876,305
-52,-52,293,1135,-958,-318,-10,30,44,3,0,-35,7,4,88,9,3489,1876,305
-49,-27,309,1135,-958,-318,-13,34,40,16,0,-28,5,9,92,9,3489,1876,305
-47,-15,320,1135,-958,-318,-13,35,40,21,-2,-26,5,10,95,9,3489,1876,305
-46,-9,332,1135,-958,-318,-14,34,39,25,-3,-25,5,12,97,9,3489,1876,305
-48,4,337,1135,-958,-318,-15,33,40,28,-7,-24,4,12,98,9,3489,1876,305
-69,61,287,1135,-958,-318,-12,31,43,32,-12,-22,1135,-1967,361,9,3489,1876,305
-69,61,287,1135,-958,-318,-10,28,45,10,0,-34,-4,3,91,9,3489,1876,305
49,-11,-539,1135,-958,-318,-9,26,48,7,-4,-35,-1,7,90,9,3489,1876,305
57,-21,-536,1135,-958,-318,-7,24,50,4,-8,-36,0,12,90,9,3489,1876,305
75,-33,-500,1135,-958,-318,13,1,73,-1,-15,-35,0,12,92,9,3489,1876,305
90,-34,-458,1135,-958,-318,14,1,74,-4,-17,-34,-1,12,93,9,3489,1876,305
113,-28,-405,1135,-958,-318,14,2,75,-6,-19,-34,-2,14,95,9,3499,1881,321
168,10,-268,1135,-958,-318,12,5,73,-7,-19,-33,-5,2,98,9,3499,1881,321
192,36,-205,1135,-958,-318,10,7,70,-6,-19,-32,-9,1,102,9,3499,1881,321
203,48,-156,1135,-958,-318,7,10,68,-3,-19,-32,-11,2,104,9,3499,1881,321
199,42,-125,1135,-958,-318,4,10,64,0,-18,-32,-14,7,104,9,3499,1881,321
165,10,-126,1135,-958,-318,0,9,57,9,-14,-33,-19,16,108,9,3499,1881,321
147,8,-145,1135,-958,-318,-3,7,55,11,-12,-33,-23,16,107,9,3499,1881,321
135,22,-141,1135,-958,-318,-5,3,54,12,-10,-32,-26,15,107,9,3499,1881,321
121,40,-106,1135,-958,-318,-7,0,55,10,-7,-31,-26,14,108,9,3499,1881,321
66,37,-13,1135,-958,-318,-7,-5,57,4,0,-30,-23,6,104,9,3499,1881,321
33,18,16,1135,-958,-318,-6,-8,58,1,5,-30,-23,4,101,9,3499,1881,321
11,-3,34,1135,-958,-318,-4,-10,59,-1,10,-33,-23,3,100,9,3499,1881,321
3,-23,55,1135,-958,-318,-4,-10,60,-4,15,-36,-24,2,100,9,3499,1881,321
-8,-52,115,1135,-958,-318,-3,-10,62,-7,21,-41,-27,3,102,9,3499,1881,321
-10,-60,143,1135,-958,-318,-2,-8,62,-8,22,-42,-26,4,103,9,3499,1881,321
-1,-62,166,1135,-958,-318,0,-5,63,-9,22,-43,-25,2,103,9,3499,1881,321
34,-57,212,-56,-12,-410,5,-1,67,-13,21,-44,-22,-2,103,9,3499,1881,321
56,-57,231,-82,-9,-439,8,0,70,-15,19,-42,-21,-4,104,9,3499,1881,321
78,-58,236,-98,2,-453,11,0,71,-17,16,-41,-22,-10,104,9,3499,1881,321
89,-58,232,-105,17,-452,14,1,74,-18,13,-40,-23,-6,108,9,3499,1881,321
81,-46,211,-101,37,-417,16,2,76,-20,7,-39,-22,3,115,9,3499,1881,321
63,-44,202,-101,37,-417,17,0,77,-20,5,-38,-22,5,115,9,3499,1881,321
41,-53,196,-101,37,-417,19,0,77,-20,5,-38,-22,5,115,9,3499,1881,321
41,-53,196,-101,37,-417,19,-1,78,21,-23,-26,6,1,100,9,3499,1881,321
-195,22,41,-101,37,-417,21,-3,81,24,-23,-25,3,0,100,9,3499,1881,321
-182,27,31,-101,37,-417,21,-3,81,26,-23,-26,2,0,101,9,3499,1881,321
-162,38,25,-85,40,-387,-6,32,49,30,-23,-24,0,-1,102,9,3499,1881,321
-138,50,18,-63,37,-353,-7,30,48,33,-22,-23,-2,-2,104,9,3499,1881,321
