-113,21,-161,98,24,122,-40,-43,9,-7,-27,-33,9,16,121,9,3528,1901,917
-80,17,-168,98,24,122,-35,-43,11,-15,-30,-34,6,21,121,9,3528,1901,917
-48,12,-165,98,24,122,-30,-42,11,-21,-31,-34,3,26,120,9,3528,1901,917
3,26,-115,98,24,122,-18,-35,15,-26,-27,-34,-4,34,112,9,3528,1901,917
26,42,-77,98,24,122,-12,-29,17,-26,-22,-34,-9,35,108,9,3528,1901,917
41,57,-44,98,24,122,-6,-22,19,-25,-16,-34,-13,33,103,9,3528,1901,917
48,62,-25,98,24,122,-1,-15,21,-23,-11,-35,-13,28,99,9,3528,1901,917
43,49,1,98,24,122,9,0,28,-17,-1,-34,-8,14,103,9,3528,1901,917
31,33,23,98,24,122,13,5,30,-14,1,-33,-5,4,103,9,3528,1901,917
12,11,50,98,24,122,17,10,33,-12,4,-32,-11,-3,97,9,3528,1901,917
-8,-16,78,98,24,122,19,13,35,-10,6,-30,-17,-13,91,9,3528,1901,917
-32,-41,112,98,24,122,23,15,35,4,-85,-34,2783,-735,-1875,9,3528,1901,917
-34,-33,116,98,24,122,25,14,35,3,-82,-34,29,24,94,9,3528,1901,917
-33,-17,117,98,24,122,27,12,35,1,-78,-34,28,22,96,9,3528,1901,917
-25,9,115,98,24,122,29,4,35,2,-68,-35,22,13,102,9,3528,1901,917
-12,19,113,98,24,122,28,0,33,2,-62,-34,20,9,105,9,3528,1901,917
4,31,115,98,24,122,26,-5,31,2,-56,-33,17,6,109,9,3528,1901,917
21,42,118,98,24,122,24,-11,30,2,-50,-32,14,4,109,9,3528,1901,917
34,52,125,98,24,122,20,-23,27,3,-36,-32,9,-1,109,9,3528,1901,917
117,-18,158,98,24,122,20,-23,27,2,-29,-32,9,-4,105,9,3528,1901,917
143,-16,140,98,24,122,0,-20,23,0,-22,-33,5,-6,102,9,3528,1901,917
161,-19,134,98,24,122,-1,-15,24,-2,-13,-34,2,-8,100,9,3528,1901,917
173,-37,148,98,24,122,-3,-5,27,-7,3,-32,-3,-7,94,9,3528,1901,917
166,-54,158,98,24,122,-2,0,28,-9,10,-32,0,-13,97,9,3528,1901,917
152,-76,167,98,24,122,0,5,30,-11,16,-31,0,-21,102,9,3528,1901,917
134,-101,170,98,24,122,0,10,30,-13,21,-29,-3,-26,107,9,3528,1901,917
100,-148,163,98,24,122,-1,17,32,-17,31,-30,-11,-32,107,9,3528,1901,917
87,-167,156,98,24,122,-2,19,32,-19,35,-30,-12,-37,104,9,3528,1901,917
74,-181,144,98,24,122,-3,20,31,-19,40,-30,-11,-36,101,9,3528,1901,917
68,-183,82,98,24,122,-5,16,29,-18,47,-29,-11,-28,100,9,3528,1901,917
74,-173,32,98,24,122,-4,13,29,-16,49,-29,-11,-21,101,9,3528,1901,917
85,-157,-19,98,24,122,-3,9,28,-14,50,-28,-10,-13,104,9,3528,1901,917
95,-143,-69,98,24,122,-2,6,28,-12,50,-28,-8,-7,107,9,3528,1901,917
88,-119,-146,98,24,122,0,2,30,-5,47,-30,-4,3,112,9,3528,1901,917
71,-105,-183,98,24,122,-1,1,30,0,43,-29,0,8,115,9,3528,1901,917
51,-89,-219,98,24,122,-3,1,28,3,38,-28,0,11,116,9,3528,1901,917
31,-73,-253,98,24,122,-5,2,27,6,32,-28,4,14,115,9,3528,1901,917
-23,-53,-302,98,24,122,-10,10,27,10,22,-28,10,23,110,9,3528,1901,917
-56,-43,-324,98,24,122,-13,15,28,11,19,-28,13,25,104,9,3528,1901,917
-88,-28,-348,98,24,122,-17,20,29,11,19,-28,13,25,104,9,3528,1901,917
-117,-11,-369,98,24,122,-23,26,30,-12,-32,-34,-9,-5,108,9,3528,1901,917
-174,13,-404,98,24,122,-33,34,28,-24,-39,-35,-12,-3,108,9,3528,1901,917
-203,25,-416,98,24,122,-39,39,28,-27,-43,-35,-16,0,107,9,3528,1901,917
-223,44,-425,98,24,122,-44,42,28,-30,-45,-35,-13,-3,104,9,3528,1901,917
-214,96,-421,98,24,122,-52,44,27,-26,-46,-35,-9,-5,111,9,3528,1901,917
-182,121,-408,98,24,122,-53,42,26,-22,-47,-35,-9,-3,116,9,3528,1901,917
-182,121,-408,98,24,122,-54,39,25,-18,-46,-34,-10,-2,118,9,3528,1901,917
8,58,155,98,24,122,-54,39,25,-14,-45,-33,-10,0,114,9,3528,1901,917
-38,45,216,98,24,122,22,-8,30,-7,-39,-33,-5,-2,108,9,3528,1901,917
-43,46,241,98,24,122,25,-8,30,-4,-36,-33,-2,-1,104,9,3528,1901,917
-34,57,257,98,24,122,28,-8,31,0,-32,-32,-2,0,101,9,3528,1901,917
-18,67,263,98,24,122,32,-9,31,3,-29,-32,1,0,99,9,3528,1901,917
-1,65,263,98,24,122,35,-11,33,6,-24,-31,9,5,101,9,3528,1901,917
-2,60,261,98,24,122,35,-13,32,7,-22,-30,12,9,105,9,3528,1901,917
-9,52,258,98,24,122,34,-16,31,8,-22,-31,14,12,107,9,3528,1901,917
-21,39,259,98,24,122,32,-18,30,8,-21,-30,13,14,108,9,3528,1901,917
-36,19,274,98,24,122,28,-20,29,7,-21,-31,13,16,109,9,3528,1901,917
-33,15,272,98,24,122,26,-20,29,5,-21,-31,14,18,109,9,3528,1901,917
-26,15,264,98,24,122,24,-18,30,5,-20,-32,15,21,110,9,3528,1901,917
0,38,230,98,24,122,23,-12,29,6,-18,-31,15,19,112,9,3528,1901,917
22,53,211,98,24,122,23,-9,29,6,-17,-31,15,16,111,9,3528,1901,917
44,73,207,98,24,122,23,-5,29,6,-14,-31,15,14,108,9,3528,1901,917
56,85,226,98,24,122,21,-2,30,5,-12,-30,16,11,105,9,3528,1901,917
40,85,315,98,24,122,14,3,31,1,-6,-31,20,5,101,9,3528,1901,917
25,76,354,98,24,122,7,5,30,0,-2,-30,16,7,96,9,3528,1901,917
13,51,366,98,24,122,0,3,29,0,0,-31,20,4,92,9,3528,1901,917
6,16,352,98,24,122,-2,0,28,-1,4,-31,-277,2312,-245,9,3528,1901,917
-2,-53,310,98,24,122,-8,-5,27,-12,5,-28,-20,6,120,9,3528,1901,917
7,-83,280,98,24,122,-9,-5,26,-11,5,-29,-23,5,121,9,3528,1901,917
26,-103,237,98,24,122,-8,-7,26,-11,4,-30,-21,4,120,9,3528,1901,917
51,-107,191,98,24,122,-5,-9,26,-9,6,-30,-16,2,114,9,3528,1901,917
111,-79,128,98,24,122,-1,-7,27,0,7,-32,-7,-10,101,9,3528,1901,917
133,-61,115,98,24,122,-1,-5,27,5,8,-31,-5,-14,97,9,3528,1901,917
145,-45,116,98,24,122,-1,-2,26,9,8,-31,-3,-16,95,9,3528,1901,917
145,-45,116,98,24,122,-2,2,26,10,9,-31,-1,-14,95,9,3528,1901,917
-129,30,-341,98,24,122,-2,2,26,9,11,-32,1,-10,94,9,3528,1901,917
-137,35,-321,98,24,122,-5,31,33,6,14,-32,7,-10,96,9,3548,1911,933
-145,39,-301,98,24,122,-3,28,32,4,17,-31,7,-9,95,9,3548,1911,933
-152,42,-251,98,24,122,-4,21,32,4,22,-30,14,-19,99,9,3548,1911,933
-154,38,-222,98,24,122,-4,18,31,5,25,-30,16,-20,101,9,3548,1911,933
-155,29,-197,98,24,122,-5,13,30,6,26,-30,18,-22,103,9,3548,1911,933
-152,19,-177,98,24,122,-8,6,28,6,27,-29,28,5,108,9,3548,1911,933
-132,12,-169,98,24,122,-17,-5,25,6,28,-31,19,0,109,9,3548,1911,933
-115,19,-183,98,24,122,-21,-10,23,5,28,-31,15,-2,109,9,3548,1911,933
-93,30,-203,98,24,122,-24,-13,22,6,27,-31,11,-5,108,9,3548,1911,933
-69,39,-217,98,24,122,-27,-15,21,7,25,-31,9,-7,103,9,3548,1911,933
-30,40,-188,98,24,122,-23,-14,20,11,21,-31,9,-1,97,9,3548,1911,933
-12,45,-147,98,24,122,-19,-10,21,12,19,-31,7,0,96,9,3548,1911,933
7,56,-106,98,24,122,-15,-6,23,12,17,-31,5,3,98,9,3548,1911,933
23,66,-78,98,24,122,-12,-4,24,12,17,-31,4,5,98,9,3548,1911,933
32,65,-38,98,24,122,-8,0,25,8,14,-31,2,4,100,9,3548,1911,933
27,52,-15,98,24,122,-8,0,24,5,13,-31,3,2,102,9,3548,1911,933
22,32,15,98,24,122,-6,0,24,1,12,-31,3,0,101,9,3548,1911,933
12,-7,92,98,24,122,-1,-2,27,-4,11,-32,3,0,101,9,3548,1911,933
7,-13,126,98,24,122,1,-2,28,-4,11,-32,21,-4,95,9,3548,1911,933
4,-5,144,98,24,122,4,-2,29,-9,-48,-36,22,-6,94,9,3548,1911,933
2,4,143,98,24,122,7,-1,29,-8,-48,-36,21,-7,93,9,3548,1911,933
-3,9,112,98,24,122,11,-2,30,-6,-51,-35,18,-5,98,9,3548,1911,933
-2,5,96,98,24,122,13,-4,31,-5,-51,-33,14,-4,100,9,3548,1911,933
1,3,86,98,24,122,14,-8,31,-5,-51,-32,10,-3,102,9,3548,1911,933
6,6,82,98,24,122,16,-12,30,-5,-51,-31,8,-4,104,9,3548,1911,933
21,-13,268,98,24,122,19,-21,29,-5,-48,-31,7,-6,103,9,3548,1911,933
31,-28,241,98,24,122,22,-24,29,-5,-44,-31,7,-4,99,9,3548,1911,933
38,-37,216,98,24,122,22,-24,29,-5,-38,-32,10,-4,99,9,3548,1911,933
48,-42,196,98,24,122,30,-21,41,-3,-33,-32,11,-4,101,9,3548,1911,933
76,-45,161,98,24,122,29,-17,38,0,-23,-31,6,0,104,9,3548,1911,933
90,-43,141,98,24,122,29,-14,38,0,-18,-31,5,2,105,9,3548,1911,933
98,-45,124,98,24,122,28,-10,38,1,-13,-32,4,3,107,9,3548,1911,933
100,-65,115,98,24,122,27,-9,41,2,-6,-32,3,1,107,9,3548,1911,933
94,-86,118,98,24,122,28,-8,43,3,-2,-31,1,-1,107,9,3548,1911,933
85,-107,125,98,24,122,33,-6,34,3,1,-32,2,-5,105,9,3548,1911,933
76,-125,127,98,24,122,50,-20,20,2,5,-32,3,-11,104,9,3548,1911,933
64,-145,89,98,24,122,98,-57,14,0,13,-33,5,-17,103,9,3548,1911,933
65,-143,51,98,24,122,105,-49,21,-2,17,-33,2,-19,101,9,3548,1911,933
70,-134,9,98,24,122,99,-36,25,-5,20,-34,0,-21,101,9,3548,1911,933
73,-119,-31,98,24,122,86,-29,26,-11,23,-34,-1,-21,103,9,3548,1911,933
56,-91,-105,98,24,122,49,-27,26,-21,30,-35,-2,-18,110,9,3548,1911,933
33,-82,-139,98,24,122,22,-21,23,-19,34,-35,-3,-11,114,9,3548,1911,933
5,-76,-175,98,24,122,-4,-9,21,-12,36,-34,-7,0,115,9,3548,1911,933
-24,-69,-213,98,24,122,-33,5,18,-5,38,-33,-11,12,111,9,3548,1911,933
-77,-40,-288,98,24,122,-96,32,11,5,39,-31,-13,32,101,9,3548,1911,933
-95,-22,-317,98,24,122,-121,46,9,-235,1250,-1266,-13,32,101,9,3548,1911,933
-111,-10,-337,98,24,122,-140,57,8,-235,1250,-1266,9,-24,107,9,3548,1911,933
-135,-2,-351,98,24,122,-158,68,11,12,-26,-32,6,-23,105,9,3548,1911,933
-140,1,-355,98,24,122,-154,68,14,14,-28,-31,2,-21,101,9,3548,1911,933
-138,8,-359,98,24,122,-143,65,17,15,-29,-31,-2,-17,100,9,3548,1911,933
-130,16,-360,98,24,122,-127,61,21,13,-30,-32,-7,-12,100,9,3548,1911,933
-118,30,-353,98,24,122,-94,55,29,4,-28,-32,-13,-1,101,9,3548,1911,933
-120,36,-347,98,24,122,-78,53,30,-5,-26,-32,-13,4,103,9,3548,1911,933
-120,36,-347,98,24,122,-65,51,28,-16,-25,-33,-15,7,106,9,3548,1911,933
-52,-13,234,98,24,122,-54,48,23,-27,-23,-35,-17,11,107,9,3548,1911,933
-45,11,228,98,24,122,30,-6,30,-38,-19,-36,-12,8,114,9,3548,1911,933
-42,31,210,98,24,122,35,-7,32,-37,-17,-35,-7,2,116,9,3548,1911,933
-43,47,191,98,24,122,40,-6,36,-33,-13,-34,-4,-1,115,9,3548,1911,933
-45,54,179,98,24,122,41,-4,39,-27,-8,-33,-4,-3,113,9,3548,1911,933
-48,61,194,98,24,122,38,-11,36,-12,5,-33,-8,0,104,9,3548,1911,933
-42,69,202,98,24,122,38,-18,32,-3,9,-32,-4,3,99,9,3548,1911,933
-27,84,203,98,24,122,38,-21,31,4,14,-32,0,5,97,9,3548,1911,933
1,111,191,98,24,122,38,-20,29,20,22,-31,9,12,102,9,3548,1911,933
2,112,187,98,24,122,35,-19,29,25,26,-31,10,15,105,9,3548,1911,933
-3,109,191,98,24,122,31,-20,28,29,31,-31,10,15,104,9,3548,1911,933
-7,101,199,98,24,122,29,-20,28,31,34,-31,9,16,104,9,3548,1911,933
-8,78,216,98,24,122,24,-23,26,32,36,-31,7,17,102,9,3548,1911,933
-7,63,222,98,24,122,23,-25,26,30,34,-30,6,13,103,9,3548,1911,933
-7,51,223,98,24,122,23,-26,26,27,31,-30,5,10,104,9,3548,1911,933
-5,42,223,98,24,122,24,-27,27,24,29,-30,3,6,106,9,3548,1911,933
2,30,231,98,24,122,29,-25,28,18,25,-31,0,3,106,9,3548,1911,933
0,22,245,98,24,122,31,-22,29,13,24,-30,-1,2,107,9,3548,1911,933
-6,11,265,98,24,122,32,-19,31,8,22,-30,0,3,107,9,3548,1911,933
-18,-6,286,98,24,122,33,-17,32,8,22,-30,0,3,107,9,3548,1911,933
-34,-42,302,98,24,122,34,-14,32,-23,-6,-34,-5,-7,109,9,3548,1911,933
-24,-47,292,98,24,122,34,-10,32,-20,1,-34,-4,-9,108,9,3548,1911,933
0,-41,275,98,24,122,33,-8,32,-16,7,-33,-4,-10,107,9,3548,1911,933
36,-26,257,98,24,122,31,-7,32,-10,13,-32,-4,-10,106,9,3548,1911,933
120,9,226,98,24,122,21,-7,28,0,25,-30,-2,-6,103,9,3548,1911,933
156,18,209,98,24,122,17,-7,27,3,28,-29,-2,-4,100,9,3567,1920,949
179,18,193,98,24,122,13,-5,27,8,30,-30,-3,-3,98,9,3567,1920,949
-33,-13,-289,98,24,122,2,0,27,11,33,-30,-5,-4,99,9,3567,1920,949
-40,-10,-295,98,24,122,2,0,27,12,34,-30,-5,-6,102,9,3567,1920,949
-46,-4,-300,98,24,122,0,-8,24,13,36,-30,-5,-6,103,9,3567,1920,949
-53,4,-305,98,24,122,2,-12,23,15,37,-31,-4,-4,106,9,3567,1920,949
-56,25,-318,98,24,122,8,-17,24,22,41,-30,-1,2,105,9,3567,1920,949
-54,37,-325,98,24,122,11,-18,25,26,42,-30,-1,5,104,9,3567,1920,949
-50,50,-329,98,24,122,13,-17,25,27,41,-30,0,8,101,9,3567,1920,949
-45,62,-330,98,24,122,14,-16,25,27,40,-30,2,9,100,9,3567,1920,949
-28,78,-320,98,24,122,14,-10,26,20,33,-28,6,12,99,9,3567,1920,949
-23,81,-308,98,24,122,12,-7,28,14,28,-29,7,10,99,9,3567,1920,949
-21,77,-292,98,24,122,11,-6,28,7,21,-30,7,8,99,9,3567,1920,949
-22,67,-271,98,24,122,8,-4,29,0,16,-31,7,3,99,9,3567,1920,949
-33,32,-202,98,24,122,9,0,30,-11,7,-33,6,-4,101,9,3567,1920,949
-45,9,-153,98,24,122,10,4,30,-15,5,-32,7,-7,100,9,3567,1920,949
-64,-19,-100,98,24,122,9,7,31,-16,3,-32,8,-10,99,9,3567,1920,949
-126,-75,5,98,24,122,8,12,33,-14,1,-33,10,-14,93,9,3567,1920,949
-162,-96,48,98,24,122,6,12,33,-13,0,-32,11,-16,92,9,3567,1920,949
-194,-115,71,98,24,122,4,12,32,-11,-1,-33,10,-19,93,9,3567,1920,949
-219,-126,78,98,24,122,0,11,32,-9,-5,-34,10,-22,95,9,3567,1920,949
-212,-91,31,98,24,122,-4,5,29,-8,-8,-33,9,-24,97,9,3567,1920,949
-185,-59,-21,98,24,122,-5,1,28,0,7,-32,-1,3,105,9,3567,1920,949
-146,-34,-74,98,24,122,-6,-2,27,4,7,-32,-2,3,106,9,3567,1920,949
-96,-21,-105,98,24,122,-5,-6,26,7,7,-32,0,4,106,9,3567,1920,949
13,9,-101,98,24,122,-2,-10,25,12,8,-32,0,2,104,9,3567,1920,949
57,31,-84,98,24,122,-2,-13,25,12,8,-32,1,3,104,9,3567,1920,949
78,46,-62,98,24,122,-1,-15,24,11,8,-32,2,4,103,9,3567,1920,949
77,52,-32,98,24,122,-1,-15,25,10,7,-33,2,4,103,9,3567,1920,949
34,41,230,98,24,122,1,-16,25,5,4,-33,0,2,101,9,3567,1920,949
30,39,240,98,24,122,4,-15,25,2,3,-32,2,0,102,9,3567,1920,949
22,34,240,98,24,122,4,-15,25,0,2,-31,2,-1,104,9,3567,1920,949
14,16,230,98,24,122,-10,7,26,-2,2,-32,1,-1,106,9,3567,1920,949
17,10,230,98,24,122,-12,9,26,-4,2,-32,0,0,104,9,3567,1920,949
21,4,235,98,24,122,-13,10,27,-7,2,-32,0,0,103,9,3567,1920,949
25,0,244,98,24,122,-15,9,27,-9,1,-31,0,0,101,9,3567,1920,949
41,-14,240,98,24,122,-17,10,28,-12,0,-32,1,3,103,9,3567,1920,949
50,-27,214,98,24,122,-19,10,28,-10,-2,-32,1,5,103,9,3567,1920,949
60,-37,184,98,24,122,-18,9,27,-10,-3,-33,0,7,101,9,3567,1920,949
70,-46,157,98,24,122,-17,10,27,-8,-4,-33,5,5,99,9,3567,1920,949
92,-64,103,98,24,122,-13,9,27,-3,-5,-33,2,4,102,9,3567,1920,949
104,-68,73,98,24,122,-12,9,26,-1,-5,-33,-1,5,105,9,3567,1920,949
113,-72,44,98,24,122,-11,9,27,0,-5,-33,-5,5,106,9,3567,1920,949
122,-73,16,98,24,122,-10,11,27,0,-5,-33,-5,5,108,9,3567,1920,949
125,-73,-29,98,24,122,-10,11,27,0,-2,-32,-1,8,111,9,3567,1920,949
119,-73,-48,98,24,122,-10,12,28,0,-2,-32,0,9,111,9,3567,1920,949
109,-72,-66,98,24,122,-9,13,29,-1,0,-32,2,10,110,9,3567,1920,949
84,-72,-99,98,24,122,-7,14,31,-2,3,-31,4,7,104,9,3567,1920,949
70,-73,-116,98,24,122,-5,13,31,0,6,-31,6,4,101,9,3567,1920,949
58,-73,-135,98,24,122,-4,12,31,0,6,-31,6,4,101,9,3567,1920,949
45,-70,-154,98,24,122,-4,11,30,-15,1,-33,4,-12,99,9,3567,1920,949
23,-58,-189,98,24,122,-3,7,29,-10,-1,-32,2,-13,105,9,3567,1920,949
12,-50,-203,98,24,122,-3,6,28,-7,-4,-32,0,-11,108,9,3567,1920,949
0,-43,-217,98,24,122,-6,6,27,-4,-7,-31,-1,-10,105,9,3567,1920,949
-13,-40,-225,98,24,122,-9,5,27,0,-10,-31,0,-12,103,9,3567,1920,949
-37,-41,-241,98,24,122,-8,1,26,5,-19,-32,-2,-11,101,9,3567,1920,949
-46,-40,-249,98,24,122,-8,0,26,6,-22,-31,-2,-10,99,9,3567,1920,949
-46,-40,-249,98,24,122,-8,-2,25,8,-25,-32,-1,-6,99,9,3567,1920,949
-19,11,25,98,24,122,-8,-5,26,8,-28,-33,0,-4,101,9,3567,1920,949
-26,9,78,98,24,122,12,-20,25,7,-30,-33,1,-2,105,9,3567,1920,949
-31,9,91,98,24,122,13,-19,25,5,-30,-32,0,1,106,9,3567,1920,949
-36,10,97,98,24,122,13,-18,26,3,-30,-32,-2,3,104,9,3567,1920,949
-39,11,96,98,24,122,14,-16,25,1,-30,-33,-4,3,102,9,3567,1920,949
-35,9,91,98,24,122,14,-16,25,-3,-29,-34,1,5,105,9,3567,1920,949
-29,11,89,98,24,122,14,-16,24,-5,-27,-34,2,6,106,9,3567,1920,949
-20,18,85,98,24,122,13,-17,25,-6,-25,-34,2,6,111,9,3567,1920,949
-10,30,77,98,24,122,14,-16,27,-6,-19,-33,-1,10,115,9,3567,1920,949
-6,32,76,98,24,122,15,-16,26,-5,-15,-33,-2,15,114,9,3567,1920,949
-1,35,80,98,24,122,16,-15,26,-4,-12,-32,-3,15,110,9,3567,1920,949
0,36,89,98,24,122,17,-15,27,-3,-9,-33,-3,13,105,9,3567,1920,949
-1,34,116,98,24,122,17,-15,26,0,-5,-32,0,6,104,9,3567,1920,949
-5,30,130,98,24,122,16,-14,26,0,-2,-33,0,6,103,9,3567,1920,949
-7,27,141,98,24,122,15,-13,26,3,-1,-32,1,7,105,9,3567,1920,949
-5,22,149,98,24,122,16,-11,26,4,0,-32,3,7,107,9,3567,1920,949
9,16,171,98,24,122,17,-8,28,4,0,-33,1,7,102,9,3567,1920,949
20,20,184,98,24,122,19,-6,30,3,0,-33,2,4,100,9,3567,1920,949
31,28,195,98,24,122,21,-4,31,2,0,-33,6,0,100,9,3567,1920,949
39,37,207,98,24,122,23,-2,31,2,0,-33,6,0,100,9,3567,1920,949
47,53,227,98,24,122,23,2,31,-6,9,-31,-12,17,105,9,3567,1920,949
49,57,236,98,24,122,20,4,31,-5,12,-31,-13,18,104,9,3558,1911,965
53,58,245,98,24,122,16,5,30,-6,16,-31,-14,18,105,9,3558,1911,965
55,50,290,98,24,122,9,4,30,-8,23,-31,-10,15,106,9,3558,1911,965
43,35,327,98,24,122,5,5,30,-7,25,-32,-7,13,107,9,3558,1911,965
29,15,361,98,24,122,1,5,28,-5,26,-32,-5,11,107,9,3558,1911,965
17,-3,379,98,24,122,-2,5,27,-4,26,-31,-3,10,107,9,3558,1911,965
-16,17,-323,98,24,122,-9,5,26,0,25,-31,0,4,102,9,3558,1911,965
-34,16,-324,98,24,122,-9,5,26,4,25,-31,0,2,101,9,3558,1911,965
-51,16,-323,98,24,122,4,16,32,8,26,-30,0,0,99,9,3558,1911,965
-65,14,-321,98,24,122,1,13,30,12,27,-30,1,-1,99,9,3558,1911,965
-69,14,-312,98,24,122,-3,7,27,15,27,-31,2,-2,100,9,3558,1911,965
-65,17,-303,98,24,122,-6,3,28,15,28,-32,3,-3,100,9,3558,1911,965
-60,21,-288,98,24,122,-9,1,26,15,27,-31,3,-4,101,9,3558,1911,965
-58,26,-265,98,24,122,-10,0,26,15,28,-31,3,-5,102,9,3558,1911,965
-58,31,-205,98,24,122,-11,1,26,14,26,-30,6,-8,102,9,3558,1911,965
-60,26,-171,98,24,122,-10,1,26,11,25,-30,8,-8,101,9,3558,1911,965
-64,17,-140,98,24,122,-10,2,26,8,23,-31,11,-7,100,9,3558,1911,965
-89,-10,-84,98,24,122,-7,4,27,0,19,-32,16,-5,100,9,3558,1911,965
-108,-23,-70,98,24,122,-6,4,27,0,17,-32,18,-3,101,9,3558,1911,965
-124,-34,-65,98,24,122,-5,2,27,-1,14,-32,18,-4,101,9,3558,1911,965
-132,-40,-69,98,24,122,-3,0,27,-2,11,-32,15,-4,102,9,3558,1911,965
-119,-30,-104,98,24,122,0,-2,26,-2,5,-31,13,-2,100,9,3558,1911,965
-97,-16,-125,98,24,122,1,-2,26,-1,3,-31,11,-3,102,9,3558,1911,965
-70,-1,-140,98,24,122,2,-4,27,0,1,-33,12,0,101,9,3558,1911,965
-43,9,-146,98,24,122,3,-6,27,0,0,-32,8,2,102,9,3558,1911,965
-8,18,-129,98,24,122,5,-10,26,3,0,-33,5,11,105,9,3558,1911,965
0,17,-106,98,24,122,6,-11,26,-7,-45,-33,5,12,105,9,3558,1911,965
3,17,-79,98,24,122,6,-11,26,-7,-49,-33,3,13,104,9,3558,1911,965
3,18,-47,98,24,122,7,-12,26,-5,-51,-33,0,12,103,9,3558,1911,965
-8,14,5,98,24,122,9,-13,26,-5,-52,-34,0,8,102,9,3558,1911,965
-19,9,26,98,24,122,10,-15,26,-4,-52,-34,1,5,102,9,3558,1911,965
-29,2,46,98,24,122,12,-16,26,-5,-50,-34,2,3,104,9,3558,1911,965
-35,-2,73,98,24,122,16,-19,26,-5,-44,-33,7,0,106,9,3558,1911,965
-35,-2,73,98,24,122,18,-20,25,-4,-40,-33,9,-1,106,9,3558,1911,965
1,1,279,98,24,122,22,-21,26,-2,-35,-32,11,-3,105,9,3558,1911,965
-1,-6,285,98,24,122,22,-21,26,0,-29,-32,11,-5,104,9,3558,1911,965
4,-16,289,98,24,122,16,-10,27,2,-16,-32,12,-6,104,9,3558,1911,965
10,-16,295,98,24,122,14,-11,27,3,-11,-31,13,-4,102,9,3558,1911,965
19,-20,296,98,24,122,10,-10,26,4,-5,-32,15,-3,101,9,3558,1911,965
28,-32,281,98,24,122,7,-10,26,4,0,-32,16,-1,101,9,3558,1911,965
45,-57,230,98,24,122,2,-8,26,5,6,-32,17,0,99,9,3558,1911,965
54,-64,206,98,24,122,0,-5,25,7,10,-31,17,0,98,9,3558,1911,965
65,-69,183,98,24,122,-2,-4,25,8,13,-31,13,0,97,9,3558,1911,965
80,-68,162,98,24,122,-4,-2,26,9,16,-31,11,1,96,9,3558,1911,965
109,-65,127,98,24,122,-5,4,27,11,20,-30,8,4,101,9,3558,1911,965
116,-64,111,98,24,122,-6,9,28,9,21,-31,3,7,100,9,3558,1911,965
119,-64,97,98,24,122,-8,13,29,7,23,-31,3,10,100,9,3558,1911,965
104,-67,74,98,24,122,-12,21,29,3,25,-31,10,2,107,9,3558,1911,965
93,-69,64,98,24,122,-15,23,29,3,25,-31,9,1,109,9,3558,1911,965
83,-75,50,98,24,122,-19,25,29,5,25,-31,5,1,108,9,3558,1911,965
71,-84,32,98,24,122,-24,24,29,5,24,-31,1,0,105,9,3558,1911,965
50,-95,-8,98,24,122,-31,20,29,1,22,-31,-9,-6,103,9,3558,1911,965
37,-93,-29,98,24,122,-33,19,28,0,23,-31,-9,-6,103,9,3558,1911,965
23,-87,-51,98,24,122,-33,17,27,0,23,-31,11,-5,102,9,3558,1911,965
13,-79,-73,98,24,122,-32,15,26,7,17,-31,10,-10,104,9,3558,1911,965
3,-57,-120,98,24,122,-28,10,25,-1,13,-31,8,-15,108,9,3558,1911,965
0,-45,-143,98,24,122,-24,9,26,-4,12,-31,9,-15,108,9,3558,1911,965
-5,-33,-166,98,24,122,-19,7,26,-5,10,-32,12,-15,106,9,3558,1911,965
-15,-24,-184,98,24,122,-15,4,26,-5,7,-31,11,-15,106,9,3558,1911,965
-47,-10,-207,98,24,122,-10,-1,26,-2,-1,-32,5,-13,102,9,3558,1911,965
-63,-5,-215,98,24,122,-9,-2,25,-1,-5,-31,4,-14,98,9,3558,1911,965
-63,-5,-215,98,24,122,-7,-3,25,-1,-11,-31,3,-13,95,9,3558,1911,965
-8,19,-109,98,24,122,-7,-1,26,0,-17,-31,2,-12,93,9,3558,1911,965
-9,20,-51,98,24,122,7,-15,26,0,-28,-33,2,-11,93,9,3558,1911,965
-14,15,-26,98,24,122,6,-17,25,0,-32,-32,0,-10,96,9,3558,1911,965
-20,9,-7,98,24,122,6,-17,24,-1,-36,-32,-1,-7,98,9,3558,1911,965
-24,8,14,98,24,122,8,-18,24,-4,-42,-32,-4,-2,106,9,3558,1911,965
-20,18,24,98,24,122,10,-17,25,-5,-44,-33,-3,1,109,9,3558,1911,965
-18,27,36,98,24,122,12,-16,25,-6,-45,-33,-3,6,110,9,3558,1911,965
-18,32,51,98,24,122,15,-16,26,-6,-44,-34,-7,8,112,9,3558,1911,965
-7,49,83,98,24,122,22,-18,26,-4,-39,-34,-9,12,115,9,3558,1911,965
5,59,96,98,24,122,25,-22,27,-3,-35,-34,-7,13,119,9,3558,1911,965
16,66,111,98,24,122,27,-25,26,-1,-32,-34,-5,15,119,9,3558,1911,965
22,69,127,98,24,122,29,-26,26,0,-29,-34,-3,15,120,9,3558,1911,965
12,62,155,98,24,122,33,-30,27,1,-21,-33,-1,17,114,9,3558,1911,965
8,54,163,98,24,122,35,-30,28,2,-17,-33,0,14,112,9,3558,1911,965
10,47,169,98,24,122,39,-30,28,3,-14,-33,0,11,112,9,3558,1911,965
17,41,175,98,24,122,43,-30,29,4,-12,-33,0,15,107,9,3558,1911,965
34,36,182,98,24,122,47,-26,30,6,-11,-32,0,6,96,9,3558,1911,965
45,38,184,98,24,122,47,-25,30,5,-11,-32,-1,2,93,9,3558,1915,981
59,42,190,98,24,122,45,-23,31,3,-13,-32,-1,2,93,9,3558,1915,981
85,52,219,98,24,122,38,-17,30,-7,25,-31,-6,6,108,9,3558,1915,981
90,56,240,98,24,122,34,-14,30,-11,25,-32,-7,3,108,9,3558,1915,981
89,56,260,98,24,122,28,-10,30,-13,25,-32,-8,0,108,9,3558,1915,981
85,53,276,98,24,122,23,-6,29,-14,24,-31,-9,-2,106,9,3558,1915,981
63,33,302,98,24,122,13,0,29,-14,21,-32,-10,-5,103,9,3558,1915,981
45,19,318,98,24,122,8,3,28,-13,20,-32,-11,-5,103,9,3558,1915,981
28,12,331,98,24,122,2,6,27,-11,20,-32,-12,-5,104,9,3558,1915,981
24,13,330,98,24,122,-2,7,27,-7,21,-32,-12,-4,106,9,3558,1915,981
23,-40,-209,98,24,122,-13,11,27,-1,22,-31,-9,0,110,9,3558,1915,981
8,-32,-232,98,24,122,-13,11,27,1,21,-32,-7,2,110,9,3558,1915,981
-7,-26,-252,98,24,122,1,4,27,4,20,-32,-6,5,108,9,3558,1915,981
-22,-21,-272,98,24,122,2,2,27,4,19,-32,-4,6,106,9,3558,1915,981
-53,-10,-307,98,24,122,2,-2,27,4,15,-31,-4,5,103,9,3558,1915,981
-66,-4,-316,98,24,122,2,-4,27,3,13,-31,-8,1,104,9,3558,1915,981
-76,3,-317,98,24,122,3,-7,26,3,12,-32,-7,2,104,9,3558,1915,981
-78,24,-296,98,24,122,5,-8,27,4,12,-33,-3,6,106,9,3558,1915,981
-73,34,-275,98,24,122,7,-6,27,3,13,-32,-1,6,106,9,3558,1915,981
-72,40,-247,98,24,122,7,-3,28,4,13,-32,1,8,104,9,3558,1915,981
-77,38,-215,98,24,122,7,0,28,4,13,-32,4,9,102,9,3558,1915,981
-107,15,-150,98,24,122,5,3,29,2,13,-32,8,6,100,9,3558,1915,981
-126,1,-124,98,24,122,4,6,30,0,11,-31,10,4,100,9,3558,1915,981
-147,-9,-106,98,24,122,3,8,30,0,9,-31,12,1,99,9,3558,1915,981
-167,-17,-97,98,24,122,1,9,30,-1,8,-31,15,-4,98,9,3558,1915,981
-188,-27,-104,98,24,122,-2,10,30,-3,6,-32,14,-7,95,9,3558,1915,981
-183,-25,-120,98,24,122,-2,9,30,-2,5,-32,16,-10,97,9,3558,1915,981
-169,-19,-139,98,24,122,-1,8,29,0,5,-32,15,-11,100,9,3558,1915,981
-147,-10,-157,98,24,122,0,6,28,1,5,-32,15,-10,104,9,3558,1915,981
-80,8,-185,98,24,122,1,2,28,-6,-8,-33,-13,11,108,9,3558,1915,981
-48,15,-187,98,24,122,1,0,27,-4,-5,-33,-10,10,107,9,3558,1915,981
-26,15,-176,98,24,122,1,0,27,-1,-2,-33,-5,7,106,9,3558,1915,981
-17,8,-113,98,24,122,0,-4,26,4,-1,-33,1,6,105,9,3558,1915,981
-16,3,-74,98,24,122,0,-6,26,6,-1,-32,4,4,103,9,3558,1915,981
-14,2,-43,98,24,122,0,-8,25,8,-1,-32,6,1,104,9,3558,1915,981
-9,2,-18,98,24,122,-1,-11,24,8,-2,-32,7,1,103,9,3558,1915,981
-11,-3,16,98,24,122,0,-16,24,7,-5,-32,12,-1,102,9,3558,1915,981
-11,-3,16,98,24,122,1,-19,23,6,-7,-32,12,-2,102,9,3558,1915,981
64,36,285,98,24,122,3,-19,23,6,-9,-33,12,-1,103,9,3558,1915,981
56,26,299,98,24,122,3,-19,23,5,-10,-33,12,0,102,9,3558,1915,981
44,8,317,98,24,122,-9,4,27,3,-12,-33,15,-3,98,9,3558,1915,981
39,0,318,98,24,122,-13,6,26,2,-11,-33,16,-3,97,9,3558,1915,981
40,-5,321,98,24,122,-18,7,25,2,-9,-33,16,-3,97,9,3558,1915,981
42,-19,311,98,24,122,-21,8,25,2,-8,-33,15,-4,97,9,3558,1915,981
44,-49,248,98,24,122,-28,11,26,3,-5,-33,12,-3,101,9,3558,1915,981
42,-52,211,98,24,122,-29,13,26,3,-3,-32,10,-1,102,9,3558,1915,981
41,-53,178,98,24,122,-30,15,26,2,-2,-33,9,0,102,9,3558,1915,981
52,-56,125,98,24,122,-29,22,28,-2,-2,-33,4,6,102,9,3558,1915,981
67,-56,108,98,24,122,-26,25,28,-4,-1,-32,1,10,103,9,3558,1915,981
81,-55,95,98,24,122,-23,26,28,-6,0,-32,1,11,103,9,3558,1915,981
89,-52,86,98,24,122,-19,26,29,-7,1,-32,2,8,105,9,3558,1915,981
92,-45,65,98,24,122,-13,21,28,-6,7,-32,0,0,109,9,3558,1915,981
91,-46,54,98,24,122,-10,17,28,-5,10,-33,0,-2,109,9,3558,1915,981
87,-51,44,98,24,122,-9,13,27,-4,12,-33,-3,-5,108,9,3558,1915,981
79,-58,41,98,24,122,-9,10,27,-4,16,-33,-4,-7,107,9,3558,1915,981
42,-76,53,98,24,122,-8,6,27,-2,21,-31,-5,-10,101,9,3558,1915,981
18,-83,55,98,24,122,-8,3,26,-2,24,-31,-5,-10,101,9,3558,1915,981
-1,-89,45,98,24,122,-7,0,26,-2,24,-31,8,-31,95,9,3558,1915,981
-12,-91,28,98,24,122,-6,-6,24,-5,0,-31,5,-36,95,9,3558,1915,981
-14,-79,-15,98,24,122,-4,-14,22,-8,0,-31,6,-38,96,9,3558,1915,981
-10,-73,-33,98,24,122,-4,-16,22,-8,0,-31,10,-34,97,9,3558,1915,981
-8,-70,-52,98,24,122,-3,-15,22,-7,0,-32,11,-29,99,9,3558,1915,981
-11,-71,-73,98,24,122,-3,-14,22,-5,0,-32,11,-23,101,9,3558,1915,981
-27,-70,-123,98,24,122,-2,-10,24,3,-2,-33,8,-10,104,9,3558,1915,981
-40,-66,-152,98,24,122,-2,-7,25,7,-3,-32,6,-6,105,9,3558,1915,981
-40,-66,-152,98,24,122,-1,-2,26,11,-6,-33,6,-1,105,9,3558,1915,981
-16,23,-86,98,24,122,-2,1,27,16,-12,-33,3,5,106,9,3558,1915,981
-11,22,-55,98,24,122,-2,-20,22,17,-13,-32,1,6,105,9,3558,1915,981
-10,18,-22,98,24,122,-1,-20,23,17,-15,-33,1,9,104,9,3558,1915,981
-13,16,8,98,24,122,0,-19,24,14,-16,-33,0,11,104,9,3558,1915,981
-25,18,60,98,24,122,1,-19,26,8,-13,-34,-1,16,104,9,3558,1915,981
-29,23,72,98,24,122,2,-18,25,7,-10,-34,-4,20,106,9,3558,1915,981
-28,29,75,98,24,122,3,-19,26,6,-5,-32,-7,22,109,9,3558,1915,981
-24,33,69,98,24,122,4,-19,26,4,-1,-32,-12,23,112,9,3558,1915,981
-7,39,61,98,24,122,8,-18,25,-3,3,-31,-16,21,112,9,3558,1915,981
0,39,60,98,24,122,11,-18,25,-7,5,-32,-17,18,112,9,3558,1915,981
5,40,62,98,24,122,15,-17,26,-10,7,-32,-19,14,112,9,3558,1915,981
13,41,67,98,24,122,19,-16,27,-13,9,-31,-20,11,112,9,3558,1915,981
30,33,89,98,24,122,30,-17,29,-15,14,-32,-22,6,109,9,3558,1915,981
38,30,103,98,24,122,34,-17,30,-15,15,-32,-20,4,108,9,3558,1915,997
43,26,114,98,24,122,37,-16,31,-15,16,-33,-16,2,107,9,3558,1915,997
43,24,130,98,24,122,40,-12,31,-10,13,-34,-10,-3,103,9,3558,1915,997
40,17,134,98,24,122,40,-10,32,-8,10,-35,-6,-3,101,9,3558,1915,997
40,10,138,98,24,122,37,-7,33,-5,6,-33,-4,0,98,9,3558,1915,997
46,8,145,98,24,122,34,-4,33,-84,-1179,-3309,-4,0,98,9,3558,1915,997
68,15,169,98,24,122,24,1,31,2,21,-32,-2,11,114,9,3558,1915,997
77,19,183,98,24,122,18,3,30,2,24,-32,-3,11,114,9,3558,1915,997
77,22,198,98,24,122,11,5,30,1,26,-32,-4,11,114,9,3558,1915,997
72,25,213,98,24,122,4,6,29,1,28,-32,-4,9,112,9,3558,1915,997
51,23,237,98,24,122,-5,7,27,0,29,-31,-3,8,108,9,3558,1915,997
38,19,244,98,24,122,-10,8,26,0,28,-31,-1,8,106,9,3558,1915,997
33,18,247,98,24,122,-13,7,27,0,26,-31,0,9,105,9,3558,1915,997
139,617,655,98,24,122,-16,6,26,0,23,-31,-1,9,102,9,3558,1915,997
139,617,655,98,24,122,-18,5,26,-2,13,-31,-4,1,101,9,3558,1915,997
59,-48,-108,98,24,122,-18,5,26,-5,7,-31,-5,-1,100,9,3558,1915,997
53,-42,-121,98,24,122,-18,5,26,-6,2,-32,-6,-3,99,9,3558,1915,997
38,-37,-151,98,24,122,-2,10,30,-7,-7,-32,-6,-5,99,9,3558,1915,997
30,-33,-170,98,24,122,-4,9,30,-5,-9,-31,-5,-6,99,9,3558,1915,997
20,-29,-189,98,24,122,-6,8,29,-3,-11,-30,-7,-8,100,9,3558,1915,997
5,-25,-208,98,24,122,-8,7,28,-2,-12,-31,-9,-8,101,9,3558,1915,997
-31,-18,-250,98,24,122,-9,6,29,-1,-12,-32,-10,-6,102,9,3558,1915,997
-49,-18,-267,98,24,122,-9,9,27,-1,-12,-32,-10,-6,102,9,3558,1915,997
-70,-24,-281,98,24,122,-9,10,27,-2,-12,-32,-9,-5,103,9,3558,1915,997
-91,-31,-291,98,24,122,-9,11,27,-3,-12,-31,-7,-5,104,9,3558,1915,997
-107,-16,-290,98,24,122,-9,12,27,-6,-10,-30,-2,-8,102,9,3558,1915,997
-95,11,-271,98,24,122,-7,13,28,-7,-8,-31,-1,-10,103,9,3558,1915,997
-82,41,-244,98,24,122,-6,14,29,-7,-6,-32,0,-14,105,9,3558,1915,997
-80,57,-212,98,24,122,-6,14,29,-8,-3,-32,0,-16,104,9,3558,1915,997
-103,52,-138,98,24,122,-9,13,28,-9,3,-33,0,-18,101,9,3558,1915,997
-112,50,-106,98,24,122,-12,12,27,-10,7,-33,0,-19,99,9,3558,1915,997
-117,50,-87,98,24,122,-14,12,27,-10,11,-33,0,-20,97,9,3558,1915,997
-129,40,-119,98,24,122,-17,9,27,3964,240,-3227,0,-18,98,9,3558,1915,997
-136,39,-163,98,24,122,-17,7,27,3964,240,-3227,-15,8,120,9,3558,1915,997
-137,46,-213,98,24,122,-16,6,28,-19,-13,-32,-18,3,119,9,3558,1915,997
-131,56,-255,98,24,122,-12,6,28,-17,-13,-32,-16,1,113,9,3558,1915,997
-95,58,-268,98,24,122,-4,6,29,-13,-9,-33,-14,0,107,9,3558,1915,997
-71,44,-242,98,24,122,0,6,29,-12,-6,-33,-12,0,105,9,3558,1915,997
-48,29,-206,98,24,122,1,7,30,-10,-4,-34,-9,2,102,9,3558,1915,997
-28,18,-168,98,24,122,1,7,29,-8,-3,-34,-9,3,100,9,3558,1915,997
-8,12,-106,98,24,122,-2,7,28,-3,-2,-34,-4,1,102,9,3558,1915,997
-4,15,-81,98,24,122,-5,5,27,0,-2,-34,-5,1,104,9,3558,1915,997
-4,15,-81,98,24,122,-7,3,27,1,-3,-33,-5,0,100,9,3558,1915,997
71,48,213,98,24,122,-7,3,27,2,-4,-32,-4,-3,102,9,3558,1915,997
93,57,228,98,24,122,35,-21,27,6,-3,-31,-3,-3,108,9,3558,1915,997
100,62,237,98,24,122,31,-18,26,8,-2,-31,-2,-2,109,9,3558,1915,997
101,66,248,98,24,122,26,-16,26,8,-2,-32,-1,0,108,9,3558,1915,997
96,60,274,98,24,122,19,-9,27,3,-5,-33,4,4,105,9,3558,1915,997
89,51,287,98,24,122,15,-6,28,1,-8,-33,5,4,104,9,3558,1915,997
81,42,292,98,24,122,12,-3,27,0,-11,-34,8,0,103,9,3558,1915,997
73,30,292,98,24,122,8,0,28,-1,-13,-34,10,-3,102,9,3558,1915,997
57,4,286,98,24,122,0,8,29,0,-15,-33,11,-11,98,9,3558,1915,997
53,0,285,98,24,122,-6,11,29,1,-15,-33,11,-13,97,9,3558,1915,997
50,-1,285,98,24,122,-13,14,28,2,-14,-32,10,-14,97,9,3558,1915,997
50,-2,289,98,24,122,-18,16,28,3,-13,-31,9,-13,98,9,3558,1915,997
61,0,293,98,24,122,-28,17,28,5,-10,-32,8,-7,99,9,3558,1915,997
70,1,287,98,24,122,-32,18,27,4,-9,-32,8,-4,98,9,3558,1915,997
77,-1,265,98,24,122,-35,19,27,3,-8,-32,6,-1,99,9,3558,1915,997
79,-7,239,98,24,122,-37,18,26,0,-8,-31,4,1,101,9,3558,1915,997
75,-16,193,98,24,122,-33,21,27,-2,-5,-30,-860,1214,-849,9,3558,1915,997
77,-21,167,98,24,122,-29,22,29,-2,-5,-30,-860,1214,-849,9,3558,1915,997
80,-27,139,98,24,122,-26,23,29,-6,7,-31,7,-8,98,9,3558,1915,997
85,-32,116,98,24,122,-25,23,29,-2,9,-32,9,-18,90,9,3558,1915,997
88,-65,96,98,24,122,-24,19,28,4,12,-31,10,-33,85,9,3558,1915,997
88,-94,92,98,24,122,-24,16,29,7,14,-31,7,-36,87,9,3558,1915,997
90,-131,86,98,24,122,-24,11,28,11,15,-31,7,-37,87,9,3558,1915,997
69,-198,65,98,24,122,-26,2,25,15,17,-31,13,-41,92,9,3558,1915,997
41,-229,41,98,24,122,-28,0,24,16,16,-31,13,-39,94,9,3558,1915,997
10,-246,-2,98,24,122,-29,-3,22,16,14,-30,15,-36,97,9,3558,1915,997
-15,-241,-60,98,24,122,-29,-5,22,15,11,-30,16,-32,99,9,3558,1915,997
-142,26,-250,98,24,122,-24,-4,23,11,4,-30,15,-21,105,9,3558,1915,997
-117,16,-245,98,24,122,-21,-1,23,9,0,-30,16,-16,107,9,3558,1915,997
-91,8,-230,98,24,122,-21,-1,23,7,-4,-30,16,-8,109,9,3558,1915,997
-72,0,-203,98,24,122,16,-23,23,6,-9,-31,17,-1,110,9,3558,1915,997
-50,-13,-131,98,24,122,11,-20,24,6,-18,-33,19,9,107,9,3558,1915,997
-38,-13,-99,98,24,122,9,-19,24,7,-21,-33,18,12,107,9,3558,1915,997
-23,-9,-69,98,24,122,8,-19,24,8,-25,-32,15,13,106,9,3558,1915,997
-9,-2,-45,98,24,122,6,-19,24,8,-28,-32,11,14,105,9,3558,1915,997
-6,6,-5,98,24,122,5,-18,24,3,-30,-33,8,12,103,9,3558,1915,997
-12,5,17,98,24,122,7,-17,24,2,-31,-34,6,11,102,9,3548,1911,1013
-19,3,36,98,24,122,9,-17,25,0,-28,-34,3,9,103,9,3548,1911,1013
-36,10,62,98,24,122,16,-15,28,-2,-24,-34,0,10,106,9,3548,1911,1013
-42,16,65,98,24,122,20,-15,28,-3,-20,-33,-4,12,109,9,3548,1911,1013
-43,22,64,98,24,122,24,-17,28,-5,-16,-33,-7,13,110,9,3548,1911,1013
-37,28,60,98,24,122,26,-19,28,-6,-11,-33,-11,15,111,9,3548,1911,1013
-11,31,51,98,24,122,29,-26,28,-8,-4,-33,-18,12,114,9,3548,1911,1013
5,31,43,98,24,122,29,-29,27,-8,-1,-32,-20,11,113,9,3548,1911,1013
23,36,33,98,24,122,29,-31,27,-8,0,-32,-20,11,113,9,3548,1911,1013
43,50,24,98,24,122,28,-32,26,-8,0,-32,9,-4,106,9,3548,1911,1013
72,83,22,98,24,122,29,-32,26,12,-7,-32,8,0,106,9,3548,1911,1013
75,90,35,98,24,122,30,-30,26,9,-3,-32,8,2,105,9,3548,1911,1013
74,91,57,98,24,122,32,-27,26,7,0,-32,7,5,105,9,3548,1911,1013
73,87,84,98,24,122,33,-24,27,4,4,-32,6,7,106,9,3548,1911,1013
78,69,153,98,24,122,32,-18,28,0,9,-33,2,8,109,9,3548,1911,1013
78,55,191,98,24,122,31,-14,28,-3,11,-32,0,7,110,9,3548,1911,1013
71,43,230,98,24,122,29,-11,28,-5,13,-32,-1,6,112,9,3548,1911,1013
51,35,296,98,24,122,23,-4,29,-8,16,-32,-1,1,109,9,3548,1911,1013
51,35,296,98,24,122,20,0,30,-8,17,-33,-1,-2,105,9,3548,1911,1013
59,-111,75,98,24,122,17,3,30,-8,18,-33,-1,-5,103,9,3548,1911,1013
39,-111,71,98,24,122,12,6,31,-6,17,-33,0,-9,100,9,3548,1911,1013
14,-102,55,98,24,122,-14,0,26,-4,18,-32,2,-12,94,9,3548,1911,1013
9,-101,42,98,24,122,-14,-4,25,-2,19,-33,2,-11,93,9,3548,1911,1013
4,-102,26,98,24,122,-13,-8,24,-1,20,-32,2,-9,92,9,3548,1911,1013
1,-103,2,98,24,122,-11,-11,24,0,21,-33,0,-4,93,9,3548,1911,1013
5,-88,-67,98,24,122,-6,-15,22,3,21,-32,-5,6,98,9,3548,1911,1013
6,-74,-106,98,24,122,-5,-15,21,3,21,-33,-7,13,101,9,3548,1911,1013
5,-62,-138,98,24,122,-4,-13,21,2,20,-32,-9,18,104,9,3548,1911,1013
-4,-56,-164,98,24,122,-2,-10,22,0,18,-31,-10,21,107,9,3548,1911,1013
-44,-52,-209,98,24,122,1,-3,26,-2,12,-31,-9,25,114,9,3548,1911,1013
-61,-49,-230,98,24,122,2,1,27,-4,9,-32,-7,27,116,9,3548,1911,1013
-71,-40,-249,98,24,122,3,7,28,-5,6,-32,-7,26,117,9,3548,1911,1013
-59,-6,-270,98,24,122,3,17,30,-6,1,-33,-8,21,114,9,3548,1911,1013
-53,6,-276,98,24,122,4,21,32,-6,0,-33,-7,17,112,9,3548,1911,1013
-55,11,-284,98,24,122,5,24,33,-6,0,-32,-4,12,109,9,3548,1911,1013
-64,13,-290,98,24,122,5,25,33,-7,-1,-31,-1,7,107,9,3548,1911,1013
-85,18,-292,98,24,122,3,26,33,-8,-2,-31,-15,9,106,9,3548,1911,1013
-95,20,-284,98,24,122,2,25,33,-8,7,-32,-16,12,109,9,3548,1911,1013
-105,26,-275,98,24,122,0,22,33,-13,6,-33,-15,15,113,9,3548,1911,1013
-116,35,-264,98,24,122,-3,19,31,-19,4,-33,-14,15,113,9,3548,1911,1013
-145,51,-248,98,24,122,-6,13,30,-23,1,-35,-13,15,111,9,3548,1911,1013
-162,55,-244,98,24,122,-9,10,29,-21,0,-35,-15,15,109,9,3548,1911,1013
-176,52,-243,98,24,122,-11,7,28,-19,-1,-35,-16,16,104,9,3548,1911,1013
-184,45,-243,98,24,122,-12,4,27,-17,-2,-34,-14,14,102,9,3548,1911,1013
-170,34,-241,98,24,122,-15,0,26,-17,-7,-32,-7,6,104,9,3548,1911,1013
-148,33,-239,98,24,122,-14,0,26,-16,-10,-32,-3,3,107,9,3548,1911,1013
-148,33,-239,98,24,122,-13,-1,25,-12,-14,-32,-1,0,105,9,3548,1911,1013
19,74,212,98,24,122,-14,-3,24,-6,-16,-33,-1,-1,104,9,3548,1911,1013
4,65,235,98,24,122,3,-10,27,6,-13,-32,-3,0,101,9,3548,1911,1013
0,57,240,98,24,122,2,-10,27,11,-9,-30,-4,5,101,9,3548,1911,1013
5,52,241,98,24,122,2,-10,26,14,-4,-30,-3,8,101,9,3548,1911,1013
37,58,246,98,24,122,3,-10,27,15,1,-31,5,13,104,9,3548,1911,1013
52,58,251,98,24,122,6,-10,27,14,0,-33,8,12,104,9,3548,1911,1013
63,56,259,98,24,122,10,-10,28,14,-1,-34,9,10,105,9,3548,1911,1013
68,51,268,98,24,122,13,-11,28,13,-4,-33,9,8,106,9,3548,1911,1013
60,35,293,98,24,122,19,-11,29,11,-10,-32,6,6,107,9,3548,1911,1013
55,25,307,98,24,122,22,-10,30,8,-12,-31,5,4,107,9,3548,1911,1013
52,14,318,98,24,122,24,-10,30,5,-12,-32,4,2,107,9,3548,1911,1013
55,6,321,98,24,122,26,-10,30,1,-11,-32,4,1,107,9,3548,1911,1013
65,-1,297,98,24,122,24,-10,30,-2,-13,-34,5,-2,104,9,3548,1911,1013
67,-5,289,98,24,122,22,-10,30,-4,-15,-35,8,-2,101,9,3548,1911,1013
61,-11,285,98,24,122,20,-10,30,-5,-16,-34,10,-3,97,9,3548,1911,1013
54,-19,285,98,24,122,17,-10,29,-5,-18,-33,12,-5,95,9,3548,1911,1013
50,-28,271,98,24,122,10,-9,26,-6,-23,-32,12,-5,95,9,3548,1911,1013
52,-39,241,98,24,122,6,-8,27,-6,-23,-32,-7,0,109,9,3548,1911,1013
50,-50,208,98,24,122,1,-6,27,-3,18,-33,-6,3,110,9,3548,1911,1013
38,-78,163,98,24,122,-5,-2,27,1,14,-33,-7,5,116,9,3548,1911,1013
32,-95,152,98,24,122,-8,0,27,3,12,-33,-6,4,118,9,3548,1911,1013
34,-109,143,98,24,122,-12,3,26,5,11,-33,-5,3,118,9,3548,1911,1013
45,-119,129,98,24,122,-14,7,26,4,9,-33,-2,3,113,9,3548,1911,1013
76,-132,98,98,24,122,-18,12,27,0,5,-34,2,4,95,9,3548,1911,1013
72,-147,93,98,24,122,-19,14,27,-2,4,-34,3,2,88,9,3548,1911,1013
58,-168,82,98,24,122,-19,16,27,-4,4,-34,6,0,82,9,3548,1911,1013
46,-184,58,98,24,122,-18,16,28,-7,4,-33,6,0,83,9,3548,1911,1013
-188,92,-273,98,24,122,-18,15,28,-11,8,-33,4,-8,86,9,3548,1911,1013
-211,62,-231,98,24,122,-19,12,27,-11,13,-34,3,-13,89,9,3548,1911,1013
-225,29,-192,98,24,122,-19,12,27,-10,17,-33,5,-17,94,9,3548,1911,1013
-228,2,-161,98,24,122,-21,17,26,-10,22,-33,6,-16,98,9,3548,1911,1013
-205,-17,-115,98,24,122,-8,7,27,-7,27,-33,13,-12,101,9,3548,1911,1013
-187,-20,-101,98,24,122,-2,2,27,-3,29,-32,17,-8,102,9,3548,1911,1029
-167,-23,-90,98,24,122,3,-2,27,0,29,-32,17,-7,102,9,3548,1911,1029
-103,1,-78,98,24,122,12,-15,27,11,29,-32,12,-7,106,9,3548,1911,1029
-68,23,-83,98,24,122,15,-20,26,17,28,-32,10,-4,107,9,3548,1911,1029
-36,38,-92,98,24,122,18,-25,24,22,26,-32,7,-1,108,9,3548,1911,1029
-12,44,-95,98,24,122,19,-30,23,26,22,-32,6,0,108,9,3548,1911,1029
17,39,-56,98,24,122,22,-36,22,24,11,-31,5,2,108,9,3548,1911,1029
24,33,-23,98,24,122,24,-39,22,20,5,-31,5,4,105,9,3548,1911,1029
28,28,10,98,24,122,26,-40,23,17,-1,-32,3,6,104,9,3548,1911,1029
28,24,42,98,24,122,28,-39,24,14,-7,-32,3,9,103,9,3548,1911,1029
22,18,93,98,24,122,30,-34,26,9,-17,-32,0,9,103,9,3548,1911,1029
21,16,107,98,24,122,31,-31,27,5,-21,-33,-1,6,105,9,3548,1911,1029
21,14,113,98,24,122,31,-28,28,3,-24,-34,-1,6,105,9,3548,1911,1029
20,13,112,98,24,122,33,-26,28,3,-24,-34,6,5,102,9,3548,1911,1029
16,13,108,98,24,122,36,-24,30,-8,-2,-34,15,7,100,9,3548,1911,1029
13,11,110,98,24,122,38,-22,31,-6,0,-34,18,4,97,9,3548,1911,1029
13,10,111,98,24,122,39,-20,31,-2,2,-34,24,2,93,9,3548,1911,1029
30,15,109,98,24,122,38,-19,31,6,3,-33,24,-1,83,9,3548,1911,1029
46,23,109,98,24,122,37,-18,31,10,3,-33,26,-4,83,9,3548,1911,1029
60,34,114,98,24,122,35,-17,31,13,2,-33,26,-6,89,9,3548,1911,1029
70,41,123,98,24,122,30,-17,30,16,2,-33,24,-4,96,9,3548,1911,1029
72,54,151,98,24,122,20,-17,28,18,2,-34,20,0,100,9,3548,1911,1029
72,54,151,98,24,122,14,-16,28,18,1,-34,22,-2,103,9,3548,1911,1029
11,-149,237,98,24,122,10,-14,28,16,1,-33,20,-1,104,9,3548,1911,1029
18,-159,208,98,24,122,7,-12,28,13,1,-33,18,1,105,9,3548,1911,1029
61,-154,132,98,24,122,-15,10,27,10,2,-32,13,6,105,9,3548,1911,1029
80,-149,94,98,24,122,-16,8,27,7,3,-31,10,6,107,9,3548,1911,1029
90,-145,60,98,24,122,-16,7,27,5,4,-31,6,6,108,9,3548,1911,1029
93,-143,23,98,24,122,-16,6,27,4,6,-31,2,4,109,9,3548,1911,1029
90,-137,-50,98,24,122,-15,5,27,0,9,-32,-5,0,112,9,3548,1911,1029
88,-131,-79,98,24,122,-13,3,26,-4,10,-33,-7,0,111,9,3548,1911,1029
82,-125,-100,98,24,122,-12,2,26,-8,12,-32,-8,-1,110,9,3548,1911,1029
40,-117,-150,98,24,122,-12,1,26,-13,16,-31,-12,-5,107,9,3548,1911,1029
17,-107,-182,98,24,122,-11,0,25,-15,17,-31,-13,-5,106,9,3548,1911,1029
-1,-89,-210,98,24,122,-10,-2,24,-16,18,-32,-15,-6,106,9,3548,1911,1029
-18,-67,-230,98,24,122,-10,-2,25,-16,19,-32,-15,-6,106,9,3548,1911,1029
-51,-26,-249,98,24,122,-8,0,27,-13,19,-33,-15,-4,106,9,3548,1911,1029
-66,-7,-255,98,24,122,-7,0,28,-11,19,-32,-13,0,106,9,3548,1911,1029
-79,9,-262,98,24,122,-4,3,29,-11,20,-31,-13,4,105,9,3548,1911,1029
-88,24,-272,98,24,122,-1,6,30,-9,20,-32,-13,7,104,9,3548,1911,1029
-101,43,-287,98,24,122,2,11,31,-6,20,-32,11,7,110,9,3548,1911,1029
-105,50,-292,98,24,122,1,14,31,15,-4,-32,10,6,107,9,3548,1911,1029
-106,57,-295,98,24,122,0,16,31,13,-8,-32,8,5,103,9,3548,1911,1029
-105,65,-296,98,24,122,0,18,31,10,-12,-33,2,5,101,9,3548,1911,1029
-94,78,-280,98,24,122,-3,21,30,3,-19,-34,-6,5,104,9,3548,1911,1029
-89,84,-265,98,24,122,-5,20,29,0,-20,-34,-8,2,105,9,3548,1911,1029
-88,88,-247,98,24,122,-8,19,30,-4,-22,-35,-7,0,104,9,3548,1911,1029
-94,88,-227,98,24,122,-10,18,30,-8,-23,-35,-6,-3,105,9,3548,1911,1029
-129,69,-182,98,24,122,-15,18,29,-11,-23,-35,-12,0,109,9,3548,1911,1029
-154,53,-159,98,24,122,-19,16,28,-12,-22,-35,-19,2,108,9,3548,1911,1029
-154,53,-159,98,24,122,-20,12,26,-12,-21,-35,-26,1,105,9,3548,1911,1029
113,120,87,98,24,122,-21,8,25,-9,-20,-33,-28,3,108,9,3548,1911,1029
120,144,108,98,24,122,-21,8,25,-7,-20,-32,-34,6,114,9,3548,1911,1029
117,154,136,98,24,122,42,-31,28,-7,-20,-33,-40,8,119,9,3548,1911,1029
106,149,165,98,24,122,47,-27,30,-7,-18,-33,-45,11,124,9,3548,1911,1029
75,107,201,61,-33,-426,55,-19,33,-10,-16,-35,-42,11,127,9,3548,1911,1029
62,79,216,61,-54,-433,58,-15,35,-11,-15,-35,-36,8,125,9,3548,1911,1029
52,51,237,56,-75,-439,59,-11,36,-12,-14,-33,-26,3,121,9,3548,1911,1029
45,29,258,47,-94,-449,59,-8,36,-12,-14,-33,-16,1,114,9,3548,1911,1029
42,16,284,38,-110,-464,54,-3,36,-15,-18,-34,7,-8,96,9,3548,1911,1029
49,20,286,38,-110,-464,49,-2,37,-14,-19,-34,11,-7,93,9,3548,1911,1029
60,26,287,38,-110,-464,41,-1,36,-9,-19,-34,14,-4,88,9,3548,1911,1029
70,30,288,38,-110,-464,31,-1,34,-4,-18,-33,16,-3,87,9,3548,1911,1029
75,27,290,38,-110,-464,21,0,31,0,-17,-31,22,-2,87,9,3548,1911,1029
61,4,308,38,-110,-464,1,0,27,9,-15,-33,33,0,89,9,3548,1911,1029
51,-8,319,38,-110,-464,-6,0,25,13,-14,-34,33,0,89,9,3548,1911,1029
45,-22,326,38,-110,-464,-13,1,24,13,-14,-34,-8,-7,101,9,3548,1911,1029
49,-33,328,38,-110,-464,-18,4,23,-2,15,-31,-8,-6,104,9,3548,1911,1029
74,-41,328,38,-110,-464,-25,7,23,4,18,-31,-8,0,111,9,3548,1911,1029
88,-40,326,38,-110,-464,-25,9,24,5,18,-31,-9,5,116,9,3548,1911,1029
96,-41,321,38,-110,-464,-24,11,25,6,17,-31,-10,6,122,9,3548,1911,1029
98,-52,310,38,-110,-464,-22,13,26,6,15,-31,-11,9,128,9,3548,1911,1029
89,-88,274,38,-110,-464,-15,15,28,4,6,-32,-9,10,130,9,3548,1911,1029
85,-105,251,38,-110,-464,-11,15,28,3,1,-31,-7,6,126,9,3548,1911,1029
82,-119,219,38,-110,-464,-8,15,30,2,-1,-31,-3,2,120,9,3548,1911,1029
82,-127,185,38,-110,-464,-3,13,31,0,-3,-31,0,0,114,9,3548,1911,1029
-162,59,-281,38,-110,-464,-1,6,32,-1,-4,-33,3,-6,105,9,3548,1911,1029
-172,69,-284,38,-110,-464,-4,2,30,-1,-1,-33,6,-8,102,9,3548,1911,1029
-174,79,-286,38,-110,-464,-7,0,27,0,0,-34,7,-8,100,9,3548,1911,1029
-171,92,-290,38,-110,-464,-65,37,26,0,4,-33,9,-8,93,9,3558,1915,1046
-169,99,-286,38,-110,-464,-70,38,26,1,5,-33,11,-5,91,9,3558,1915,1046
-171,107,-276,38,-110,-464,-72,40,26,3,5,-33,14,-3,89,9,3558,1915,1046
-176,111,-259,38,-110,-464,-75,41,25,5,4,-32,15,0,90,9,3558,1915,1046
-182,100,-203,38,-110,-464,-74,41,24,5,4,-32,13,5,96,9,3558,1915,1046
-181,88,-170,38,-110,-464,-71,39,25,6,6,-32,12,8,97,9,3558,1915,1046
-176,74,-135,38,-110,-464,-67,36,25,6,9,-32,13,10,99,9,3558,1915,1046
-171,54,-100,38,-110,-464,-63,34,25,7,12,-32,11,12,102,9,3558,1915,1046
-167,14,-48,38,-110,-464,-53,27,24,8,18,-32,9,16,108,9,3558,1915,1046
-164,3,-29,38,-110,-464,-46,23,24,7,20,-32,6,13,109,9,3558,1915,1046
-158,1,-16,38,-110,-464,-40,18,23,6,23,-31,4,9,108,9,3558,1915,1046
-150,5,-10,38,-110,-464,-31,11,23,5,25,-31,1,6,108,9,3558,1915,1046
-129,17,-26,38,-110,-464,-11,-1,21,3,30,-31,-4,3,108,9,3558,1915,1046
-114,14,-42,38,-110,-464,-1,-8,22,3,33,-31,-6,2,108,9,3558,1915,1046
-93,2,-55,-97,119,-64,8,-14,22,2,36,-30,-6,2,108,9,3558,1915,1046
-46,-17,-66,-90,95,-147,26,-26,23,9,-31,-32,9,13,105,9,3558,1915,1046
-25,-15,-63,-72,92,-191,33,-32,23,9,-31,-32,13,11,105,9,3558,1915,1046
-13,-8,-56,-51,86,-229,40,-36,24,8,-31,-32,14,10,109,9,3558,1915,1046
-6,-2,-47,-32,75,-264,46,-39,25,7,-32,-31,17,10,108,9,3558,1915,1046
3,4,-34,-4,41,-318,56,-44,26,5,-34,-32,29,9,104,9,3558,1915,1046
10,3,-27,2,16,-348,59,-46,27,4,-36,-32,28,7,105,9,3558,1915,1046
16,0,-17,12,-10,-383,64,-45,28,2,-39,-31,27,3,106,9,3558,1915,1046
20,-5,2,25,-37,-422,67,-44,28,1,-42,-32,27,0,106,9,3558,1915,1046
19,-12,27,55,-84,-483,68,-43,29,-1,-50,-31,30,-5,102,9,3558,1915,1046
85,-90,348,62,-110,-505,67,-42,29,-3,-54,-31,32,-5,100,9,3558,1915,1046
95,-88,341,66,-139,-519,67,-42,29,-5,-57,-31,34,-5,96,9,3558,1915,1046
105,-81,328,69,-166,-530,-21,19,27,-8,-59,-32,35,-2,92,9,3558,1915,1046
118,-72,309,71,-187,-538,-26,20,26,-10,-60,-32,35,-3,90,9,3558,1915,1046
