-46,94,-515,-138,38,-473,1,-21,29,11,-20,-35,-8,-6,105,9,3528,1901,348
-6,47,-565,-138,38,-473,1,-24,31,6,-20,-34,-8,-18,104,9,3528,1901,348
13,29,-586,-138,38,-473,2,-25,31,3,-19,-35,-4,-20,103,9,3528,1901,348
31,11,-602,-138,38,-473,2,-24,31,0,-19,-36,-3,-21,100,9,3528,1901,348
43,-4,-615,-138,38,-473,2,-24,31,-4,-19,-37,0,-25,98,9,3528,1901,348
50,-19,-622,-138,38,-473,1,-22,31,-7,-17,-37,3,-30,94,9,3528,1901,348
51,-43,-619,-138,38,-473,-1,-19,30,-12,-13,-37,5,-34,95,9,3528,1901,348
50,-48,-611,-138,38,-473,-2,-17,30,-13,-10,-35,6,-30,96,9,3528,1901,348
51,-45,-596,-138,38,-473,-3,-15,30,-13,-9,-34,7,-27,97,9,3528,1901,348
54,-37,-572,-138,38,-473,-4,-13,30,-13,-7,-34,0,-33,97,9,3528,1901,348
58,-5,-492,-138,38,-473,-6,-8,30,-10,-3,-35,11,-7,105,9,3528,1901,348
59,14,-434,-138,38,-473,-5,-5,30,-9,-2,-36,13,-5,105,9,3528,1901,348
62,31,-365,-138,38,-473,-5,-2,29,-9,-1,-36,12,-5,104,9,3528,1901,348
65,41,-287,-138,38,-473,-5,0,28,-8,0,-36,12,-5,103,9,3528,1901,348
79,44,-131,-138,38,-473,-4,8,27,-4,3,-35,13,0,103,9,3528,1901,348
90,41,-65,-138,38,-473,-3,13,27,-3,5,-35,12,0,100,9,3528,1901,348
100,36,-8,-138,38,-473,-3,17,27,-3,5,-35,-3109,250,2236,9,3528,1901,348
114,22,39,-138,38,-473,-5,20,25,4,-6,-35,-3109,250,2236,9,3528,1901,348
-3,-104,226,-138,38,-473,-7,24,23,0,-8,-35,4,14,109,9,3528,1901,348
-17,-108,209,-138,38,-473,-7,24,23,-5,-9,-36,4,15,110,9,3528,1901,348
-28,-109,193,-138,38,-473,-7,8,25,-9,-9,-36,2,15,110,9,3528,1901,348
-43,-101,192,-138,38,-473,-9,4,27,-6,-7,-36,0,7,109,9,3528,1901,348
-50,-93,202,-138,38,-473,-6,1,28,0,-4,-35,0,2,107,9,3528,1901,348
-56,-90,213,-138,38,-473,-2,-3,28,6,-1,-34,0,-1,107,9,3528,1901,348
-61,-92,222,-138,38,-473,2,-7,26,12,0,-33,0,-3,106,9,3528,1901,348
-74,-94,233,-138,38,-473,10,-18,27,19,0,-33,-5,-9,106,9,3528,1901,348
-79,-85,239,-138,38,-473,13,-22,26,21,0,-32,-9,-13,106,9,3528,1901,348
-85,-74,248,-138,38,-473,14,-27,27,22,-2,-32,-12,-15,105,9,3528,1901,348
-89,-61,260,-138,38,-473,15,-29,27,22,-4,-32,-13,-14,107,9,3528,1901,348
-85,-37,287,-138,38,-473,13,-25,25,22,-8,-34,-3,-8,103,9,3528,1901,348
-78,-28,301,-138,38,-473,13,-20,26,21,-7,-35,3,-4,98,9,3528,1901,348
-72,-18,312,-138,38,-473,13,-15,25,19,-5,-35,9,0,95,9,3528,1901,348
-66,-7,324,-138,38,-473,12,-9,24,16,0,-36,14,3,94,9,3528,1901,348
-72,11,341,-138,38,-473,11,0,23,7,10,-35,21,7,90,9,3528,1901,348
-75,28,337,-138,38,-473,10,4,22,1,16,-34,25,8,89,9,3528,1901,348
-75,47,331,-138,38,-473,7,6,23,-4,22,-34,29,7,90,9,3528,1901,348
-68,96,321,-138,38,-473,-2,13,24,-17,31,-35,31,12,93,9,3528,1901,348
-67,127,316,-138,38,-473,-8,15,26,-23,32,-36,30,16,97,9,3528,1901,348
-70,161,304,-138,38,-473,-13,16,27,-27,33,-37,28,18,101,9,3528,1901,348
-75,198,283,-138,38,-473,-17,16,28,-30,32,-36,27,20,104,9,3528,1901,348
-99,262,211,-138,38,-473,-25,11,30,-32,28,-37,26,19,107,9,3528,1901,348
-115,285,163,-138,38,-473,-29,8,31,-31,26,-36,24,18,107,9,3528,1901,348
-127,304,110,-138,38,-473,-31,3,33,-27,22,-36,21,14,108,9,3528,1901,348
-134,318,54,-138,38,-473,-30,0,34,-22,18,-35,16,13,110,9,3528,1901,348
-133,329,-63,-138,38,-473,-21,-6,34,-27,-23,-37,23,20,92,9,3528,1901,348
-133,329,-63,-138,38,-473,-15,-8,33,-30,-19,-37,26,22,95,9,3528,1901,348
164,-107,-416,-138,38,-473,-9,-7,31,-33,-16,-37,28,22,98,9,3528,1901,348
160,-83,-374,-138,38,-473,-9,-7,31,-34,-14,-37,27,19,100,9,3528,1901,348
145,-28,-270,-138,38,-473,6,-8,28,-33,-12,-37,23,9,105,9,3528,1901,348
141,0,-214,-138,38,-473,3,-8,28,-30,-11,-37,19,3,106,9,3528,1901,348
141,24,-165,-138,38,-473,0,-9,28,-25,-10,-36,15,0,106,9,3528,1901,348
137,56,-81,-138,38,-473,-1,-9,29,-13,-9,-35,6,-5,105,9,3528,1896,364
141,63,-46,-138,38,-473,-2,-9,30,-7,-11,-34,4,-7,105,9,3528,1896,364
152,67,-21,-138,38,-473,-3,-8,29,-2,-13,-35,3,-8,106,9,3528,1896,364
163,67,-4,-138,38,-473,-3,-6,30,0,-14,-35,1,-11,105,9,3528,1896,364
165,61,0,-138,38,-473,-5,-1,28,7,-14,-34,-5,-15,104,9,3528,1896,364
156,61,-5,-138,38,-473,-5,2,27,10,-11,-35,-9,-15,102,9,3528,1896,364
130,59,-12,-55,61,-45,-5,7,26,13,-8,-34,-12,-13,101,9,3528,1896,364
88,52,-22,-58,53,-64,-3,11,25,13,-5,-35,-15,-10,102,9,3528,1896,364
-24,34,-47,-77,26,-104,-3,20,24,13,1,-34,-14,0,104,9,3528,1896,364
-74,26,-52,-90,9,-133,-3,24,24,12,7,-33,-13,4,105,9,3528,1896,364
-113,16,-43,-101,-1,-171,-3,27,24,10,12,-32,-9,10,106,9,3528,1896,364
-139,1,-21,-107,-7,-220,-2,31,23,9,17,-33,-10,13,107,9,3528,1896,364
-156,-21,10,-107,-7,-220,-1,35,22,9,20,-34,-11,14,106,9,3528,1896,364
-154,-76,88,-107,-7,-220,-4,36,22,7,26,-36,-10,15,105,9,3528,1896,364
-142,-102,133,-107,-7,-220,-6,36,22,7,28,-35,-10,13,105,9,3528,1896,364
-123,-119,179,-107,-7,-220,-7,35,23,8,30,-34,-10,11,103,9,3528,1896,364
-63,-126,251,-107,-7,-220,-10,35,23,7,32,-34,-8,11,105,9,3528,1896,364
-35,-119,270,-107,-7,-220,-13,34,24,6,31,-35,-4,12,106,9,3528,1896,364
-10,-111,282,-107,-7,-220,-15,33,25,6,30,-35,-1641,-3849,-1609,9,3528,1896,364
-1,-104,283,-107,-7,-220,-16,33,25,6,30,-35,-1641,-3849,-1609,9,3528,1896,364
-2,-96,278,-107,-7,-220,-20,31,26,-7,58,-36,-5,20,113,9,3528,1896,364
-83,-67,293,-107,-7,-220,-23,30,26,-10,46,-35,-7,22,113,9,3528,1896,364
-62,-59,302,-107,-7,-220,-23,30,26,-10,33,-35,-9,22,113,9,3528,1896,364
-41,-40,307,-107,-7,-220,37,-17,21,-8,20,-35,-8,21,113,9,3528,1896,364
-16,12,307,-107,-7,-220,22,-10,23,-3,-8,-34,-7,17,106,9,3528,1896,364
-15,44,302,-107,-7,-220,15,-8,25,-2,-23,-34,-8,12,104,9,3528,1896,364
-15,77,292,-107,-7,-220,8,-6,25,-1,-38,-35,-9,6,102,9,3528,1896,364
-17,112,276,-107,-7,-220,1,-1,26,-1,-53,-35,-10,3,103,9,3528,1896,364
-21,178,215,-107,-7,-220,-10,8,27,-4,-79,-36,-16,5,103,9,3528,1896,364
-26,207,170,-107,-7,-220,-14,14,28,-4,-90,-37,-19,4,104,9,3528,1896,364
-34,231,113,-107,-7,-220,-18,19,27,-3,-98,-36,-20,5,108,9,3528,1896,364
-54,263,-22,-107,-7,-220,-16,26,26,1,-104,-33,-18,12,112,9,3528,1896,364
-59,268,-96,-107,-7,-220,-13,26,26,4,-105,-30,-15,16,114,9,3528,1896,364
-57,265,-168,-107,-7,-220,-10,27,24,6,-104,-30,-11,20,115,9,3528,1896,364
-47,254,-235,-107,-7,-220,-8,28,24,5,-104,-29,-8,22,117,9,3528,1896,364
-20,209,-354,-107,-7,-220,-9,26,23,-1,-103,-31,0,16,119,9,3528,1896,364
-8,181,-407,-107,-7,-220,-10,22,24,-7,-102,-30,3,9,116,9,3528,1896,364
2,152,-456,-107,-7,-220,-12,17,25,-13,-100,-29,7,3,113,9,3528,1896,364
16,124,-497,-107,-7,-220,-14,10,27,-16,-94,-30,11,-1,107,9,3528,1896,364
45,72,-552,-107,-7,-220,-15,-2,30,-20,-82,-32,13,-13,90,9,3528,1896,364
58,49,-562,-107,-7,-220,-17,-10,32,-21,-74,-33,10,-25,88,9,3528,1896,364
69,26,-565,-107,-7,-220,-18,-20,34,-21,-67,-33,10,-35,87,9,3528,1896,364
80,2,-567,-107,-7,-220,-18,-30,35,-19,-60,-33,9,-42,85,9,3528,1896,364
98,-41,-560,-107,-7,-220,-9,-49,37,-13,-46,-33,8,-45,89,9,3528,1896,364
100,-56,-549,-107,-7,-220,-2,-56,36,-10,-42,-32,11,-43,92,9,3528,1896,364
96,-65,-536,-107,-7,-220,4,-59,35,-8,-39,-32,12,-39,97,9,3528,1896,364
88,-65,-518,-107,-7,-220,11,-59,34,-9,-37,-31,12,-39,97,9,3528,1896,364
68,-43,-461,-107,-7,-220,20,-52,32,-9,-37,-31,-5,-2,108,9,3528,1896,364
68,-43,-461,-107,-7,-220,23,-47,31,-1,15,-37,-6,-3,108,9,3528,1896,364
18,-58,87,-107,-7,-220,26,-40,29,2,17,-37,-8,-3,110,9,3528,1896,364
37,-60,118,-107,-7,-220,-18,21,27,10,21,-36,-13,1,110,9,3528,1896,364
40,-51,114,-107,-7,-220,-14,18,26,12,23,-36,-13,5,110,9,3528,1896,364
38,-36,107,-107,-7,-220,-9,16,25,14,26,-35,-13,8,110,9,3528,1896,364
31,-20,105,-107,-7,-220,-3,14,24,14,29,-34,-14,12,110,9,3528,1896,364
2,-7,105,-107,-7,-220,5,10,24,17,33,-32,-14,11,107,9,3528,1896,364
-17,-15,103,-107,-7,-220,8,7,24,18,36,-31,-13,9,105,9,3528,1896,364
-41,-29,98,-107,-7,-220,9,2,24,20,39,-31,-9,9,103,9,3528,1896,364
-57,-47,100,-107,-7,-220,10,-2,25,21,41,-31,-5,9,100,9,3528,1896,364
-74,-83,117,-107,-7,-220,11,-11,26,24,47,-32,2,9,100,9,3528,1896,364
-67,-92,128,-107,-7,-220,13,-14,26,24,49,-32,3,9,101,9,3528,1896,364
-57,-97,141,-107,-7,-220,13,-17,26,22,50,-31,3,7,103,9,3528,1896,364
-46,-97,152,-107,-7,-220,15,-20,27,21,50,-31,3,5,103,9,3528,1896,364
-37,-91,169,-107,-7,-220,17,-25,28,18,49,-31,3,4,107,9,3528,1896,364
-38,-85,177,-107,-7,-220,17,-27,29,17,46,-32,4,4,108,9,3528,1896,364
-39,-79,187,-107,-7,-220,17,-28,29,15,44,-32,4,2,108,9,3528,1896,364
-29,-80,213,-107,-7,-220,16,-29,27,10,39,-32,6,-6,109,9,3528,1896,364
-21,-80,219,-107,-7,-220,13,-29,28,7,35,-32,7,-11,110,9,3528,1896,364
-13,-75,219,-107,-7,-220,10,-27,28,4,31,-32,10,-15,108,9,3528,1896,364
-5,-66,216,-107,-7,-220,6,-24,28,1,27,-31,15,-15,106,9,3528,1896,364
1,-38,211,-107,-7,-220,-1,-16,29,-6,20,-33,28,-10,100,9,3528,1896,364
-3,-23,214,-107,-7,-220,-5,-11,28,-10,16,-34,32,-10,95,9,3528,1896,364
-9,-12,221,-107,-7,-220,-8,-7,28,-13,14,-35,33,-11,91,9,3528,1896,364
-12,-6,232,-107,-7,-220,-11,-3,28,-15,12,-36,31,-12,87,9,3528,1896,364
-15,-6,251,-107,-7,-220,-15,2,27,-17,8,-36,30,-14,85,9,3528,1896,364
-21,-6,258,-107,-7,-220,-17,5,27,-17,6,-35,-8,23,117,9,3528,1896,364
-31,-9,263,-107,-7,-220,-16,7,27,-17,6,-35,-4,15,113,9,3528,1896,364
-31,-9,263,-107,-7,-220,-16,11,27,18,-2,-35,1,6,107,9,3528,1896,364
52,63,-490,-107,-7,-220,-9,-8,28,8,-4,-36,7,-15,93,9,3528,1896,364
79,44,-485,-107,-7,-220,-14,-16,30,3,-7,-36,-22,-59,81,9,3528,1896,364
99,21,-480,-107,-7,-220,-18,-23,32,-1,-9,-37,-8,-37,81,9,3528,1896,380
120,-30,-477,-107,-7,-220,-20,-34,36,-12,-15,-38,18,-13,95,9,3528,1896,380
124,-54,-477,-107,-7,-220,-18,-37,36,-17,-17,-37,18,-7,101,9,3528,1896,380
121,-74,-478,-107,-7,-220,-14,-38,36,-21,-18,-36,11,-18,98,9,3528,1896,380
110,-88,-476,-107,-7,-220,-9,-38,35,-25,-19,-34,11,-20,96,9,3528,1896,380
79,-96,-464,-107,-7,-220,1,-35,33,-26,-15,-33,13,-19,99,9,3528,1896,380
67,-91,-448,-107,-7,-220,5,-31,32,-25,-11,-33,16,-16,103,9,3528,1896,380
59,-84,-422,-107,-7,-220,9,-26,31,-22,-7,-33,18,-11,104,9,3528,1896,380
57,-76,-385,-107,-7,-220,12,-23,29,-18,-4,-33,19,-9,105,9,3528,1896,380
60,-60,-290,-107,-7,-220,16,-17,26,-11,3,-34,18,-8,104,9,3528,1896,380
68,-46,-244,-107,-7,-220,18,-14,26,-8,6,-35,17,-7,102,9,3528,1896,380
86,-27,-204,-107,-7,-220,18,-10,25,-5,7,-36,15,-5,101,9,3528,1896,380
110,-5,-171,-107,-7,-220,18,-8,24,-2,9,-36,12,-3,100,9,3528,1896,380
162,26,-125,-107,-7,-220,14,-3,24,4,8,-37,5,0,102,9,3528,1896,380
181,34,-106,-107,-7,-220,11,-1,22,8,8,-36,4,0,104,9,3528,1896,380
192,38,-91,-107,-7,-220,7,0,23,11,8,-35,4,0,105,9,3528,1896,380
180,38,-79,-107,-7,-220,2,4,24,14,10,-35,5,0,105,9,3528,1896,380
155,34,-79,-107,-7,-220,0,7,25,13,10,-35,4,-2,103,9,3528,1896,380
118,26,-89,-107,-7,-220,-2,10,25,11,10,-35,0,-4,102,9,3528,1896,380
69,18,-111,-107,-7,-220,-5,12,25,8,9,-35,-3,-4,102,9,3528,1896,380
-30,5,-159,-107,-7,-220,-8,16,24,4,7,-35,-9,-1,101,9,3528,1896,380
-67,1,-155,-107,-7,-220,-9,18,25,3,6,-34,-10,1,103,9,3528,1896,380
-88,0,-129,-107,-7,-220,-10,20,24,1,6,-34,-10,1,103,9,3528,1896,380
-95,-4,-91,-107,-7,-220,-11,22,24,0,5,-35,6,2,107,9,3528,1896,380
1,-132,269,-107,-7,-220,-11,27,25,2,15,-32,14,2,103,9,3528,1896,380
1,-128,272,-107,-7,-220,-12,29,26,0,16,-33,18,1,102,9,3528,1896,380
6,-120,274,-107,-7,-220,-12,29,26,0,17,-34,22,0,101,9,3528,1896,380
14,-108,279,-107,-7,-220,10,-17,26,-2,17,-34,26,-2,100,9,3528,1896,380
33,-83,305,-107,-7,-220,8,-21,28,-4,13,-36,32,0,96,9,3528,1896,380
42,-77,328,-107,-7,-220,7,-23,29,-5,11,-37,34,1,92,9,3528,1896,380
44,-77,351,-107,-7,-220,7,-25,29,-6,10,-37,35,1,90,9,3528,1896,380
20,-79,384,-107,-7,-220,7,-26,29,-5,6,-37,32,0,90,9,3528,1896,380
8,-62,380,-107,-7,-220,7,-26,28,-7,3,-36,30,-2,92,9,3528,1896,380
-1,-40,364,-107,-7,-220,7,-25,29,-9,2,-36,28,-1,96,9,3528,1896,380
-13,-19,341,-107,-7,-220,5,-25,29,-10,0,-34,27,0,100,9,3528,1896,380
-43,28,293,-107,-7,-220,2,-23,29,-11,-4,-34,23,5,106,9,3528,1896,380
-60,49,273,-107,-7,-220,1,-22,29,-11,-6,-34,22,7,107,9,3528,1896,380
-77,70,258,-107,-7,-220,0,-21,30,-11,-8,-35,18,7,107,9,3528,1896,380
-90,88,244,-107,-7,-220,0,-20,30,-10,-10,-36,14,5,106,9,3528,1896,380
-102,120,220,-107,-7,-220,0,-17,30,-7,-16,-35,6,-3,102,9,3528,1896,380
-106,132,208,-107,-7,-220,1,-18,29,-5,-19,-35,2,-8,101,9,3528,1896,380
-111,145,194,-107,-7,-220,3,-18,29,-1,-21,-35,0,-13,99,9,3528,1896,380
-113,157,178,-107,-7,-220,5,-17,29,1,-25,-36,-3,-14,99,9,3528,1896,380
-110,182,137,-107,-7,-220,11,-16,27,8,-32,-36,-10,-13,102,9,3528,1896,380
-100,196,108,-107,-7,-220,12,-14,27,9,-36,-37,-12,-11,104,9,3528,1896,380
-89,209,76,-107,-7,-220,13,-13,26,8,-39,-36,-14,-9,107,9,3528,1896,380
-82,218,39,-107,-7,-220,12,-11,26,8,-40,-35,-17,-4,109,9,3528,1896,380
-81,232,-41,-107,-7,-220,10,-5,25,9,-40,-34,-20,9,111,9,3528,1896,380
-81,229,-84,-107,-7,-220,8,-1,24,8,-38,-34,-22,16,111,9,3528,1896,380
-78,216,-128,-107,-7,-220,7,2,23,9,-36,-33,-24,21,112,9,3528,1896,380
-55,179,-211,-107,-7,-220,7,10,23,8,-29,-34,12,-7,100,9,3528,1896,380
-37,158,-244,-107,-7,-220,6,13,23,8,-29,-34,11,-3,100,9,3528,1896,380
-37,158,-244,-107,-7,-220,6,15,22,0,14,-35,9,0,100,9,3528,1896,380
119,-9,-335,-107,-7,-220,5,15,23,1,10,-35,7,1,100,9,3528,1896,380
71,-1,-294,-107,-7,-220,12,-3,24,4,1,-35,4,4,100,9,3528,1896,380
43,0,-259,-107,-7,-220,12,-1,24,5,-2,-35,2,6,102,9,3528,1896,380
25,2,-214,-107,-7,-220,12,0,24,6,-7,-36,1,9,105,9,3528,1896,380
13,10,-162,-107,-7,-220,12,3,23,6,-12,-37,-3,0,103,9,3528,1896,380
-6,18,-57,-107,-7,-220,10,10,23,7,-19,-37,-7,-2,101,9,3528,1896,380
-18,11,-14,-107,-7,-220,9,13,23,6,-19,-36,-9,-1,102,9,3528,1896,380
-23,5,17,-107,-7,-220,5,16,24,4,-18,-34,-11,0,103,9,3528,1896,380
-13,2,50,-107,-7,-220,0,18,25,3,-15,-35,-11,0,105,9,3528,1896,380
34,8,131,-107,-7,-220,-7,23,25,0,-10,-34,-13,-1,106,9,3528,1896,380
50,6,157,-107,-7,-220,-10,26,25,-2,-7,-34,-17,-3,102,9,3528,1896,380
55,-1,163,-107,-7,-220,-10,29,24,-4,-4,-34,-18,-3,99,9,3528,1896,380
40,-32,129,-107,-7,-220,-13,32,25,-8,1,-36,-20,3,104,9,3528,1896,380
36,-45,110,-107,-7,-220,-13,34,24,-7,5,-36,-20,10,106,9,3528,1896,380
35,-52,95,-107,-7,-220,-14,36,25,-5,10,-36,-20,15,110,9,3528,1896,380
29,-59,80,-107,-7,-220,-14,38,24,-4,14,-35,-20,18,115,9,3528,1896,380
1,-74,51,-107,-7,-220,-14,41,25,0,22,-36,-17,21,121,9,3528,1896,380
-13,-76,47,-107,-7,-220,-14,41,25,3,26,-37,-16,22,121,9,3528,1896,380
-31,-76,52,-107,-7,-220,-14,39,25,8,28,-37,-15,21,119,9,3528,1896,380
-50,-77,64,-107,-7,-220,-15,37,26,14,29,-38,-17,19,114,9,3528,1896,380
-66,-79,98,-107,-7,-220,-15,29,26,27,30,-35,-13,10,106,9,3528,1896,380
-61,-84,113,-107,-7,-220,-14,23,26,30,29,-34,-5,11,106,9,3528,1896,380
-54,-93,124,-107,-7,-220,-13,18,26,33,26,-34,2,8,104,9,3528,1896,380
-51,-104,131,-107,-7,-220,-11,13,27,33,22,-34,10,8,99,9,3528,1896,380
-52,-118,152,-107,-7,-220,-7,5,28,29,18,-33,1,-14,97,9,3528,1896,380
-50,-119,164,-107,-7,-220,-5,1,27,26,16,-33,0,-10,102,9,3528,1896,380
-44,-118,178,-107,-7,-220,-3,0,27,26,16,-33,-2,-5,107,9,3528,1896,396
-60,97,264,-107,-7,-220,0,-2,27,18,-11,-35,-2,0,114,9,3528,1896,396
-49,126,252,-107,-7,-220,0,-2,27,19,-10,-35,-3,2,115,9,3528,1896,396
-40,153,243,-107,-7,-220,11,-4,23,18,-9,-34,-4,5,114,9,3528,1896,396
-33,176,230,-107,-7,-220,8,-2,23,15,-9,-34,-6,7,111,9,3528,1896,396
-39,206,185,-107,-7,-220,2,-2,25,9,-9,-35,-7,7,104,9,3528,1896,396
-49,216,154,-107,-7,-220,0,-4,26,7,-9,-36,-8,8,101,9,3528,1896,396
-58,221,120,-107,-7,-220,0,-5,27,5,-10,-36,-7,10,100,9,3528,1896,396
-66,221,84,-107,-7,-220,0,-7,27,4,-10,-36,-6,11,98,9,3528,1896,396
-64,213,15,-107,-7,-220,0,-8,27,4,-10,-36,-6,19,100,9,3528,1896,396
-49,212,-19,-107,-7,-220,0,-7,27,5,-10,-36,-6,23,102,9,3528,1896,396
-30,212,-55,-107,-7,-220,1,-7,27,6,-10,-35,-9,26,105,9,3528,1896,396
-15,210,-97,-107,-7,-220,2,-7,26,5,-10,-36,-11,26,108,9,3528,1896,396
-2,194,-178,-107,-7,-220,3,-6,25,3,-10,-34,-14,30,112,9,3528,1896,396
0,180,-213,-107,-7,-220,4,-6,25,2,-9,-33,-12,30,113,9,3528,1896,396
8,164,-246,-107,-7,-220,6,-5,25,3,-9,-33,-10,31,114,9,3528,1896,396
36,126,-316,-107,-7,-220,7,-5,25,6,-9,-35,-6,29,111,9,3528,1896,396
42,100,-350,-107,-7,-220,8,-5,26,7,-9,-36,-4,25,109,9,3528,1896,396
45,71,-377,-107,-7,-220,10,-7,25,7,-9,-38,-7,9,104,9,3528,1896,396
48,45,-395,-107,-7,-220,12,-9,26,6,-11,-37,-1,13,102,9,3528,1896,396
73,7,-410,-107,-7,-220,15,-13,26,5,-15,-35,12,15,102,9,3528,1896,396
96,-5,-408,-107,-7,-220,16,-15,26,5,-17,-35,17,13,102,9,3528,1896,396
119,-15,-407,-107,-7,-220,15,-18,26,5,-19,-35,19,2,98,9,3528,1896,396
132,-23,-405,-107,-7,-220,13,-20,27,3,-20,-35,19,-6,97,9,3528,1896,396
125,-34,-403,-107,-7,-220,7,-24,30,-6,-21,-36,17,-19,96,9,3528,1896,396
113,-39,-395,-107,-7,-220,4,-26,30,-10,-21,-36,14,-23,98,9,3528,1896,396
101,-44,-380,-107,-7,-220,0,-28,31,-14,-21,-37,14,-23,98,9,3528,1896,396
90,-47,-359,-107,-7,-220,-3,-27,32,-17,-22,-37,-15,9,108,9,3528,1896,396
-3,12,109,-107,-7,-220,-10,-25,34,33,31,-34,-13,3,107,9,3528,1896,396
16,-1,135,-107,-7,-220,-13,-21,33,34,32,-35,-12,0,105,9,3528,1896,396
28,-14,155,-107,-7,-220,-13,-21,33,33,31,-34,-13,-2,105,9,3528,1896,396
19,-37,184,-107,-7,-220,-24,26,29,24,24,-35,-14,-2,107,9,3528,1896,396
7,-46,190,-150,76,-38,-17,25,27,18,19,-36,-11,0,110,9,3528,1896,396
-1,-54,191,-159,79,-85,-12,24,26,11,14,-36,-7,1,113,9,3528,1896,396
-6,-61,188,-163,84,-136,-7,22,26,6,9,-35,-2,6,114,9,3528,1896,396
-14,-77,182,-160,89,-248,-2,21,26,-2,4,-36,5,18,114,9,3528,1896,396
-16,-88,185,-152,88,-304,-1,19,26,-6,3,-36,8,19,113,9,3528,1896,396
-20,-100,194,-141,83,-354,-1,17,25,-10,4,-36,11,20,112,9,3528,1896,396
-25,-109,201,-128,77,-399,-1,13,25,-13,3,-36,12,22,111,9,3528,1896,396
-27,-129,213,-95,55,-498,0,6,25,-16,0,-35,14,18,110,9,3528,1896,396
-26,-147,223,-70,38,-556,0,3,25,-17,0,-34,17,15,108,9,3528,1896,396
-30,-172,236,-70,38,-556,0,0,25,-18,-3,-34,20,11,106,9,3528,1896,396
-42,-192,240,-70,38,-556,-1,-4,26,-19,-5,-35,23,8,105,9,3528,1896,396
-64,-197,236,-70,38,-556,-4,-7,27,-19,-7,-36,25,4,103,9,3528,1896,396
-104,-188,253,-70,38,-556,-7,-9,29,-19,-8,-37,26,0,96,9,3528,1896,396
-106,-181,283,-70,38,-556,-9,-10,30,-18,-7,-37,28,0,93,9,3528,1896,396
-98,-170,316,-70,38,-556,-10,-10,31,-17,-3,-34,28,0,91,9,3528,1896,396
-57,-126,364,-70,38,-556,-10,-10,30,-14,5,-33,25,1,91,9,3528,1896,396
-40,-96,374,-70,38,-556,-8,-9,29,-10,9,-34,24,1,89,9,3528,1896,396
-28,-64,371,-70,38,-556,-7,-6,28,-7,12,-35,22,0,89,9,3528,1896,396
-20,-33,356,-70,38,-556,-8,-2,28,-2,17,-36,22,0,90,9,3528,1896,396
-21,8,326,-70,38,-556,-9,3,29,5,28,-32,18,0,93,9,3528,1896,396
-27,17,319,-70,38,-556,-10,6,29,9,33,-31,-2,30,115,9,3528,1896,396
-44,17,317,-70,38,-556,-10,8,29,9,33,-31,-1,33,115,9,3528,1896,396
-44,17,317,-70,38,-556,-9,9,27,-15,-40,-33,0,34,114,9,3528,1896,396
31,128,-417,-70,38,-556,162,2825,-1804,-6,-38,-35,2,27,110,9,3528,1896,396
28,76,-439,-70,38,-556,162,2825,-1804,-2,-35,-34,4,20,108,9,3528,1896,396
34,34,-447,-70,38,-556,7,-16,26,3,-32,-34,4,11,107,9,3528,1896,396
46,5,-448,-70,38,-556,4,-21,27,8,-29,-33,3,1,104,9,3528,1896,396
86,-24,-444,-70,38,-556,3,-32,30,15,-25,-35,2,-16,93,9,3528,1896,396
104,-32,-442,-70,38,-556,5,-37,32,16,-24,-36,4,-20,91,9,3528,1896,396
118,-40,-437,-70,38,-556,6,-42,32,16,-24,-35,8,-23,90,9,3528,1896,396
126,-50,-429,-70,38,-556,10,-46,32,13,-24,-35,11,-22,90,9,3528,1896,396
119,-77,-411,-70,38,-556,14,-49,31,7,-21,-34,14,-25,90,9,3528,1896,396
109,-91,-406,-70,38,-556,17,-48,31,3,-19,-34,16,-26,91,9,3528,1896,396
99,-102,-399,-70,38,-556,18,-46,30,-1,-16,-35,14,-28,94,9,3528,1896,396
81,-109,-381,-70,38,-556,18,-40,30,-12,-11,-35,7,-33,98,9,3528,1896,396
75,-107,-367,-70,38,-556,16,-36,29,-17,-9,-35,6,-33,100,9,3528,1896,396
72,-103,-353,-70,38,-556,15,-29,28,-20,-8,-34,6,-27,99,9,3528,1896,396
69,-99,-338,-70,38,-556,11,-21,28,-23,-6,-34,5,-18,98,9,3528,1896,396
66,-93,-300,-70,38,-556,2,-4,27,-23,-2,-34,8,-9,100,9,3528,1896,396
66,-88,-276,-70,38,-556,-2,4,26,-20,0,-35,8,-7,101,9,3528,1896,396
67,-78,-249,-70,38,-556,-10,14,27,-17,2,-36,8,-8,100,9,3528,1896,396
70,-67,-225,-70,38,-556,-19,25,27,-11,5,-35,10,-8,99,9,3528,1896,396
85,-41,-193,-70,38,-556,-34,42,29,0,11,-35,12,-5,98,9,3528,1896,396
92,-24,-189,-70,38,-556,-40,47,30,6,12,-35,10,-3,98,9,3528,1896,396
97,-5,-192,-70,38,-556,-42,52,30,10,11,-34,6,-1,98,9,3528,1896,396
97,14,-193,-70,38,-556,-43,56,28,14,10,-33,1,0,99,9,3528,1896,396
87,43,-178,-70,38,-556,-41,61,25,20,9,-32,-7,-2,99,9,3528,1896,412
80,53,-165,-70,38,-556,-37,64,23,19,10,-34,-7,-2,99,9,3528,1896,412
70,61,-150,-70,38,-556,-32,65,23,17,10,-34,-9,4,109,9,3528,1896,412
59,65,-134,-70,38,-556,-24,64,21,11,0,-35,-4,2,106,9,3528,1896,412
-102,-107,135,-70,38,-556,-20,59,21,10,-4,-33,-1,0,106,9,3528,1896,412
-107,-117,158,-70,38,-556,-1750,-2534,3399,7,-9,-33,0,-2,105,9,3528,1896,412
-106,-121,185,-70,38,-556,-1750,-2534,3399,5,-13,-34,2,-4,102,9,3528,1896,412
-85,-112,237,-70,38,-556,0,-16,28,3,-20,-35,6,-6,97,9,3528,1896,412
-72,-100,252,-70,38,-556,-2,-14,29,2,-23,-36,8,-6,96,9,3528,1896,412
-53,-88,265,-70,38,-556,-5,-12,30,0,-25,-37,9,-7,96,9,3528,1896,412
-29,-79,280,-70,38,-556,-7,-11,30,-1,-26,-36,10,-7,98,9,3528,1896,412
4,-83,317,-70,38,-556,-7,-10,29,-3,-26,-34,13,-12,100,9,3528,1896,412
2,-90,338,-70,38,-556,-5,-11,28,-4,-24,-34,6,-32,99,9,3528,1896,412
-4,-80,344,-70,38,-556,-4,-12,28,-5,-22,-34,21,-6,99,9,3528,1896,412
-15,-63,337,-70,38,-556,-3,-12,28,-7,-20,-35,27,-4,103,9,3528,1896,412
-29,-24,305,-70,38,-556,0,-11,27,-13,-14,-34,26,-2,103,9,3528,1896,412
-36,0,285,-70,38,-556,0,-10,27,-14,-10,-34,26,-1,103,9,3528,1896,412
-40,24,273,-70,38,-556,0,-11,27,-17,-6,-34,27,1,104,9,3528,1896,412
-40,65,274,-70,38,-556,3,-15,26,-16,1,-34,29,4,101,9,3528,1896,412
-43,80,276,-70,38,-556,5,-17,26,-16,5,-34,28,3,99,9,3528,1896,412
-50,91,274,-70,38,-556,7,-20,26,-13,9,-34,27,0,96,9,3528,1896,412
-60,99,269,-70,38,-556,9,-24,26,-11,13,-35,26,-2,94,9,3528,1896,412
-81,118,248,-70,38,-556,13,-31,27,-5,16,-36,21,-6,97,9,3528,1896,412
-86,135,236,-70,38,-556,15,-33,27,-2,17,-36,17,-7,98,9,3528,1896,412
-84,159,221,-70,38,-556,17,-36,28,0,18,-34,13,-7,100,9,3528,1896,412
-75,186,197,-70,38,-556,18,-37,29,3,18,-33,10,-7,100,9,3528,1896,412
-61,229,121,-70,38,-556,20,-39,29,7,17,-33,4,-3,102,9,3528,1896,412
-65,239,75,-70,38,-556,20,-39,28,9,15,-33,0,0,104,9,3528,1896,412
-72,239,25,-70,38,-556,21,-38,29,11,16,-32,-3,5,105,9,3528,1896,412
-80,231,-21,-70,38,-556,21,-35,29,13,15,-32,-3,5,105,9,3528,1896,412
-87,208,-100,-70,38,-556,21,-29,28,-16,-10,-35,11,-10,102,9,3528,1896,412
-87,208,-100,-70,38,-556,21,-24,26,-15,-8,-34,8,-17,105,9,3528,1896,412
77,-62,-346,-70,38,-556,21,-20,26,-13,-6,-35,9,-20,107,9,3528,1896,412
94,-49,-280,-70,38,-556,22,1507,-3298,-9,-3,-35,13,-26,104,9,3528,1896,412
109,-39,-253,-70,38,-556,-2,-17,30,-7,-2,-35,14,-32,98,9,3528,1896,412
128,-27,-226,-70,38,-556,-1,-16,30,-6,0,-37,11,-32,97,9,3528,1896,412
152,-19,-196,-70,38,-556,-1,-15,30,-4,0,-36,10,-29,96,9,3528,1896,412
220,-6,-138,-70,38,-556,2,-11,28,1,3,-35,5,-23,98,9,3528,1896,412
246,8,-113,-70,38,-556,3,-7,27,3,5,-34,3,-21,99,9,3528,1896,412
251,27,-93,-70,38,-556,5,-2,26,4,6,-34,1,-19,101,9,3528,1896,412
231,42,-80,-70,38,-556,5,2,25,5,8,-34,0,-17,101,9,3528,1896,412
127,24,-82,-70,38,-556,4,11,23,6,8,-36,-6,-7,102,9,3528,1896,412
75,0,-93,-70,38,-556,1,17,22,6,8,-37,-9,-2,104,9,3528,1896,412
37,-16,-101,-70,38,-556,-1,23,21,6,9,-36,-12,0,105,9,3528,1896,412
14,-20,-97,-70,38,-556,-4,29,22,7,9,-35,-14,2,105,9,3528,1896,412
-4,0,-49,-70,38,-556,-7,35,22,12,12,-34,-16,3,105,9,3528,1896,412
-6,7,-16,-70,38,-556,-6,35,21,19,13,-36,-15,4,105,9,3528,1896,412
-3,5,16,-70,38,-556,-5,35,21,26,11,-38,-13,7,104,9,3528,1896,412
18,-11,77,-32,108,-197,-2,29,20,31,11,-39,-7,10,101,9,3528,1896,412
31,-15,113,-30,103,-226,-3,25,21,26,11,-36,-4,9,103,9,3528,1896,412
42,-12,148,-31,94,-263,-3,22,23,20,10,-33,0,6,102,9,3528,1896,412
47,-8,175,-31,84,-307,-4,18,24,13,7,-31,0,5,102,9,3528,1896,412
47,-6,209,-38,60,-416,-6,11,26,3,2,-31,0,7,103,9,3528,1896,412
42,-13,213,-45,44,-481,-7,8,27,-1,0,-33,0,11,104,9,3528,1896,412
34,-22,210,-48,28,-555,-8,5,27,-5,-2,-35,0,14,107,9,3528,1896,412
21,-34,204,-48,28,-555,-9,2,28,-9,-3,-37,0,14,109,9,3528,1896,412
-29,-60,197,-48,28,-555,-8,-2,29,-17,-1,-36,35,2,79,9,3528,1896,412
-57,-77,194,-48,28,-555,-8,-5,28,-20,0,-34,34,7,83,9,3528,1896,412
-84,-95,191,-48,28,-555,-7,-7,29,-20,0,-34,34,9,88,9,3528,1896,412
-84,-95,191,-48,28,-555,-7,-8,28,-26,39,-39,29,14,95,9,3528,1896,412
-31,73,279,-48,28,-555,-6,-5,28,-31,23,-40,28,19,92,9,3528,1896,412
-19,76,272,-48,28,-555,-6,-5,28,-30,16,-40,25,22,89,9,3528,1896,412
-13,81,263,-48,28,-555,5,-35,30,-28,8,-38,14,27,98,9,3528,1896,412
-12,90,251,-48,28,-555,17,-40,29,-26,-1,-37,6,31,107,9,3528,1896,412
-16,127,211,-48,28,-555,38,-49,27,-22,-23,-32,-6,32,123,9,3528,1896,412
-21,152,183,-48,28,-555,47,-51,26,-19,-33,-31,-12,25,125,9,3528,1896,412
-25,178,150,-48,28,-555,53,-52,25,-12,-41,-31,-20,21,127,9,3528,1896,412
-26,218,64,-48,28,-555,56,-49,23,1,-55,-32,-26,14,126,9,3528,1896,412
-26,228,10,-48,28,-555,54,-46,24,8,-61,-32,-25,11,124,9,3528,1896,412
-30,233,-49,-48,28,-555,48,-45,23,14,-65,-32,-24,5,121,9,3528,1896,412
-40,234,-112,-48,28,-555,43,-43,23,20,-68,-31,-26,7,122,9,3528,1896,412
-63,221,-228,-48,28,-555,32,-35,24,31,-68,-31,-26,-3,114,9,3528,1896,412
-63,207,-274,-48,28,-555,28,-29,23,36,-68,-30,-28,-10,106,9,3528,1896,412
-55,187,-314,-48,28,-555,24,-23,23,39,-67,-30,-26,-9,99,9,3528,1896,412
-44,160,-348,-48,28,-555,21,-19,23,40,-67,-30,-19,-8,92,9,3528,1896,412
-17,97,-405,-48,28,-555,13,-14,23,33,-66,-31,-8,-3,88,9,3528,1896,412
-9,67,-421,-48,28,-555,9,-12,24,28,-65,-31,-2,-2,91,9,3528,1896,412
0,43,-432,-48,28,-555,5,-11,25,21,-61,-32,2,-1,93,9,3528,1896,412
13,23,-437,-48,28,-555,1,-12,27,14,-59,-31,8,-4,95,9,3528,1896,412
60,-10,-437,-48,28,-555,-3,-14,29,-2,-52,-30,18,-5,98,9,3528,1896,428
86,-30,-435,-48,28,-555,-5,-16,29,-10,-48,-31,22,0,98,9,3528,1896,428
106,-53,-436,-48,28,-555,-5,-16,30,-18,-46,-33,22,0,99,9,3528,1896,428
125,-99,-446,-48,28,-555,0,-20,30,-33,-42,-36,20,9,101,9,3528,1896,428
125,-114,-451,-48,28,-555,1,-23,30,-39,-41,-36,20,9,101,9,3528,1896,428
121,-124,-452,-48,28,-555,3,-26,31,-42,-38,-35,20,9,101,9,3528,1896,428
119,-129,-449,-48,28,-555,6,-31,31,-43,-34,-34,-21,-19,103,9,3528,1896,428
121,-134,-440,-48,28,-555,11,-38,30,9,41,-37,-15,-9,98,9,3528,1896,428
-100,7,147,-48,28,-555,13,-42,31,9,47,-36,-13,-7,97,9,3528,1896,428
-84,-21,166,-48,28,-555,17,-45,30,11,52,-35,-10,-2,99,9,3528,1896,428
-60,-42,183,-48,28,-555,17,-45,30,16,57,-34,-5,2,103,9,3528,1896,428
-12,-50,210,-48,28,-555,-36,63,21,27,66,-30,-7,10,113,9,3528,1896,428
5,-37,226,-48,28,-555,-27,57,21,32,69,-30,-9,12,116,9,3528,1896,428
19,-25,242,-48,28,-555,-19,49,21,35,71,-30,-10,16,117,9,3528,1896,428
24,-20,249,-48,28,-555,-10,40,22,35,73,-31,-5,19,118,9,3528,1896,428
12,-38,234,-48,28,-555,3,20,21,30,71,-34,1,23,115,9,3528,1896,428
-8,-56,213,-48,28,-555,7,11,21,26,70,-34,0,20,111,9,3528,1896,428
-40,-79,192,-48,28,-555,9,2,23,23,68,-34,0,18,105,9,3528,1896,428
-108,-131,173,-48,28,-555,13,-10,25,20,64,-34,1,17,98,9,3528,1896,428
-129,-157,185,-48,28,-555,12,-16,26,18,62,-33,3,19,100,9,3528,1896,428
-132,-180,209,-48,28,-555,13,-22,27,16,58,-32,5,23,103,9,3528,1896,428
-122,-198,240,-48,28,-555,15,-28,28,14,52,-32,5,23,106,9,3528,1896,428
-72,-217,294,-48,28,-555,19,-35,29,9,41,-35,3,15,107,9,3528,1896,428
-49,-217,308,-48,28,-555,19,-37,29,5,36,-34,7,9,107,9,3528,1896,428
-28,-210,319,-48,28,-555,18,-37,29,1,31,-33,11,5,108,9,3528,1896,428
-10,-195,335,-48,28,-555,16,-37,30,-2,26,-33,14,1,108,9,3528,1896,428
24,-152,369,-48,28,-555,9,-32,32,-8,18,-35,14,-5,109,9,3528,1896,428
26,-131,370,-48,28,-555,5,-30,31,-8,16,-35,12,-9,109,9,3528,1896,428
15,-110,360,-48,28,-555,1,-28,31,-7,15,-36,12,-11,109,9,3528,1896,428
-8,-87,342,-48,28,-555,0,-24,31,-8,13,-36,14,-11,109,9,3528,1896,428
-60,-30,321,-48,28,-555,0,-14,28,-9,10,-35,21,-3,108,9,3528,1896,428
-80,-2,322,-48,28,-555,0,-9,26,-9,9,-34,27,0,103,9,3528,1896,428
-87,20,328,-48,28,-555,0,-3,25,-8,10,-34,27,0,103,9,3528,1896,428
-89,61,334,-48,28,-555,0,7,23,-2,11,-33,-4,-8,100,9,3528,1896,428
-89,80,333,-48,28,-555,-1,12,23,-2,11,-33,-8,-9,99,9,3528,1896,428
-89,80,333,-48,28,-555,-4,16,23,7,-39,-32,-13,-13,99,9,3528,1896,428
27,78,-371,-48,28,-555,-6,19,23,11,-39,-32,-15,-13,103,9,3528,1896,428
82,50,-382,-48,28,-555,-6,19,23,16,-40,-32,-19,-5,110,9,3528,1896,428
106,31,-380,-48,28,-555,44,-46,25,16,-42,-31,-18,-5,112,9,3528,1896,428
123,5,-375,-48,28,-555,44,-50,26,15,-45,-32,-20,-10,112,9,3528,1896,428
133,-22,-370,-48,28,-555,43,-54,27,13,-48,-33,-17,-10,110,9,3528,1896,428
143,-67,-359,-48,28,-555,40,-53,28,8,-51,-32,-18,-1,110,9,3528,1896,428
146,-80,-350,-48,28,-555,38,-51,28,3,-52,-31,-14,-6,104,9,3528,1896,428
151,-91,-343,-48,28,-555,35,-48,26,0,-51,-32,-12,-3,101,9,3528,1896,428
155,-102,-335,-48,28,-555,32,-43,25,-5,-49,-32,-12,-8,98,9,3528,1896,428
145,-124,-315,-48,28,-555,25,-31,25,-13,-41,-32,-1,-2,99,9,3528,1896,428
135,-131,-307,-48,28,-555,20,-24,25,-17,-37,-32,-2,-2,98,9,3528,1896,428
125,-131,-301,-48,28,-555,18,-17,24,-20,-33,-32,-1,0,94,9,3528,1896,428
114,-111,-292,-48,28,-555,13,-3,25,-24,-19,-33,8,7,93,9,3528,1896,428
109,-95,-286,-48,28,-555,9,3,25,-23,-10,-34,11,8,93,9,3528,1896,428
105,-77,-277,-48,28,-555,4,8,25,-22,-4,-35,11,6,95,9,3528,1896,428
104,-64,-263,-48,28,-555,-1,11,25,-21,1,-35,11,5,101,9,3528,1896,428
122,-51,-234,-48,28,-555,-14,13,27,-13,12,-36,11,2,109,9,3528,1896,428
143,-49,-216,-48,28,-555,-20,13,28,-7,17,-36,14,-4,109,9,3528,1896,428
168,-46,-196,-48,28,-555,-26,12,29,-2,23,-36,15,-8,110,9,3528,1896,428
188,-37,-170,-48,28,-555,-29,10,30,3,27,-35,17,-12,108,9,3528,1896,428
200,-3,-114,-48,28,-555,-30,5,31,12,30,-34,17,-16,102,9,3528,1896,428
196,20,-92,-48,28,-555,-26,2,31,12,28,-34,17,-15,101,9,3528,1896,428
196,42,-77,-48,28,-555,-22,0,31,11,27,-33,17,-14,101,9,3528,1896,428
204,57,-63,-48,28,-555,-18,0,30,11,25,-33,16,-11,101,9,3528,1896,428
227,71,-40,-48,28,-555,-8,0,29,7,20,-35,-4,22,109,9,3528,1896,428
232,75,-36,-48,28,-555,-4,2,28,3,17,-35,-1,25,105,9,3528,1896,428
222,75,-35,-48,28,-555,-3,7,26,3,17,-35,4,23,105,9,3528,1896,428
222,75,-35,-92,-24,-367,-4,12,26,-2,23,-33,10,23,106,9,3528,1896,428
-110,-111,224,-80,-30,-450,-5,17,26,0,35,-33,14,21,103,9,3528,1896,428
-114,-109,223,-71,-38,-487,-11,19,25,1,40,-34,13,19,103,9,3528,1896,428
-119,-108,219,-64,-48,-522,-12,14,26,3,44,-33,17,16,102,9,3528,1896,428
-127,-106,218,-64,-48,-522,-14,7,27,5,47,-33,23,13,102,9,3528,1896,428
-136,-102,218,-64,-48,-522,-14,0,29,8,48,-33,27,12,104,9,3528,1896,428
-155,-88,216,-64,-48,-522,-12,-12,30,11,48,-32,30,11,101,9,3528,1896,428
-156,-80,211,-64,-48,-522,-10,-20,31,11,47,-32,33,7,99,9,3528,1896,428
-149,-74,210,-64,-48,-522,-8,-27,32,10,44,-32,36,4,97,9,3528,1896,428
-133,-68,212,-64,-48,-522,-6,-33,32,9,39,-32,35,0,94,9,3528,1896,428
-91,-50,235,-64,-48,-522,-5,-42,34,4,30,-32,33,-9,87,9,3528,1896,428
-77,-39,246,-64,-48,-522,-6,-46,35,2,24,-33,30,-12,86,9,3528,1896,428
-70,-28,254,-64,-48,-522,-6,-49,36,0,19,-33,27,-19,88,9,3528,1896,428
-69,-20,260,-64,-48,-522,-6,-50,36,0,15,-34,25,-26,90,9,3528,1896,428
-65,-19,292,-64,-48,-522,-2,-50,36,-3,5,-32,24,-28,97,9,3528,1896,428
-57,-22,317,-64,-48,-522,2,-50,36,-4,0,-32,20,-24,98,9,3528,1896,428
-50,-27,339,-64,-48,-522,7,-48,33,-3,-3,-32,15,-20,98,9,3528,1896,444
-51,-24,325,-64,-48,-522,23,-41,29,1,-9,-33,3,-11,101,9,3528,1896,444
-48,-13,297,-64,-48,-522,31,-39,26,3,-13,-33,-2,-4,104,9,3528,1896,444
-44,3,269,-64,-48,-522,38,-36,24,4,-16,-33,-5,1,108,9,3528,1896,444
-38,26,244,-64,-48,-522,44,-32,23,2,-19,-33,-2,5,112,9,3528,1896,444
-27,82,200,-64,-48,-522,52,-24,21,0,-26,-35,3,16,117,9,3528,1896,444
-26,111,182,-64,-48,-522,52,-20,19,-1,-29,-35,-635,-1341,-1139,9,3528,1896,444
-29,137,170,-64,-48,-522,48,-16,18,-2,-31,-35,-635,-1341,-1139,9,3528,1896,444
-39,158,159,-64,-48,-522,42,-13,19,-4,-32,-35,8,-15,95,9,3528,1896,444
-63,190,136,-64,-48,-522,25,-9,21,7,22,-33,9,-18,96,9,3528,1896,444
-63,190,136,-64,-48,-522,16,-6,22,6,25,-33,9,-22,97,9,3528,1896,444
116,-17,-359,-64,-48,-522,10,-5,23,4,29,-34,11,-24,97,9,3528,1896,444
122,-25,-363,-64,-48,-522,4,-3,25,3,30,-34,9,-25,96,9,3528,1896,444
130,-37,-367,-64,-48,-522,-7,-15,31,4,32,-33,11,-24,95,9,3528,1896,444
132,-40,-366,-64,-48,-522,-3,-14,30,6,31,-34,15,-17,95,9,3528,1896,444
130,-42,-362,-64,-48,-522,0,-14,29,7,29,-33,16,-11,96,9,3528,1896,444
115,-54,-334,-64,-48,-522,8,-15,28,7,27,-33,17,3,99,9,3528,1896,444
107,-65,-310,-64,-48,-522,13,-16,27,7,25,-34,19,9,102,9,3528,1896,444
100,-71,-282,-64,-48,-522,19,-18,26,6,24,-34,20,10,103,9,3528,1896,444
96,-70,-255,-64,-48,-522,24,-20,25,3,22,-35,21,2,102,9,3528,1896,444
79,-50,-204,-64,-48,-522,28,-21,23,-6,12,-36,16,-1,98,9,3528,1896,444
68,-41,-174,-64,-48,-522,27,-19,23,-10,4,-37,15,0,97,9,3528,1896,444
63,-34,-145,-64,-48,-522,25,-15,23,-14,-2,-37,12,3,98,9,3528,1896,444
62,-26,-110,-64,-48,-522,22,-11,22,-17,-10,-36,9,6,100,9,3528,1896,444
79,-2,-51,-64,-48,-522,16,0,22,-18,-20,-34,1,10,109,9,3528,1896,444
96,3,-37,-64,-48,-522,14,4,22,-16,-23,-35,-2,10,110,9,3528,1896,444
118,3,-36,-64,-48,-522,10,8,22,-13,-24,-35,-5,9,110,9,3528,1896,444
143,-1,-45,-64,-48,-522,5,13,23,-9,-21,-34,-7,7,110,9,3528,1896,444
165,-14,-77,-123,19,-88,-4,21,23,-4,-19,-33,-12,0,107,9,3528,1896,444
146,-16,-95,-122,13,-116,-10,25,24,-3,-21,-33,-16,-3,106,9,3528,1896,444
107,-16,-117,-126,11,-140,-17,28,25,-3,-23,-34,-19,-3,104,9,3528,1896,444
53,-13,-138,-133,11,-160,-24,31,25,-1,-26,-32,-21,-2,104,9,3528,1896,444
-71,-4,-134,-146,12,-194,-35,39,27,1,-26,-30,-20,0,104,9,3528,1896,444
-117,4,-107,-145,12,-216,-37,42,28,5,-23,-31,5,-2,102,9,3528,1896,444
-140,9,-65,-139,8,-245,-38,45,28,5,-23,-31,3,-4,101,9,3528,1896,444
-139,9,-10,-131,3,-276,-37,45,28,1,-1,-35,-1,-5,102,9,3528,1896,444
-139,9,-10,-121,2,-309,-33,44,28,5,-3,-34,-4,-5,103,9,3528,1896,444
-89,-48,225,-102,4,-373,-24,41,25,14,-5,-32,-8,-7,106,9,3528,1896,444
-101,-36,221,-102,4,-373,-19,37,25,17,-6,-31,-6,-9,107,9,3528,1896,444
-109,-25,222,-102,4,-373,-19,37,25,18,-6,-31,-3,-10,106,9,3528,1896,444
-110,-14,225,-102,4,-373,-6,0,28,18,-5,-31,2,-10,103,9,3528,1896,444
-99,16,229,-102,4,-373,-16,2,29,15,0,-32,16,-10,94,9,3528,1896,444
-91,38,225,-102,4,-373,-19,3,29,13,2,-32,20,-8,90,9,3528,1896,444
-83,59,216,-102,4,-373,-19,3,29,10,6,-33,21,-6,89,9,3528,1896,444
-74,77,209,-102,4,-373,-17,1,29,8,10,-34,20,-4,90,9,3528,1896,444
-69,82,224,-102,4,-373,-10,-5,29,1,15,-33,18,2,94,9,3528,1896,444
-70,84,238,-102,4,-373,-6,-8,29,-2,16,-33,20,7,96,9,3528,1896,444
-67,93,248,-102,4,-373,-2,-11,29,-7,15,-33,23,10,97,9,3528,1896,444
-36,115,254,-102,4,-373,1,-21,28,-12,13,-34,27,16,99,9,3528,1896,444
-14,126,254,-102,4,-373,3,-27,29,-12,12,-35,25,16,101,9,3528,1896,444
6,137,251,-102,4,-373,3,-31,29,-11,9,-34,23,15,104,9,3528,1896,444
17,153,242,-102,4,-373,5,-35,29,-11,6,-34,19,13,108,9,3528,1896,444
12,194,199,-102,4,-373,10,-40,31,-8,0,-32,14,9,113,9,3528,1896,444
5,211,168,-102,4,-373,15,-42,30,-6,-5,-32,11,8,113,9,3528,1896,444
0,220,134,-102,4,-373,18,-43,31,-3,-10,-32,9,9,114,9,3528,1896,444
-5,226,101,-102,4,-373,22,-41,29,-1,-14,-32,6,9,114,9,3528,1896,444
-23,227,17,-102,4,-373,29,-37,26,2,-23,-32,0,5,110,9,3528,1896,444
-36,223,-33,-102,4,-373,30,-33,24,3,-26,-33,-2,4,107,9,3528,1896,444
-50,211,-89,-102,4,-373,31,-28,23,4,-28,-33,-4,4,106,9,3528,1896,444
-62,187,-144,-102,4,-373,30,-22,22,5,-29,-34,-4,6,104,9,3528,1896,444
-86,132,-236,-102,4,-373,23,-10,22,8,-29,-33,18,-14,95,9,3528,1896,444
-93,106,-264,-102,4,-373,18,-5,22,9,-27,-33,18,-14,95,9,3528,1896,444
-94,87,-279,-102,4,-373,13,-2,22,9,-27,-33,18,-14,96,9,3528,1896,444
-84,74,-283,-102,4,-373,3,2,23,-17,-3,-36,14,-18,95,9,3528,1896,444
135,23,-276,-102,4,-373,0,5,23,-13,-5,-36,12,-21,95,9,3528,1896,444
143,27,-250,-102,4,-373,-3,6,24,-8,-7,-35,12,-21,97,9,3528,1896,444
157,26,-222,-102,4,-373,-4,7,25,-2,-9,-35,12,-18,98,9,3528,1896,444
185,17,-161,-102,4,-373,2,-11,27,3,-11,-35,13,-12,100,9,3528,1896,444
189,18,-136,-102,4,-373,0,-5,26,4,-11,-34,12,-9,102,9,3528,1896,444
184,20,-117,-102,4,-373,-1,0,26,5,-10,-34,9,-5,102,9,3528,1896,444
169,18,-104,-102,4,-373,-2,5,26,4,-8,-34,6,-2,101,9,3528,1896,444
120,9,-78,-102,4,-373,-7,19,25,-1,-4,-36,0,2,103,9,3528,1896,444
96,7,-67,-102,4,-373,-8,25,24,-5,-2,-35,-4,5,104,9,3528,1896,444
72,4,-51,-102,4,-373,-10,30,23,-7,0,-35,-6,7,104,9,3528,1896,444
46,3,-35,-102,4,-373,-12,35,23,-8,1,-35,-7,7,104,9,3528,1896,444
-13,4,-7,-102,4,-373,-17,43,24,-10,7,-37,-8,7,104,9,3528,1896,444
-44,3,11,-102,4,-373,-18,48,24,-11,9,-37,-8,8,104,9,3528,1896,444
-71,0,40,-102,4,-373,-18,52,24,-11,11,-36,-8,10,105,9,3528,1896,444
-84,-3,74,-102,4,-373,-19,55,23,-9,14,-35,-7,13,107,9,3528,1896,444
-82,-13,145,-102,4,-373,-21,60,23,-5,18,-35,-13,12,109,9,3519,1896,460
-78,-26,170,-102,4,-373,-25,61,23,-2,19,-35,-12,13,110,9,3519,1896,460
-76,-40,188,-102,4,-373,-28,60,25,0,20,-36,-12,16,109,9,3519,1896,460
-64,-68,219,-115,-20,-401,-34,56,27,6,23,-35,-15,11,111,9,3519,1896,460
-57,-81,237,-102,-24,-429,-35,53,27,10,25,-34,-16,9,111,9,3519,1896,460
-51,-91,248,750,941,-889,-34,48,27,15,26,-33,-13,7,109,9,3519,1896,460
-42,-98,249,750,941,-889,-32,44,26,20,27,-32,-11,5,108,9,3519,1896,460
-32,-101,239,750,941,-889,-24,33,26,26,27,-32,-7,5,105,9,3519,1896,460
-39,-99,226,750,941,-889,-19,28,27,26,27,-33,-4,8,105,9,3519,1896,460
-50,-95,209,750,941,-889,-14,22,26,24,27,-34,-4,8,105,9,3519,1896,460
-65,-93,193,750,941,-889,-10,16,26,22,26,-33,18,7,91,9,3519,1896,460
-88,-102,164,750,941,-889,-4,4,26,0,1,-36,18,10,94,9,3519,1896,460
-88,-102,164,750,941,-889,-1,-1,26,0,0,-36,17,10,96,9,3519,1896,460
-55,67,260,750,941,-889,0,-6,25,0,-1,-35,16,8,99,9,3519,1896,460
-33,87,266,750,941,-889,2,-10,25,-1,-3,-35,13,4,100,9,3519,1896,460
0,121,254,750,941,-889,4,-15,26,-5,-8,-34,3,-3,103,9,3519,1896,460
10,132,240,750,941,-889,-1,-8,28,-6,-10,-34,0,-5,105,9,3519,1896,460
17,141,224,750,941,-889,1,-11,26,-7,-14,-34,-2,-5,106,9,3519,1896,460
19,156,190,750,941,-889,7,-17,28,-6,-22,-34,-7,-6,110,9,3519,1896,460
12,163,169,750,941,-889,8,-18,28,-4,-26,-35,-8,-5,112,9,3519,1896,460
4,170,146,750,941,-889,10,-19,27,-1,-30,-35,-8,-3,114,9,3519,1896,460
-3,177,121,750,941,-889,12,-20,28,0,-33,-36,-9,0,114,9,3519,1896,460
-17,184,70,750,941,-889,16,-20,26,3,-39,-35,-9,4,113,9,3519,1896,460
-20,186,46,750,941,-889,18,-19,26,5,-40,-36,-9,7,111,9,3519,1896,460
-19,189,25,750,941,-889,20,-16,24,8,-40,-35,-11,10,108,9,3519,1896,460
-13,192,5,750,941,-889,22,-14,22,11,-40,-35,-13,13,105,9,3519,1896,460
0,194,-39,750,941,-889,25,-11,22,15,-38,-35,-17,14,107,9,3519,1896,460
2,193,-65,750,941,-889,25,-10,21,17,-37,-35,-17,15,106,9,3519,1896,460
2,188,-95,750,941,-889,25,-9,21,19,-35,-36,-17,16,106,9,3519,1896,460
2,179,-127,750,941,-889,24,-10,22,20,-34,-36,-19,6,103,9,3519,1896,460
4,149,-192,750,941,-889,21,-11,23,18,-29,-36,-7,23,107,9,3519,1896,460
4,130,-224,750,941,-889,19,-11,23,15,-27,-36,-1,24,108,9,3519,1896,460
9,109,-255,750,941,-889,14,-12,25,12,-25,-36,0,23,108,9,3519,1896,460
23,58,-311,750,941,-889,3,-14,29,2,-22,-37,1,15,109,9,3519,1896,460
32,32,-339,750,941,-889,-1,-16,31,-2,-19,-37,3,12,112,9,3519,1896,460
39,7,-366,750,941,-889,-5,-19,31,-6,-17,-37,7,11,111,9,3519,1896,460
42,-11,-390,750,941,-889,-9,-21,33,-10,-15,-37,326,914,-2110,9,3519,1896,460
56,-44,-429,750,941,-889,-15,-26,34,-13,-12,-37,-10,8,107,9,3519,1896,460
67,-61,-444,750,941,-889,-16,-29,33,-13,-12,-37,-13,10,107,9,3519,1896,460
78,-75,-455,750,941,-889,-15,-31,34,15,6,-35,-15,10,107,9,3519,1896,460
78,-75,-455,750,941,-889,-12,-32,34,15,7,-34,-18,7,106,9,3519,1896,460
-25,-18,65,750,941,-889,-2,-33,33,13,5,-35,-20,7,104,9,3519,1896,460
-32,-28,96,750,941,-889,4,-33,31,11,3,-37,-20,8,103,9,3519,1896,460
-36,-36,129,750,941,-889,4,-33,31,8,1,-38,-22,10,106,9,3519,1896,460
-37,-44,163,750,941,-889,-13,43,24,5,1,-39,-19,11,107,9,3519,1896,460
-37,-67,218,750,941,-889,-13,44,25,0,4,-37,-16,15,110,9,3519,1896,460
-35,-78,230,750,941,-889,-14,45,25,0,5,-35,-15,17,110,9,3519,1896,460
-32,-85,233,750,941,-889,-15,45,26,1,7,-35,-13,21,110,9,3519,1896,460
-28,-93,217,750,941,-889,-17,45,26,1,11,-34,-13,21,110,9,3519,1896,460
-32,-98,210,750,941,-889,-19,45,26,1,15,-35,-10,21,110,9,3519,1896,460
-37,-102,206,750,941,-889,-20,44,27,1,19,-35,-5,21,110,9,3519,1896,460
-46,-107,200,750,941,-889,-21,44,27,1,22,-35,-2,20,111,9,3519,1896,460
-60,-113,174,750,941,-889,-22,45,27,0,30,-33,3,22,110,9,3519,1896,460
-64,-109,159,750,941,-889,-22,45,28,0,34,-33,8,22,109,9,3519,1896,460
-68,-105,148,750,941,-889,-23,42,28,0,38,-33,10,16,109,9,3519,1896,460
-72,-98,142,750,941,-889,-26,41,28,0,42,-34,10,12,110,9,3519,1896,460
-82,-89,146,750,941,-889,-30,32,29,0,49,-35,5,7,107,9,3519,1896,460
-94,-87,147,750,941,-889,-31,28,30,1,51,-35,6,1,104,9,3519,1896,460
-104,-81,147,750,941,-889,-32,23,31,2,53,-34,10,-2,101,9,3519,1896,460
-107,-77,150,750,941,-889,-32,19,31,5,55,-34,13,-4,101,9,3519,1896,460
-107,-77,152,750,941,-889,-28,10,32,13,58,-33,16,-6,102,9,3519,1896,460
-108,-77,147,750,941,-889,-24,5,33,16,60,-33,17,-8,100,9,3519,1896,460
-106,-75,143,750,941,-889,-20,0,32,18,59,-33,18,-10,98,9,3519,1896,460
-84,-72,164,750,941,-889,-9,-9,30,21,56,-32,17,-11,96,9,3519,1896,460
-65,-74,187,750,941,-889,-4,-14,30,21,53,-32,-2,-3,103,9,3519,1896,460
-44,-78,214,750,941,-889,0,-19,29,19,50,-32,0,1,102,9,3519,1896,460
-24,-83,238,750,941,-889,2,-23,28,19,50,-32,2,6,100,9,3519,1896,460
-7,-87,256,750,941,-889,7,-29,28,-10,-62,-37,8,16,99,9,3519,1896,460
-64,279,-82,750,941,-889,8,-29,28,-12,-69,-37,9,19,100,9,3519,1896,460
-65,269,-140,750,941,-889,10,-30,27,-14,-75,-37,8,22,103,9,3519,1896,460
-61,251,-195,750,941,-889,12,-30,27,-15,-80,-36,6,26,105,9,3519,1896,460
-38,198,-286,750,941,-889,1,-3,26,-20,-90,-36,7,32,113,9,3519,1896,460
-23,165,-323,750,941,-889,1,-9,28,-22,-93,-36,9,34,115,9,3519,1896,460
-11,132,-353,750,941,-889,1,-15,29,-23,-96,-35,12,36,115,9,3519,1896,460
-1,98,-380,750,941,-889,2,-21,29,-24,-98,-34,11,35,115,9,3519,1896,460
17,43,-413,750,941,-889,6,-34,30,-26,-100,-34,9,17,111,9,3519,1896,460
31,21,-417,750,941,-889,9,-39,30,-26,-99,-34,7,9,110,9,3519,1896,460
45,-1,-418,750,941,-889,12,-43,30,-23,-99,-34,1,1,107,9,3519,1896,460
59,-19,-419,750,941,-889,14,-46,30,-21,-97,-35,-3,-5,105,9,3519,1896,460
90,-46,-429,750,941,-889,20,-49,29,-19,-90,-35,-4,-13,99,9,3519,1896,460
104,-59,-430,750,941,-889,23,-49,28,-17,-84,-36,-3,-17,96,9,3528,1896,476
115,-72,-426,750,941,-889,26,-47,27,-17,-78,-35,-4,-23,96,9,3528,1896,476
132,-91,-406,750,941,-889,23,-36,26,-15,-62,-34,-6,-33,93,9,3528,1896,476
137,-94,-394,750,941,-889,18,-30,27,-14,-52,-35,-5,-37,89,9,3528,1896,476
140,-93,-381,750,941,-889,14,-24,27,-13,-40,-35,-1,-36,87,9,3528,1896,476
138,-88,-371,750,941,-889,9,-16,27,-11,-29,-36,1,-33,87,9,3528,1896,476
133,-74,-350,750,941,-889,0,0,27,-7,-6,-36,2,-23,91,9,3528,1896,476
128,-67,-336,750,941,-889,-5,6,27,-5,3,-36,2,-18,96,9,3528,1896,476
125,-59,-319,750,941,-889,-9,12,27,-2,13,-35,2,-14,100,9,3528,1896,476
125,-50,-301,750,941,-889,-12,17,27,0,23,-35,1,-11,102,9,3528,1896,476
144,-26,-264,750,941,-889,-13,25,27,7,42,-34,1,-7,106,9,3528,1896,476
161,-15,-244,750,941,-889,-13,29,26,11,52,-33,1,-7,106,9,3528,1896,476
179,-2,-227,750,941,-889,-14,32,26,14,59,-32,-8,6,106,9,3528,1896,476
195,9,-209,750,941,-889,-15,34,26,14,64,-33,-5,8,106,9,3528,1896,476
213,36,-175,750,941,-889,-20,36,27,0,-12,-37,-4,15,107,9,3528,1896,476
213,36,-175,750,941,-889,-20,35,27,-3,-10,-36,-3,16,107,9,3528,1896,476
-59,-41,115,750,941,-889,-20,35,27,-3,-7,-35,-3,20,110,9,3528,1896,476
-65,-47,102,750,941,-889,-17,32,26,-3,-4,-34,-2,12,106,9,3528,1896,476
-63,-61,92,750,941,-889,-17,32,26,-2,-4,-35,-4,4,104,9,3528,1896,476
-56,-74,83,750,941,-889,-17,32,26,-1,-5,-36,-4,-2,103,9,3528,1896,476
-50,-86,83,750,941,-889,-8,-13,30,-1,-6,-36,-3,-5,101,9,3528,1896,476
-46,-102,113,-113,223,10,0,-24,29,-4,-10,-35,2,-6,101,9,3528,1896,476
-42,-107,137,-180,167,-1,4,-31,29,-5,-12,-35,-3,-19,100,9,3528,1896,476
-37,-110,167,-262,104,-64,9,-35,29,-5,-13,-35,10,3,107,9,3528,1896,476
-36,-114,192,-324,49,-172,14,-39,29,-6,-13,-35,13,2,109,9,3528,1896,476
-40,-118,231,-336,-22,-440,26,-44,27,-6,-9,-36,13,0,108,9,3528,1896,476
-35,-116,252,-296,-45,-575,31,-46,26,-5,-7,-35,14,0,107,9,3528,1896,476
-30,-111,272,-237,-59,-703,35,-46,25,-4,-6,-35,16,-2,105,9,3528,1896,476
-22,-100,290,-174,-68,-812,36,-46,25,-3,-6,-34,17,-3,104,9,3528,1896,476
-11,-82,305,-111,-71,-894,34,-45,25,-2,-5,-34,18,-5,101,9,3528,1896,476
5,-49,317,1,-62,-968,28,-42,28,-2,-4,-34,19,-11,103,9,3528,1896,476
12,-28,310,41,-72,-974,23,-40,28,-3,-3,-34,19,-14,108,9,3528,1896,476
13,-10,299,13,-10,299,18,-37,29,-5,-2,-35,21,-19,108,9,3528,1896,476
7,4,286,7,4,286,14,-35,29,-8,0,-34,22,-17,111,9,3528,1896,476
1,12,276,1,12,276,9,-31,29,-10,1,-33,30,-15,111,9,3528,1896,476
-11,4,268,-11,4,268,1,-23,30,-14,4,-32,-977,251,562,9,3528,1896,476
-23,-5,271,-23,-5,271,-3,-18,30,-16,5,-32,-37,33,116,9,3528,1896,476
-38,-14,277,-38,-14,277,-9,-13,31,-18,5,-32,-38,32,115,9,3528,1896,476
-71,-9,282,-71,-9,282,-20,-2,31,38,-39,-35,-33,22,113,9,3528,1896,476
-71,-9,282,-33,22,113,-26,3,31,31,-38,-34,-27,19,116,9,3528,1896,476
57,144,-314,57,144,-314,-32,7,32,23,-36,-34,-20,12,113,9,3528,1896,476
56,115,-355,56,115,-355,-36,11,33,17,-32,-34,-16,3,109,9,3528,1896,476
