-60,147,766,137,-57,345,-64,326,128,-139,-196,380,-157,55,114,9,10,5,3
-163,215,828,132,-18,348,339,343,147,380,316,-38,-220,81,75,9,10,5,3
-240,273,842,131,-11,321,472,276,165,469,342,-72,-227,82,95,9,10,5,3
-271,340,841,137,-9,295,490,190,173,487,362,-124,-244,84,122,9,10,5,3
427,303,-531,190,76,-46,120,-425,24,443,367,-184,64,1,-4,9,10,5,3
438,272,-662,167,85,15,114,-396,36,97,-119,67,79,18,11,9,10,5,3
424,231,-832,149,95,62,103,-374,40,158,-168,89,93,30,14,9,10,5,3
366,161,-1021,139,104,95,104,-362,41,210,-231,110,108,39,5,9,10,5,3
-3718,338,-997,137,118,106,113,-359,39,262,-364,122,114,45,-10,9,10,5,3
-324,-208,1180,-47,-229,962,-753,-649,748,284,-607,124,-81,281,861,9,10,5,3
-292,-201,1163,14,-233,870,-626,-502,698,372,140,154,-79,310,818,9,10,5,3
-227,-159,1046,73,-235,762,-468,-348,629,84,373,-713,-78,335,739,9,10,5,3
-179,-107,884,125,-234,648,-324,-164,568,-81,251,-848,-74,355,628,9,10,5,3
-211,-88,727,166,-227,534,-236,75,465,-234,97,-963,-73,374,494,9,10,5,3
526,363,-372,47,235,247,-54,184,217,-323,-26,-985,169,15,223,9,10,5,3
476,374,-449,25,203,239,-155,327,174,-338,-140,-902,114,18,134,9,10,5,3
405,363,-524,-11,168,230,-192,430,136,-75,38,-173,74,18,68,9,10,5,3
332,334,-587,-51,132,221,-136,446,30,-139,93,-169,50,27,19,9,10,5,3
283,303,-636,-85,97,213,20,304,20,-219,115,-189,29,24,-10,9,10,5,3
-616,-572,430,238,-78,586,496,-68,713,-288,105,-208,-85,83,558,9,10,5,3
-617,-639,321,231,-68,504,574,-99,642,-326,82,-208,-66,72,465,9,10,5,3
-607,-668,177,224,-62,422,664,-109,561,497,-26,-798,-42,63,359,9,10,5,3
-598,-658,43,219,-61,334,715,-112,483,372,114,-800,-24,45,246,9,10,5,3
-563,-660,-45,220,-70,234,720,-40,450,252,272,-802,-3,8,123,9,10,5,3
378,408,341,-47,467,361,136,143,525,161,409,-786,96,389,705,9,10,5,3
339,455,484,-53,461,437,196,125,449,57,36,60,173,345,718,9,10,5,3
207,485,621,-69,432,507,232,105,397,66,36,60,198,263,645,9,10,5,3
77,491,723,-98,387,556,241,77,372,62,41,87,196,208,522,9,10,5,3
59,486,787,-136,337,578,168,1,387,55,33,80,174,176,393,9,10,5,3
238,-576,-139,283,105,244,38,-93,274,-399,292,198,71,-97,172,9,10,5,3
257,-557,-168,246,252,90,145,-120,242,-489,281,181,106,-113,128,9,10,5,3
261,-533,-209,228,278,75,239,-175,221,-505,248,159,130,-121,84,9,10,5,3
253,-516,-268,209,299,63,303,-212,219,-438,215,122,146,-127,45,9,10,5,3
-295,166,25,196,312,50,316,-284,186,-321,190,77,155,-128,12,9,10,5,3
-257,169,59,186,319,26,-79,82,316,223,-82,98,-62,175,266,9,10,5,3
-244,164,78,-34,-27,162,-65,14,265,203,-19,71,-40,119,195,9,10,5,3
-244,147,92,26,-7,119,-39,-8,233,182,53,39,-25,65,137,9,10,5,3
-72,-3783,242,93,9,84,0,-6,214,166,109,6,-13,14,95,9,10,5,3
-166,-261,-123,156,27,47,-155,-73,-10,18,80,-234,37,38,-148,9,10,5,3
-142,-246,-108,-88,77,-7,-203,-67,-29,-17,126,-199,39,35,-157,9,10,5,3
-121,-227,-96,-97,79,32,-252,-37,-37,-63,186,-159,36,26,-159,9,10,5,3
-105,-210,-90,-97,78,68,-276,9,-15,-106,228,-119,33,12,-153,9,10,5,3
2,-42,196,-83,75,101,27,66,79,-7,-10,8,32,-34,-38,9,10,5,3
13,-58,188,-78,160,176,-16,80,107,11,-50,14,44,-17,-44,9,10,5,3
13,-76,171,-90,172,205,-44,76,121,6,-72,18,58,2,-38,9,10,5,3
4,-99,153,-95,184,225,-36,52,130,-12,-66,45,69,21,-16,9,10,5,3
429,271,-114,-95,198,242,278,-143,180,15,132,-51,-45,144,131,9,10,5,3
441,313,-177,-95,214,259,307,-75,140,13,118,-101,-53,144,100,9,10,5,3
447,353,-234,-201,-227,-79,326,-1,110,1,114,-138,-61,146,63,9,10,5,3
449,395,-275,-198,-255,-82,320,71,90,-11,115,-170,-68,142,30,9,10,5,3
450,433,-299,-195,-277,-93,295,131,67,0,104,-192,-73,130,-3,9,10,5,3
-314,-567,-228,-188,-291,-111,-261,-59,31,214,111,-38,257,90,149,9,10,5,3
-312,-576,-191,-93,0,275,-319,-65,37,305,55,-72,207,93,141,9,10,5,3
-302,-580,-155,-64,-18,254,-379,-13,73,407,0,-116,164,81,134,9,10,5,3
-274,-579,-118,-40,-32,229,-423,65,137,516,-37,-152,126,66,138,9,10,5,3
-424,186,349,-29,-40,213,-217,-24,19,-178,280,-338,-219,68,-135,9,10,5,3
-417,147,359,-10,-227,86,-193,60,8,-131,284,-291,-225,48,-115,9,10,5,3
-409,106,387,14,-235,101,-188,154,-7,-43,289,-231,-217,29,-90,9,10,5,3
-397,49,418,36,-232,108,-201,221,-25,46,298,-164,-198,12,-61,9,10,5,3
635,-331,155,52,-221,107,376,-81,357,-211,389,247,-18,-21,338,9,10,5,3
639,-260,263,-2795,-2111,3156,395,-88,397,-376,216,221,-10,-43,365,9,10,5,3
633,-149,340,39,-122,-77,401,-80,399,-583,33,176,2,-60,378,9,10,5,3
625,-20,353,28,-127,-127,385,-85,391,-773,-127,89,19,-69,367,9,10,5,3
609,108,306,15,-136,-170,340,-79,397,-887,-282,37,39,-69,332,9,10,5,3
-319,-85,232,5,-148,-209,305,-20,-35,-164,21,-204,-20,46,-150,9,10,5,3
-272,-98,222,11,-202,208,190,47,-56,-78,59,-153,-56,52,-110,9,10,5,3
-223,-94,187,-43,-232,294,60,92,-47,10,36,-79,-86,57,-60,9,10,5,3
-192,-79,129,-106,-247,363,-65,110,-22,85,-70,-14,-104,59,-6,9,10,5,3
277,-81,-328,-171,-249,407,-513,-12,7,5,244,99,-31,-137,217,9,10,5,3
367,-125,-322,127,-116,312,-572,-14,8,58,353,151,-33,-147,222,9,10,5,3
460,-146,-275,128,-114,304,-594,16,26,91,465,204,-46,-138,215,9,10,5,3
534,-136,-177,125,-115,302,-566,53,56,88,557,258,-64,-111,202,9,10,5,3
-738,530,-400,105,-119,303,87,-80,48,251,-166,-205,86,-68,-197,9,10,5,3
-761,387,-300,82,-51,-121,49,-122,48,219,-84,-232,48,-53,-199,9,10,5,3
-757,277,-215,71,-77,-91,-11,-157,30,180,-10,-234,11,-35,-192,9,10,5,3
-737,185,-153,65,-99,-52,-74,-180,8,125,50,-224,-17,-11,-179,9,10,5,3
-707,94,-93,64,-117,-11,-134,-200,3,68,85,-201,-42,9,-162,9,10,5,3
110,45,312,64,-135,28,21,-178,129,0,-15,-20,39,9,12,9,10,5,3
93,75,332,105,7,105,81,-180,119,-27,-95,9,41,6,19,9,10,5,3
66,118,346,117,17,128,143,-146,108,-40,-72,13,45,4,23,9,10,5,3
34,170,338,124,21,148,181,-95,112,-40,-1,-21,53,-8,23,9,10,5,3
151,70,235,127,22,165,-291,-416,41,115,-158,-2,-66,-192,70,9,10,5,3
177,98,225,295,76,90,-244,-442,28,143,-166,-6,-80,-186,62,9,10,5,3
184,139,170,277,105,59,-199,-434,35,142,-175,-38,-96,-188,57,9,10,5,3
164,194,111,257,130,29,-137,-426,25,135,-164,-59,-120,-185,48,9,10,5,3
-1626,3572,1358,236,149,4,-52,-419,-1,144,-141,-48,-130,-187,35,9,10,5,3
77,-211,-87,216,164,-16,177,-239,20,230,40,-143,70,5,-147,9,10,5,3
49,-119,-21,3,79,-72,156,-235,23,224,76,-99,44,-22,-120,9,10,5,3
1,-53,33,19,78,-55,168,-131,40,203,114,-87,18,-43,-88,9,10,5,3
-69,8,62,35,77,-28,184,18,85,187,154,-100,-12,-52,-56,9,10,5,3
-150,70,63,49,67,-1,203,150,141,199,185,-122,-35,-51,-29,9,10,5,3
20,675,650,60,49,16,-44,6,206,20,-255,89,29,75,129,9,10,5,3
-48,633,661,59,137,193,-36,-47,196,27,-262,101,5,-43,121,9,10,5,3
-130,589,649,52,138,199,-24,-78,169,37,-247,106,19,-44,126,9,10,5,3
-211,550,616,45,134,204,-2,-91,162,64,-201,105,26,-32,125,9,10,5,3
141,-309,-325,41,131,208,81,-517,-4,-44,77,-65,34,-14,125,9,10,5,3
147,-286,-368,-99,178,-153,207,-531,-18,-32,84,-102,68,-22,-219,9,10,5,3
132,-271,-414,-111,171,-167,334,-508,-34,-14,73,-152,70,-28,-221,9,10,5,3
112,-254,-454,-121,164,-177,450,-466,-50,7,61,-192,71,-30,-216,9,10,5,3
2828,1676,-1533,-127,159,-182,547,-395,-72,30,41,-221,69,-31,-204,9,10,5,3
256,-214,-6,-130,153,-183,11,-330,227,76,-232,45,210,-50,146,9,10,5,3
316,-143,20,-52,242,215,-38,-316,225,-139,330,-62,188,-5,145,9,10,5,3
361,-62,39,-87,245,251,-24,-261,209,-184,413,-52,165,45,139,9,10,5,3
398,22,53,-125,234,287,18,-202,175,-205,412,-49,141,104,126,9,10,5,3
148,-476,-278,-161,208,307,-52,92,135,-199,350,-65,52,-99,15,9,10,5,3
143,-407,-354,-29,167,-7,-78,95,130,-122,181,-121,45,-87,-2,9,10,5,3
124,-364,-405,-28,161,-19,-117,88,122,-129,128,-134,34,-76,-22,9,10,5,3
102,-343,-437,-26,151,-31,-159,75,104,-131,93,-131,22,-66,-45,9,10,5,3
114,-336,-457,-27,139,-40,-190,49,72,-122,79,-129,10,-59,-72,9,10,5,3
110,309,52,-29,127,-46,312,39,124,-125,73,-135,106,69,6,9,10,5,3
64,343,131,-165,194,292,239,58,193,-112,48,118,167,90,77,9,10,5,3
31,370,210,-164,231,321,146,102,198,-47,105,102,223,110,138,9,10,5,3
19,391,279,-173,246,340,61,164,149,-5,163,74,265,134,183,9,10,5,3
165,-18,256,-190,239,349,194,149,166,0,205,43,-86,41,61,9,10,5,3
242,-75,134,-110,-240,70,167,136,213,143,191,-84,-59,28,93,9,10,5,3
306,-135,-27,-97,-228,79,128,156,217,147,137,-86,-30,13,128,9,10,5,3
337,-193,-215,-72,-212,85,82,199,205,121,71,-89,0,0,160,9,10,5,3
322,-213,-397,-39,-189,89,50,247,187,81,8,-116,26,-8,179,9,10,5,3
102,125,61,-4,-161,85,-307,-179,2,37,-47,-185,92,49,-69,9,10,5,3
42,120,101,-311,82,38,-315,-140,-2,-193,-242,-203,93,54,-69,9,10,5,3
-22,116,140,-327,65,48,-282,-110,1,-193,-228,-172,97,60,-68,9,10,5,3
-71,107,175,-338,49,63,-222,-76,16,-109,-174,-120,93,61,-69,9,10,5,3
-343,-57,622,-341,36,81,505,-158,370,18,-160,-51,-64,34,310,9,10,5,3
-342,-61,674,-9,-314,243,510,-75,347,-140,-95,-79,-67,21,305,9,10,5,3
-327,-58,709,35,-312,200,484,20,317,94,-90,-100,-77,13,292,9,10,5,3
-304,-54,725,77,-306,151,441,94,295,116,-68,-116,-87,5,274,9,10,5,3
-114,142,-330,112,-299,102,-576,-111,53,115,-37,-123,52,-93,5,9,10,5,3
-138,138,-329,409,131,-114,-64,9,-54,89,-27,-125,56,-110,-32,9,10,5,3
-165,121,-327,306,127,-139,21,109,-47,-70,164,-120,41,-123,-72,9,10,5,3
-182,86,-325,190,109,-164,75,198,-39,-61,161,-124,12,-123,-95,9,10,5,3
456,-3,-49,81,77,-174,82,240,-35,-62,136,-143,-8,-105,-91,9,10,5,3
490,15,-60,-6,33,-163,44,231,-26,-76,93,-163,28,74,139,9,10,5,3
504,26,-64,57,64,55,48,-64,124,-96,46,-170,15,65,106,9,10,5,3
496,37,-56,55,42,68,5,-62,152,167,-187,-104,5,57,69,9,10,5,3
477,61,-50,65,19,83,-26,-69,167,164,-19,-75,-2,47,30,9,10,5,3
103,-416,475,86,0,99,-53,-75,177,164,143,-41,-1,40,-3,9,10,5,3
160,-414,506,112,-16,114,-73,-71,185,175,294,-1,-29,62,111,9,10,5,3
208,-404,531,-9,-164,10,-215,-27,-16,65,20,-240,-26,54,61,9,10,5,3
246,-395,559,6,-196,-8,-69,91,12,93,5,-203,-19,45,8,9,10,5,3
3604,-213,380,22,-221,-13,79,186,26,128,-31,-159,-6,40,-38,9,10,5,3
-176,11,-180,35,-240,-13,216,251,21,163,-82,-131,82,27,105,9,10,5,3
-141,19,-172,42,-249,-12,332,287,19,179,-113,-130,94,28,97,9,10,5,3
-115,32,-178,85,16,-118,-165,-32,-81,294,-41,-207,102,30,75,9,10,5,3
-100,50,-199,83,20,-125,-173,-83,-91,316,-81,-258,104,31,45,9,10,5,3
-1,85,-167,82,21,-121,-169,-136,-89,262,-36,-310,-246,-86,80,9,10,5,3
17,98,-121,81,20,-111,-147,-192,-82,202,25,-328,-232,-116,55,9,10,5,3
36,112,-82,339,-36,50,-17,-252,13,99,-84,-32,-217,-141,28,9,10,5,3
59,109,-51,329,-27,34,48,-325,21,81,-75,-6,-206,-155,4,9,10,5,3
346,-156,381,320,-9,25,66,-371,42,81,-79,16,-95,-76,52,9,10,5,3
293,-32,377,312,17,27,51,-375,68,94,-88,34,-117,-64,79,9,10,5,3
203,76,372,200,66,293,9,-15,195,-107,-188,-49,-141,-55,117,9,10,5,3
100,160,366,194,77,320,-15,-6,187,-147,-201,-41,-153,-56,160,9,10,5,3
4,207,353,181,86,336,-28,15,214,-173,-211,-38,-143,-73,194,9,10,5,3
200,-338,-457,163,90,340,-49,33,253,-192,-227,-40,118,7,-483,9,10,5,3
177,-322,-441,114,-6,-262,510,93,321,24,219,-139,117,14,-481,9,10,5,3
141,-316,-417,-132,66,455,205,469,567,51,242,-43,113,21,-470,9,10,5,3
98,-315,-403,-149,-20,504,139,952,591,45,249,75,100,20,-449,9,10,5,3
-26,218,177,-176,-84,501,272,1226,389,-5,242,181,31,133,-23,9,10,5,3
-54,211,132,-203,-113,454,710,1147,182,-48,250,253,35,132,-43,9,10,5,3
-110,197,78,-216,-110,373,124,278,37,519,-69,-246,40,127,-64,9,10,5,3
-161,171,13,-61,69,257,107,294,21,563,63,-130,40,111,-79,9,10,5,3
-192,137,-41,-67,85,250,80,284,14,536,238,13,24,92,-85,9,10,5,3
231,73,197,-65,95,235,63,233,26,484,410,125,80,-68,160,9,10,5,3
243,119,204,-61,108,206,56,134,45,408,538,203,82,-71,162,9,10,5,3
241,171,220,-59,117,163,252,-72,-49,136,-105,-91,81,-82,151,9,10,5,3
215,231,242,-20,308,26,274,-49,-52,161,-94,-85,74,-101,135,9,10,5,3
167,289,262,-42,300,23,277,-14,-49,184,-69,-68,71,-121,118,9,10,5,3
359,-203,-364,-59,288,14,246,30,-39,212,-31,-42,-185,155,-73,9,10,5,3
384,-192,-420,-71,284,7,188,69,-20,235,0,-18,-213,169,-37,9,10,5,3
401,-179,-461,-80,286,12,5,151,54,297,-64,-155,-230,173,6,9,10,5,3
404,-172,-496,-128,-83,38,-18,157,45,269,17,-193,-237,163,51,9,10,5,3
402,-161,-533,-148,-88,40,-39,164,39,169,135,-177,-236,138,84,9,10,5,3
-306,-270,228,-175,-98,42,-64,170,27,94,237,-150,193,-36,124,9,10,5,3
-245,-216,250,-205,-111,46,-82,191,14,96,301,-154,216,-39,132,9,10,5,3
-216,-183,260,-225,-125,51,97,-39,224,-18,66,304,233,-32,134,9,10,5,3
-193,-173,257,-701,204,586,57,-56,252,-44,164,293,243,-21,131,9,10,5,3
-187,-178,258,-719,62,555,0,-108,278,-40,205,282,250,-8,128,9,10,5,3
567,564,-688,-705,-92,505,-80,-200,336,-4,202,288,-212,-14,-162,9,10,5,3
526,578,-886,-656,-248,436,-146,-313,408,55,203,304,-208,-11,-157,9,10,5,3
473,567,-1048,-576,-393,352,-318,-286,-129,-30,-12,-533,-213,-11,-157,9,10,5,3
417,534,-1174,161,-158,-309,-258,-301,-99,-51,32,-496,-212,-19,-169,9,10,5,3
372,481,-1262,160,-141,-237,-193,-260,-119,-59,58,-430,-204,-39,-196,9,10,5,3
42,-41,847,171,-121,-173,-133,-161,-156,-65,68,-376,0,36,119,9,10,5,3
-181,-64,900,191,-104,-118,-79,-20,-199,-75,77,-352,6,67,77,9,10,5,3
-324,-125,901,214,-91,-62,18,-199,71,36,-250,119,16,87,42,9,10,5,3
-382,-181,861,-239,-211,216,11,-132,70,104,-320,134,17,98,23,9,10,5,3
-411,-213,799,-229,-248,237,1,-43,47,209,-422,128,7,103,18,9,10,5,3
330,385,39,-222,-280,257,-30,5,16,306,-543,110,-251,157,234,9,10,5,3
260,406,-49,-218,-307,269,-77,35,-27,308,-607,74,-252,177,241,9,10,5,3
190,390,-104,-216,-330,266,431,462,201,-344,-113,-162,-256,192,247,9,10,5,3
118,367,-143,440,110,-135,249,558,133,-181,-244,-208,-257,191,250,9,10,5,3
59,333,-183,439,147,-172,-16,595,51,20,-433,-256,-274,174,252,9,10,5,3
378,254,-568,435,170,-210,-320,544,-22,233,-560,-252,-110,26,-215,9,10,5,3
462,257,-489,423,182,-245,-603,393,-81,307,-490,-237,-51,136,-14,9,10,5,3
565,254,-376,396,188,-272,259,-190,164,-484,200,210,-15,135,29,9,10,5,3
699,247,-230,-63,-253,195,119,-83,188,-425,211,271,8,124,65,9,10,5,3
838,236,-75,-76,-302,224,-52,23,211,-324,195,307,28,125,101,9,10,5,3
-109,-46,324,-90,-333,255,-185,102,191,-234,150,316,30,130,121,9,10,5,3
-106,-48,313,-104,-349,282,-230,171,159,-141,101,299,-103,-250,55,9,10,5,3
-84,-66,303,-118,-357,300,-307,360,501,-225,-199,18,-114,-256,63,9,10,5,3
-61,-79,297,405,347,14,149,-36,54,-162,-199,-20,-116,-278,77,9,10,5,3
-55,-75,268,390,405,6,142,-10,70,-83,-191,-39,-108,-310,98,9,10,5,3
-138,-565,-176,367,444,5,159,-25,125,-1,-174,-35,-88,-336,97,9,10,5,3
-113,-574,-271,338,468,8,184,-35,197,35,-176,-42,170,34,-204,9,10,5,3
-87,-557,-378,299,474,24,198,-44,230,45,181,-295,171,46,-177,9,10,5,3
-72,-526,-489,-295,173,42,293,234,19,-26,207,-265,151,66,-156,9,10,5,3
-110,454,-193,-322,148,40,317,198,85,-59,220,-233,129,90,-132,9,10,5,3
-125,513,-128,-336,126,40,332,135,140,-76,196,-182,-157,-183,-69,9,10,5,3
-146,656,-12,-337,112,48,334,43,132,-64,-6,56,-172,-201,-63,9,10,5,3
-144,833,90,-322,110,57,337,-55,93,-166,-55,201,-182,-215,-68,9,10,5,3
-97,989,141,390,136,343,-148,47,241,-276,-30,295,-194,-224,-70,9,10,5,3
287,225,1017,372,186,338,-130,66,229,-356,40,299,-206,-233,-63,9,10,5,3
141,125,1064,352,243,332,-127,55,197,-392,63,224,196,260,236,9,10,5,3
25,-45,1094,332,301,321,-110,15,177,189,-174,-1,57,101,122,9,10,5,3
-50,-254,1067,316,354,297,-89,-12,166,218,-263,-29,66,56,97,9,10,5,3
-67,-463,997,-254,132,-184,477,153,-63,243,-358,-69,82,22,66,9,10,5,3
212,-215,-1278,-271,116,-217,237,177,-50,270,-463,-103,110,4,26,9,10,5,3
154,-221,-1239,-288,92,-243,80,213,-15,328,-566,-123,136,0,-20,9,10,5,3
104,-228,-1194,-304,61,-252,15,235,-20,41,127,-293,91,-180,14,9,10,5,3
66,-234,-1143,-322,24,-242,26,294,-21,75,79,-171,95,-225,69,9,10,5,3
49,-244,-1094,227,349,279,0,-57,148,91,40,-75,98,-265,117,9,10,5,3
-50,425,700,193,347,326,48,-31,126,80,42,4,104,-288,151,9,10,5,3
-35,467,680,165,343,359,77,-42,114,40,93,77,108,-282,153,9,10,5,3
-28,476,663,146,337,369,86,-71,105,-282,-8,0,144,321,64,9,10,5,3
-22,466,645,132,329,362,85,-115,101,-289,34,-29,99,353,45,9,10,5,3
-3,444,645,-279,-34,-49,-239,-370,88,-276,32,-64,47,373,21,9,10,5,3
423,511,-446,-280,-62,-45,-264,-457,93,-254,21,-80,0,381,-5,9,10,5,3
326,578,-485,-282,-88,-29,-233,-549,62,101,269,-16,5,90,50,9,10,5,3
246,607,-518,-285,-112,-3,-135,-580,43,80,253,-4,8,82,57,9,10,5,3
176,610,-552,-287,-74,75,-255,-14,62,72,248,11,15,75,62,9,10,5,3
109,583,-565,152,-261,116,-215,-46,52,100,277,19,19,72,70,9,10,5,3
334,199,-533,188,-257,106,-168,-100,73,110,-125,-401,-250,-266,-156,9,10,5,3
341,211,-503,217,-255,73,-127,-131,91,124,6,-363,-236,-266,-159,9,10,5,3
351,201,-462,239,-250,26,-111,-129,82,122,70,-272,-214,-264,-156,9,10,5,3
356,180,-404,248,-245,-20,-53,427,84,112,85,-138,-188,-259,-144,9,10,5,3
336,134,-327,-534,45,175,-82,500,79,106,188,-100,-170,-237,-118,9,10,5,3
242,-38,370,-509,16,173,-60,549,75,-240,288,-52,-164,223,130,9,10,5,3
232,14,381,-471,-14,174,1,587,83,-295,231,-67,-187,189,102,9,10,5,3
206,70,377,-423,-50,182,63,609,97,-298,219,-68,-205,148,71,9,10,5,3
181,120,362,-370,-89,192,-29,-26,75,-260,201,-86,-220,101,44,9,10,5,3
161,152,339,217,37,-32,-64,-38,87,-221,196,-122,-248,60,16,9,10,5,3
-261,298,-505,183,42,-26,-93,-33,97,-305,-53,-126,87,31,-9,9,10,5,3
-281,277,-439,141,47,-18,-107,-29,86,-284,-43,-112,86,-5,-8,9,10,5,3
-302,236,-370,99,53,-10,-112,-50,76,-264,-29,-112,84,-43,-12,9,10,5,3
-312,188,-301,59,64,-3,-31,54,109,-252,-12,-119,88,-73,-22,9,10,5,3
-299,137,-229,-28,10,75,-6,53,116,-243,-3,-128,100,-97,-36,9,10,5,3
428,102,-93,-19,6,85,12,69,113,346,44,-155,159,217,-18,9,10,5,3
451,10,-17,-13,4,97,2,80,105,484,69,-212,144,212,-45,9,10,5,3
482,-51,54,-18,5,101,-18,75,103,650,92,-257,123,203,-73,9,10,5,3
523,-103,130,-33,5,91,6,352,149,762,116,-300,97,191,-98,9,10,5,3
567,-153,184,235,-122,288,-55,329,141,782,144,-318,64,177,-109,9,10,5,3
-18,473,315,265,-91,241,-116,294,138,1348,-762,2736,-41,-258,-49,9,10,5,3
-118,447,270,290,-66,199,-172,247,144,-102,77,-45,-14,-254,-60,9,10,5,3
-196,362,244,312,-49,166,-409,-302,36,-76,66,-80,5,-237,-59,9,10,5,3
-248,259,238,201,-253,74,-394,-320,65,-55,39,-98,18,-211,-54,9,10,5,3
-501,-659,-585,207,-245,78,-374,-330,95,-58,6,-95,18,-179,-47,9,10,5,3
-441,-715,-546,220,-228,84,-333,-326,125,-70,-16,-72,-77,-108,-139,9,10,5,3
-370,-750,-485,242,-202,87,-301,-335,157,-76,-107,-246,-76,-127,-153,9,10,5,3
-297,-756,-423,269,-168,85,38,-244,44,-53,-109,-208,-66,-136,-162,9,10,5,3
-237,-744,-374,23,-58,222,71,-374,46,-41,-95,-160,-49,-130,-162,9,10,5,3
395,819,15,31,-67,258,122,-501,87,-39,-74,-119,-22,-112,-155,9,10,5,3
462,872,72,34,-66,281,189,-616,144,-43,-62,-98,171,160,-70,9,10,5,3
524,920,115,32,-56,288,235,-694,196,686,553,87,133,159,-77,9,10,5,3
575,929,161,28,-43,281,31,-26,83,638,598,151,88,145,-82,9,10,5,3
623,899,224,328,-25,-55,33,2,98,539,709,147,33,135,-80,9,10,5,3
176,-457,579,316,-36,-19,42,39,108,350,663,56,-28,132,-66,9,10,5,3
317,-369,633,277,-51,26,53,72,105,96,602,-42,-57,-151,257,9,10,5,3
422,-282,665,216,-68,77,70,80,100,-287,-343,48,-40,-182,251,9,10,5,3
487,-194,690,147,-90,140,-324,-232,-42,-276,-387,25,0,-213,253,9,10,5,3
515,-103,716,-25,276,-70,-297,-222,-35,-246,-422,-21,51,-231,251,9,10,5,3
369,-575,-573,-45,266,-67,-272,-209,-14,-201,-457,-74,111,-233,248,9,10,5,3
177,-253,-797,-66,266,-63,-216,-211,-28,-123,-469,-130,28,171,-33,9,10,5,3
135,-219,-877,-92,274,-58,-134,-230,-49,237,-37,-37,25,161,-25,9,10,5,3
99,-186,-967,-120,281,-53,-13,0,100,227,-91,74,21,159,-17,9,10,5,3
73,-156,-1053,97,3,143,-14,20,108,216,-119,130,17,158,-12,9,10,5,3
44,-136,-1117,174,-6,184,-7,29,107,224,-88,124,2,157,-10,9,10,5,3
-244,595,376,244,-22,213,4,31,108,261,-17,75,-148,-198,95,9,10,5,3
-221,622,395,302,-47,224,13,26,114,-1,23,34,-140,-216,83,9,10,5,3
-195,646,399,345,-75,216,-44,-56,101,-3,8,39,-133,-229,69,9,10,5,3
-184,659,391,19,328,223,-28,-73,103,3,2,48,-125,-239,55,9,10,5,3
-195,664,372,-11,307,198,-10,-87,104,23,28,57,-112,-249,46,9,10,5,3
426,-100,137,-34,282,165,9,-90,101,25,66,47,-4,262,-171,9,10,5,3
399,-21,88,-55,254,133,25,-79,101,-8,-363,-7,-24,239,-172,9,10,5,3
359,63,62,-79,231,103,493,513,163,85,-301,-10,-26,209,-153,9,10,5,3
305,127,65,10,-21,197,422,497,195,149,-184,13,-23,169,-124,9,10,5,3
241,160,104,5,-44,205,330,464,185,184,-70,30,-15,128,-93,9,10,5,3
284,123,-282,-8,-66,214,220,454,161,203,33,31,-192,211,-57,9,10,5,3
280,155,-264,-29,-92,229,112,425,137,-37,-248,100,-177,162,-7,9,10,5,3
268,192,-248,-54,-114,241,82,-73,-21,30,-257,62,-142,95,55,9,10,5,3
240,222,-230,87,215,11,70,-7,-7,119,-231,31,-97,8,116,9,10,5,3
202,250,-212,39,171,-18,83,64,36,201,-167,-7,-54,-90,154,9,10,5,3
-211,-184,-104,-2,128,-51,102,131,86,237,-88,-46,16,-160,53,9,10,5,3
-235,-192,-106,-38,93,-83,113,180,109,67,68,-43,91,-159,-40,9,10,5,3
-253,-200,-110,-62,70,-107,207,-15,100,41,113,-41,69,-139,-33,9,10,5,3
-282,-203,-115,14,76,73,173,-28,112,0,157,-23,44,-125,-28,9,10,5,3
-322,-200,-108,19,63,74,123,-37,116,-23,194,-12,13,-115,-26,9,10,5,3
-349,349,591,20,63,82,63,-27,118,-48,218,-40,-17,-108,-24,9,10,5,3
-355,240,589,24,72,101,10,-7,114,-80,24,88,-33,82,149,9,10,5,3
-322,150,598,28,89,121,-71,-162,221,-28,63,90,-44,92,157,9,10,5,3
-285,66,623,-290,67,143,-79,-190,215,46,114,88,-46,100,167,9,10,5,3
-270,-31,648,-281,37,135,-81,-219,212,123,178,87,-46,98,171,9,10,5,3
198,583,-837,-269,14,129,-70,-249,209,182,245,75,-42,87,168,9,10,5,3
163,531,-906,-257,0,130,-44,-285,182,-129,76,-125,2,4,-182,9,10,5,3
127,465,-960,-244,-10,133,302,86,-111,-145,74,-111,20,22,-173,9,10,5,3
87,385,-1004,-352,-26,163,346,33,-84,-132,62,-79,38,37,-165,9,10,5,3
50,303,-1039,-364,-89,260,343,-28,-27,-104,56,-42,65,46,-161,9,10,5,3
362,-744,728,-345,-164,377,254,-86,66,-66,60,-30,100,52,-157,9,10,5,3
450,-612,716,-295,-223,474,72,-128,191,14,-144,-97,-230,33,211,9,10,5,3
514,-463,706,-222,-245,521,7,-20,85,22,-117,-103,-277,2,189,9,10,5,3
557,-297,702,67,-165,24,-4,-47,79,13,-81,-82,-315,-31,159,9,10,5,3
597,-134,704,50,-147,0,-13,-72,84,31,-8,-4,-344,-68,121,9,10,5,3
-302,344,-305,25,-128,-14,-30,-88,90,78,77,107,-365,-104,81,9,10,5,3
-316,336,-373,-2,-108,-30,-45,-93,87,-293,-369,-144,77,-181,27,9,10,5,3
-355,334,-426,-27,-87,-55,623,-3553,3521,-246,-368,-160,81,-169,20,9,10,5,3
-397,332,-471,111,-111,32,247,126,103,-266,-341,-174,81,-158,12,9,10,5,3
-425,314,-510,90,-107,23,279,201,72,-298,-257,-152,78,-148,4,9,10,5,3
363,-385,456,68,-104,20,290,287,51,-317,-206,-106,78,-143,-1,9,10,5,3
119,-620,714,44,-101,18,288,362,39,-122,-166,26,-216,322,110,9,10,5,3
71,-619,723,19,-103,15,271,422,27,-121,-142,24,-184,313,138,9,10,5,3
15,-629,752,-43,-256,170,-149,-7,125,-104,-107,23,-150,301,159,9,10,5,3
-48,-634,781,-9,-257,188,-172,6,110,-90,-75,27,-129,286,175,9,10,5,3
-90,-653,806,15,-246,210,-183,14,94,-87,-57,24,-119,267,183,9,10,5,3
-675,438,-572,34,-226,228,-168,26,94,-134,-4,-312,244,-211,26,9,10,5,3
-666,343,-662,49,-198,237,-128,52,110,-211,0,-210,233,-183,9,9,10,5,3
-648,256,-714,11,128,-128,-120,-243,-38,-282,18,-80,222,-158,-13,9,10,5,3
-627,187,-740,17,129,-147,-138,-255,-54,-344,46,9,208,-143,-41,9,10,5,3
-608,130,-758,21,121,-160,-157,-270,-63,-364,91,33,189,-134,-74,9,10,5,3
339,281,246,22,105,-167,-161,-266,-61,296,-100,-136,-83,115,5,9,10,5,3
326,260,282,16,82,-166,-151,-253,-41,278,-99,-123,-113,124,11,9,10,5,3
300,221,276,-51,-284,112,-10,-19,169,264,-102,-109,-143,133,14,9,10,5,3
254,204,240,-25,-274,129,-73,-34,179,252,-106,-102,-166,150,16,9,10,5,3
213,204,250,-4,-264,152,-114,-39,189,223,-105,-78,-178,169,20,9,10,5,3
226,229,520,9,-258,176,-113,-41,196,49,146,114,3001,-1350,-3202,9,10,5,3
245,285,575,271,106,293,-193,77,107,177,138,83,142,-83,61,9,10,5,3
246,331,632,267,142,230,-134,64,112,241,129,25,124,-77,35,9,10,5,3
221,363,680,259,171,168,-102,49,107,275,141,-34,104,-78,19,9,10,5,3
171,-487,-665,249,195,112,-91,26,93,69,-147,-231,83,-87,11,9,10,5,3
195,-458,-673,271,97,-108,-74,-126,10,97,-132,-229,51,-65,-83,9,10,5,3
203,-449,-680,273,117,-95,-64,-115,15,114,-112,-215,46,-72,-78,9,10,5,3
196,-446,-688,275,133,-76,-65,-117,29,118,-96,-197,42,-76,-73,9,10,5,3
-330,1334,193,277,144,-52,-61,-128,39,10,-191,-66,39,-80,-67,9,10,5,3
-334,1336,249,-249,91,-78,-95,117,159,16,-197,-45,57,-279,26,9,10,5,3
-330,1304,306,-248,83,-54,-60,152,150,17,-188,-36,74,-261,40,9,10,5,3
-304,1242,365,-227,92,-15,-5,137,122,19,-153,-35,96,-228,51,9,10,5,3
20,-294,462,-188,102,27,49,113,88,-105,-350,-328,122,-179,57,9,10,5,3
22,-298,503,-137,111,60,65,89,62,-12,-375,-339,151,-125,60,9,10,5,3
6,-319,533,239,96,82,41,-6,139,79,-361,-300,95,6,65,9,10,5,3
-33,-338,543,221,101,88,6,0,190,159,-337,-240,87,35,100,9,10,5,3
-77,-369,520,194,112,96,-29,-9,218,217,-326,-178,64,65,135,9,10,5,3
90,-133,-966,161,127,109,-64,-33,218,41,320,-203,28,88,164,9,10,5,3
41,-171,-954,32,267,-367,121,-1512,-298,-89,395,-367,175,71,-338,9,10,5,3
-12,-230,-934,70,316,-407,480,-1309,-263,-308,403,-474,194,88,-366,9,10,5,3
-79,-311,-909,88,367,-419,803,-1033,-201,-530,354,-505,208,86,-371,9,10,5,3
-76,56,720,77,421,-392,1081,-662,-171,223,-88,320,221,70,-369,9,10,5,3
-19,65,728,-184,-55,371,3447,1659,349,211,-75,292,238,59,-345,9,10,5,3
11,69,721,-196,-22,351,114,109,77,165,-67,215,-169,311,-43,9,10,5,3
20,66,697,-217,5,329,43,122,91,105,-51,125,-202,273,-41,9,10,5,3
19,85,675,-236,29,302,-24,142,101,101,-48,69,-229,227,-28,9,10,5,3
82,258,-993,-254,49,276,-69,176,94,92,689,-102,-246,176,-7,9,10,5,3
29,227,-1024,-305,-132,-119,-97,197,90,97,663,-138,-253,130,16,9,10,5,3
8,168,-1043,-329,-173,-41,26,143,88,5,624,-172,-7,-10,81,9,10,5,3
24,98,-1041,-331,-201,35,114,172,78,-142,526,-169,-11,-6,70,9,10,5,3
67,28,-1008,-302,-210,101,182,200,54,-255,368,-128,-12,-3,59,9,10,5,3
-381,-441,840,-257,-197,148,210,198,22,-186,-233,108,-6,-5,47,9,10,5,3
-470,-482,917,-142,3,253,184,173,14,-182,-201,96,-2,-12,36,9,10,5,3
-575,-541,954,-167,46,311,136,530,202,-154,-149,88,-159,167,178,9,10,5,3
-619,-582,953,-197,73,370,287,267,249,-107,-68,96,-180,130,146,9,10,5,3
-628,-591,960,-227,75,430,419,41,244,-55,49,104,-229,91,114,9,10,5,3
429,1178,-604,-250,55,475,520,-121,210,98,-145,-108,-258,39,77,9,10,5,3
336,1158,-797,249,36,20,570,-203,180,109,-175,-150,-277,0,44,9,10,5,3
240,1103,-966,256,29,28,-294,-236,39,140,-219,-182,123,-357,-51,9,10,5,3
144,1034,-1095,261,16,25,-305,-271,62,190,-266,-200,126,-313,-1,9,10,5,3
31,941,-1195,265,4,9,-317,-307,85,249,-275,-203,126,-263,41,9,10,5,3
307,60,-451,271,-2,-11,-320,-341,115,451,-238,-199,121,-207,73,9,10,5,3
377,78,-405,-126,-208,68,-305,-362,131,344,-174,-144,112,-156,90,9,10,5,3
441,83,-350,-136,-206,72,-131,190,134,262,-136,-75,-189,229,9,9,10,5,3
524,88,-303,-149,-200,83,-128,204,123,204,-110,-28,-186,228,34,9,10,5,3
618,79,-247,-164,-193,99,-112,218,130,157,-79,-5,-187,245,62,9,10,5,3
373,-461,883,-177,-186,118,-105,233,147,-34,-22,53,-185,272,79,9,10,5,3
316,-277,861,213,-321,107,-113,246,131,-54,-25,30,-192,298,87,9,10,5,3
235,-141,867,212,-307,83,-31,165,-1,-94,-18,3,138,-139,-97,9,10,5,3
142,-32,879,213,-286,61,-13,226,8,-138,-22,-18,100,-106,-96,9,10,5,3
61,62,890,214,-252,37,-23,267,17,-172,-31,-42,54,-74,-90,9,10,5,3
-289,188,-526,219,-211,4,-49,286,10,-14,7,-108,2,-55,-87,9,10,5,3
-279,155,-501,95,297,269,-89,291,0,-4,9,-91,-46,-49,-96,9,10,5,3
-256,127,-475,93,329,273,-75,163,81,36,15,-82,-53,39,0,9,10,5,3
-237,93,-440,90,354,262,8,145,96,93,31,-82,-73,34,-11,9,10,5,3
-215,75,-384,82,367,237,82,108,108,149,48,-79,-90,41,-12,9,10,5,3
744,435,702,70,368,208,123,52,109,519,489,265,-102,43,-13,9,10,5,3
801,461,756,145,-75,308,123,-18,109,659,505,119,-112,43,-21,9,10,5,3
852,504,822,153,-79,303,87,8,127,607,335,-11,39,-229,-48,9,10,5,3
882,549,868,171,-80,290,104,10,107,432,162,-46,253,52,-85,9,10,5,3
-336,-488,-538,190,-84,273,113,4,95,119,240,-61,254,89,-67,9,10,5,3
-237,-543,-527,222,-20,-110,117,-9,93,76,179,-81,249,114,-58,9,10,5,3
-149,-574,-503,199,21,-91,80,-58,123,20,126,-76,237,135,-54,9,10,5,3
-67,-599,-474,176,69,-84,110,-48,136,-62,113,-17,207,154,-48,9,10,5,3
2,-627,-459,150,115,-80,138,-35,133,-127,92,-30,-169,87,-8,9,10,5,3
-315,77,-492,132,169,-90,146,-33,123,76,59,-140,-148,83,5,9,10,5,3
-307,102,-371,6,-53,348,140,-38,95,84,33,-106,-124,77,19,9,10,5,3
-277,127,-248,43,-43,282,-259,-59,92,66,17,-72,-102,64,30,9,10,5,3
-259,151,-151,78,-38,222,-262,-50,78,39,10,-46,-84,53,31,9,10,5,3
-247,162,-96,110,-40,176,-223,-45,80,13,25,-35,-43,-62,48,9,10,5,3
44,7,296,138,-47,145,-170,-43,100,-55,52,-107,-23,-53,29,9,10,5,3
32,7,259,144,38,68,-118,-53,134,-36,85,-89,-6,-48,12,9,10,5,3
20,1,227,156,45,80,144,-89,79,-10,97,-33,2,-44,0,9,10,5,3
8,-9,194,159,52,90,110,-78,88,20,79,21,0,-45,-6,9,10,5,3
-3,-20,161,148,62,93,68,-76,92,38,48,23,-35,92,-57,9,10,5,3
210,-285,-415,125,65,86,31,-87,89,221,-67,-284,-33,111,-66,9,10,5,3
227,-265,-396,-150,21,89,-2,-99,91,239,-79,-264,-31,125,-69,9,10,5,3
241,-243,-369,-155,19,100,338,-177,151,235,-109,-221,-36,144,-67,9,10,5,3
251,-222,-331,-161,20,103,338,-185,203,232,-157,-183,-40,164,-64,9,10,5,3
268,-199,-281,-167,25,100,345,-178,255,222,-215,-163,10,-388,88,9,10,5,3
-3,238,-124,-168,35,97,351,-160,295,-135,94,28,21,-391,81,9,10,5,3
-10,232,-171,411,197,120,351,-146,318,-139,64,5,29,-393,70,9,10,5,3
2,232,-191,448,294,72,221,-169,51,-150,19,-22,44,-388,58,9,10,5,3
19,240,-180,417,358,37,-258,-86,196,-148,-34,-60,63,-379,42,9,10,5,3
36,246,-157,314,371,7,-453,-3,329,-125,-77,-111,-111,98,-41,9,10,5,3
-222,-21,203,198,360,-55,-434,86,320,46,-242,-98,-103,147,-71,9,10,5,3
-205,0,223,-26,-47,-55,-345,173,173,-4,-214,-73,-109,187,-96,9,10,5,3
-193,9,242,-21,-50,-52,294,225,56,-53,-190,-69,-125,214,-102,9,10,5,3
-191,5,258,-14,-47,-41,280,229,73,-97,-171,-78,-147,229,-103,9,10,5,3
-199,-8,254,-5,-40,-18,276,226,108,-126,-145,-81,-55,18,52,9,10,5,3
-360,-124,163,2,-31,8,271,216,132,-167,-7,6,-33,5,64,9,10,5,3
-302,-110,215,-70,347,178,270,190,141,-177,62,25,-12,-14,61,9,10,5,3
-244,-92,268,-62,343,203,111,-185,90,-165,119,5,3,-42,49,9,10,5,3
-188,-77,314,-57,333,231,43,-178,87,-136,165,-34,20,-67,31,9,10,5,3
-138,-70,350,-63,316,259,-56,-190,101,-122,195,-51,57,111,-134,9,10,5,3
266,256,-166,-81,292,286,-132,-249,123,-69,-5,74,68,100,-125,9,10,5,3
235,261,-201,-43,68,329,571,-11,177,467,194,-37,76,78,-112,9,10,5,3
199,266,-245,-19,73,379,521,-201,150,365,191,-83,78,45,-94,9,10,5,3
156,274,-296,2,70,399,424,-353,118,234,129,-153,-319,-95,-21,9,10,5,3
5,-325,-133,16,62,390,292,-447,85,110,34,-185,-303,-102,2,9,10,5,3
-74,-229,52,19,48,351,131,-487,85,5,-72,-175,-277,-104,10,9,10,5,3
-68,-232,79,-25,248,208,-115,138,108,-384,-50,-229,-244,-95,4,9,10,5,3
-54,-233,109,-15,268,224,-130,100,120,-304,-33,-133,-209,-84,-8,9,10,5,3
-43,-225,148,-12,279,235,-119,41,125,-193,44,-9,74,90,154,9,10,5,3
-52,-209,203,-18,286,246,-90,-20,124,-112,179,22,68,88,132,9,10,5,3
175,62,606,-30,294,252,-51,-72,118,-38,323,-19,55,90,102,9,10,5,3
284,17,505,-153,-161,122,420,-86,-26,-234,-75,-55,36,93,66,9,10,5,3
378,1,397,-126,-163,134,416,-45,-19,-155,-83,-50,-167,-43,2,9,10,5,3
452,-3,278,-101,-160,142,399,4,-15,-65,-102,-57,-153,-81,13,9,10,5,3
-82,139,-831,-81,-156,149,359,57,-6,8,-124,-82,-128,-119,25,9,10,5,3
-70,106,-832,57,39,-115,80,-163,77,25,193,-31,-103,-144,35,9,10,5,3
-64,75,-834,26,108,-83,87,-180,74,49,178,-49,1709,397,-1720,9,10,5,3
-59,39,-840,-9,169,-41,85,-139,76,85,163,-74,138,7,-41,9,10,5,3
-6,-2,522,-51,215,5,71,-52,85,119,156,-88,140,17,-92,9,10,5,3
2,24,539,-103,77,34,-109,-37,111,424,138,220,151,29,-123,9,10,5,3
41,33,563,-66,68,26,-106,-10,98,398,246,141,171,33,-124,9,10,5,3
62,23,581,-43,62,18,-108,0,88,377,325,63,3,17,-41,9,10,5,3
35,0,584,-36,52,15,-80,0,51,397,379,-57,8,11,-36,9,10,5,3
297,144,178,-87,-169,208,-122,64,216,141,-583,286,15,3,-36,9,10,5,3
264,172,198,-99,-169,241,-186,69,239,234,-487,325,17,-6,-38,9,10,5,3
204,191,226,-109,-178,274,-250,60,256,351,-337,349,-136,-30,111,9,10,5,3
142,190,247,-119,-197,307,-326,57,267,403,-147,323,-154,-28,60,9,10,5,3
-127,10,-432,-1,-280,-154,149,266,-55,105,-145,-100,-167,-24,3,9,10,5,3
-126,27,-441,30,-282,-109,93,442,-53,22,-137,-59,-180,-23,-53,9,10,5,3
-134,50,-450,61,-282,-56,-27,541,-55,-51,-117,-21,92,-142,230,9,10,5,3
-140,72,-461,86,-269,-3,-187,541,-49,-99,-89,-9,106,-122,258,9,10,5,3
-242,328,229,-1,23,30,-46,-194,39,274,-140,-160,125,-83,306,9,10,5,3
-189,237,289,17,15,1,95,-29,-37,273,-88,-193,144,-29,365,9,10,5,3
-110,135,325,28,15,-25,230,111,-95,239,-31,-240,160,20,417,9,10,5,3
-14,41,337,22,14,-59,305,208,-140,200,2,-275,34,28,3,9,10,5,3
89,-27,332,9,5,-98,305,282,-171,160,15,-297,36,38,17,9,10,5,3
202,73,315,-147,-135,118,-128,-29,143,207,137,-56,34,53,26,9,10,5,3
211,100,332,-143,-155,125,-86,-11,53,195,119,-89,29,64,31,9,10,5,3
204,127,350,-137,-168,125,-73,-45,18,191,89,-129,-25,70,112,9,10,5,3
197,147,368,-130,-177,113,-82,-82,-3,186,68,-167,-13,33,153,9,10,5,3
-59,-111,49,169,-186,166,221,-82,360,-11,122,149,0,-3,177,9,10,5,3
-118,-158,54,180,-227,194,91,-246,374,-175,168,197,12,-26,173,9,10,5,3
-194,-201,46,190,-264,233,-57,-451,429,-300,185,209,125,-228,-345,9,10,5,3
-282,-248,27,201,-287,277,-183,-714,491,-372,188,186,130,-246,-417,9,10,5,3
-68,208,2066,218,-286,319,-161,-903,572,-379,181,159,122,-236,-468,9,10,5,3
-48,214,-49,99,86,253,213,-82,259,-38,-20,43,115,-218,-507,9,10,5,3
-34,261,12,98,102,313,30,-280,235,-12,0,19,-71,117,462,9,10,5,3
-8,299,72,97,118,350,122,-205,210,4,74,28,-70,76,383,9,10,5,3
36,310,134,100,128,367,174,-130,189,9,167,66,-65,29,291,9,10,5,3
-214,183,252,81,88,147,183,-93,168,2,243,118,-55,-19,194,9,10,5,3
-272,151,208,54,83,171,131,-96,138,70,145,-250,-39,-58,103,9,10,5,3
-329,106,162,34,80,179,-8,54,1,75,109,-258,159,301,-82,9,10,5,3
-371,41,122,19,83,173,-47,46,-21,76,75,-265,156,302,-85,9,10,5,3
-402,-39,97,5,92,156,2,32,51,62,23,-258,139,288,-90,9,10,5,3
-10,-114,-210,600,55,337,38,43,90,31,-31,-240,108,262,-89,9,10,5,3
36,-138,-214,615,101,294,42,41,75,-30,539,-70,70,228,-82,9,10,5,3
73,-137,-212,618,139,269,-280,-51,169,-3,449,-35,104,-160,137,9,10,5,3
100,-124,-197,599,176,237,-299,-90,144,55,363,2,120,-164,92,9,10,5,3
121,-105,-186,566,213,198,-315,-155,101,123,289,25,132,-160,43,9,10,5,3
88,-43,135,-156,151,55,-319,-214,57,165,240,22,147,-150,-11,9,10,5,3
90,-35,189,-148,135,97,-304,-263,23,-299,141,-129,168,-139,-61,9,10,5,3
102,-25,252,-138,116,140,-323,380,198,-195,12,-172,-47,246,15,9,10,5,3
112,-11,320,-132,93,182,-274,452,204,-109,-121,-160,-40,221,2,9,10,5,3
115,5,380,-132,72,220,-214,417,206,6,-218,-15,-27,195,0,9,10,5,3
171,-362,-23,-4,187,3,-149,315,205,200,-274,235,-11,174,-2,9,10,5,3
227,-341,-122,-23,165,10,-88,179,164,-219,150,-64,5,153,-10,9,10,5,3
271,-315,-211,-46,139,22,98,119,100,-243,119,-60,-114,-5,38,9,10,5,3
303,-288,-296,-69,109,36,-182,7,157,-268,76,-38,-103,-6,44,9,10,5,3
35,46,-187,-104,44,81,-241,11,142,-272,38,-8,-94,-11,49,9,10,5,3
13,44,-166,-101,43,66,-319,14,143,-253,13,36,-85,-20,54,9,10,5,3
-10,38,-140,-101,49,56,-381,-5,165,-8,56,-73,-74,-33,58,9,10,5,3
-25,27,-115,-104,62,51,-412,-65,178,-6,79,-59,214,173,-97,9,10,5,3
-29,13,-95,-105,78,47,47,-49,13,-3,85,-65,206,176,-111,9,10,5,3
-89,-175,336,-334,43,261,3,-19,25,-7,77,-87,197,183,-121,9,10,5,3
-55,-206,338,-176,-54,451,-15,6,37,85,244,57,193,194,-124,9,10,5,3
-8,-225,338,-162,-67,424,2,40,38,72,152,33,-325,-88,-137,9,10,5,3
48,-238,335,-152,-88,385,-437,1968,2771,63,36,-2,-328,-124,-104,9,10,5,3
-12,314,-341,-139,-113,341,-1,229,20,49,-74,-44,-323,-156,-65,9,10,5,3
-47,300,-287,-128,-141,299,15,227,11,31,-163,-86,-300,-179,-31,9,10,5,3
-86,283,-218,182,-147,163,21,205,19,62,2,11,-269,-193,-9,9,10,5,3
-119,270,-160,169,-138,169,30,168,32,56,0,-6,74,-89,31,9,10,5,3
-142,261,-122,154,-129,169,29,132,46,56,-35,-11,69,-77,45,9,10,5,3
-13,-145,92,138,-114,171,-16,-66,150,70,-109,12,62,-61,61,9,10,5,3
-182,-248,345,-341,1,151,39,-83,154,39,103,-28,59,-47,72,9,10,5,3
-183,-262,359,-331,-1,129,114,-83,155,24,99,-32,-63,249,-104,9,10,5,3
-171,-288,362,-325,-7,106,185,-70,148,-6,98,-35,-69,251,-114,9,10,5,3
-154,-310,356,-317,-22,77,-8,171,95,-46,88,-46,-73,249,-122,9,10,5,3
244,-49,171,-99,-169,321,-10,190,110,-189,41,344,-72,243,-128,9,10,5,3
263,-45,165,-92,-162,346,-8,209,129,-175,93,240,-72,233,-129,9,10,5,3
274,-35,163,-78,-154,360,-12,229,152,-207,181,73,95,-149,-60,9,10,5,3
282,-19,158,-63,-150,368,-221,42,25,-277,288,-60,120,-169,-52,9,10,5,3
-2756,42,-3927,-46,-148,364,-164,51,17,-345,378,-70,134,-184,-46,9,10,5,3
-291,-46,-57,244,-21,0,-104,50,21,-41,153,-148,132,-191,-46,9,10,5,3
-298,-72,-62,240,-5,5,-49,36,30,-38,122,-140,136,52,17,9,10,5,3
-302,-89,-64,229,12,11,149,73,145,-4,80,-123,144,68,26,9,10,5,3
-307,-100,-83,209,26,14,172,118,140,63,88,-47,148,89,32,9,10,5,3
337,145,350,180,-13,8,163,151,124,217,455,-45,148,104,41,9,10,5,3
315,150,301,216,-5,7,152,159,114,62,433,-12,-135,-80,4,9,10,5,3
271,161,246,237,3,0,-12,106,112,-29,398,0,-104,-109,3,9,10,5,3
220,175,206,245,14,-13,-10,83,112,-52,345,-17,-81,-129,13,9,10,5,3
28,380,-137,196,-240,64,8,47,114,-96,-188,-149,-60,-142,32,9,10,5,3
64,385,-367,211,-231,41,28,15,122,-27,-199,-170,-2902,-2123,1880,9,10,5,3
72,330,-551,230,-217,17,39,-2,133,34,-179,-176,-84,-90,-64,9,10,5,3
44,243,-662,248,-200,-8,-31,-35,104,86,-137,-168,-97,-81,-44,9,10,5,3
-8,151,-719,260,-183,-32,-73,-31,119,121,-100,-165,-106,-73,-24,9,10,5,3
-289,387,-52,123,-24,290,-123,-8,115,113,310,85,-114,-69,2,9,10,5,3
-345,391,18,97,-8,244,-174,19,118,172,513,55,270,95,26,9,10,5,3
-395,357,89,75,9,198,132,6,77,161,625,26,265,78,37,9,10,5,3
-429,301,165,64,30,162,132,-12,70,114,607,-22,261,57,35,9,10,5,3
175,35,308,25,166,52,135,-27,66,-50,-22,-34,252,36,18,9,10,5,3
107,71,260,43,136,76,133,-36,58,-19,5,-21,122,93,35,9,10,5,3
45,99,215,57,96,99,6,-70,91,2,38,-8,124,89,45,9,10,5,3
-9,112,178,68,51,119,52,-244,42,20,70,1,121,84,50,9,10,5,3
101,-66,-193,-18,111,161,79,-256,51,-162,747,-28,110,81,54,9,10,5,3
134,-67,-161,-28,101,178,112,-255,58,-228,833,-128,37,-73,208,9,10,5,3
161,-69,-116,-33,100,198,136,-249,62,-228,769,-150,64,-54,195,9,10,5,3
193,-76,-67,-30,111,207,-1256,-109,-347,-244,637,-99,101,-31,167,9,10,5,3
227,-85,-31,-16,129,203,-826,-79,-237,-268,475,-44,125,-8,125,9,10,5,3
-25,-5,-132,72,81,194,-547,-21,-103,113,80,-7,129,4,71,9,10,5,3
-27,-16,-128,67,73,250,-448,-196,10,111,34,33,-82,82,171,9,10,5,3
-31,-28,-119,57,66,303,43,-63,8,124,-37,57,-51,63,126,9,10,5,3
-36,-41,-98,45,60,346,74,-100,35,142,-123,64,-20,39,75,9,10,5,3
-21,-143,68,39,128,98,92,-127,66,73,-48,130,6,11,27,9,10,5,3
1,-155,41,16,122,106,78,-132,91,243,-49,80,-69,168,-37,9,10,5,3
26,-161,30,-5,108,105,830,144,-3494,371,-58,-15,-74,160,-36,9,10,5,3
46,-160,30,-26,93,100,62,28,60,450,-71,-139,-74,149,-36,9,10,5,3
-92,-43,164,-47,-18,73,55,48,68,-160,125,-115,-67,144,-38,9,10,5,3
-55,-34,187,-43,-8,89,56,53,74,-175,139,-134,-65,14,21,9,10,5,3
-5,-13,210,-31,3,101,72,57,87,-187,112,-139,-56,10,21,9,10,5,3
31,10,219,-10,13,109,-170,-90,186,-216,91,-130,-46,5,21,9,10,5,3
43,27,208,10,25,110,-199,-118,163,-236,100,-129,-37,0,21,9,10,5,3
-60,142,-245,57,295,35,-234,-116,155,244,66,-18,-26,0,25,9,10,5,3
-97,104,-270,57,300,14,-269,-155,118,93,403,-74,323,19,-63,9,10,5,3
-132,55,-296,57,303,-4,157,197,132,-1,357,-113,321,2,-47,9,10,5,3
-165,3,-314,57,309,-26,203,329,278,-64,302,-163,305,-10,-41,9,10,5,3
78,64,68,-71,-344,180,276,397,359,-99,252,-208,271,-8,-51,9,10,5,3
-12,51,92,-83,-348,122,333,427,363,-133,222,-239,223,4,-73,9,10,5,3
-90,26,120,-95,-341,56,323,430,281,-92,671,120,13,57,110,9,10,5,3
-150,-7,144,-103,-329,-8,213,-226,119,54,475,221,41,50,117,9,10,5,3
-195,-36,164,-108,-311,-65,188,-212,138,188,93,304,61,54,110,9,10,5,3
471,-194,326,-213,149,259,152,-196,152,244,-258,287,76,68,99,9,10,5,3
499,-161,266,-200,120,262,121,-200,178,163,-395,158,95,89,90,9,10,5,3
516,-125,201,-179,92,249,108,-224,189,373,-461,3,-173,-174,86,9,10,5,3
522,-87,147,-154,62,226,312,469,-140,349,-219,-26,-158,-212,54,9,10,5,3
514,-46,110,-130,31,197,295,449,-126,276,44,-78,-136,-242,8,9,10,5,3
-69,-18,-595,-121,-42,-7,263,384,-134,188,251,-137,-120,-255,-46,9,10,5,3
40,-83,-418,-140,-32,43,200,300,-142,115,357,-179,-111,-255,-99,9,10,5,3
60,-91,-387,-155,-18,92,117,226,-120,-4,-108,69,64,155,184,9,10,5,3
73,-94,-358,-161,-5,127,38,172,187,-12,-56,155,42,179,226,9,10,5,3
87,-95,-338,-163,2,147,52,96,143,-14,27,195,34,205,258,9,10,5,3
105,-96,-319,-115,-130,24,59,38,120,4,108,179,41,228,280,9,10,5,3
27,97,251,-116,-136,21,79,-3,118,16,175,146,48,234,295,9,10,5,3
25,115,236,-107,-141,29,107,-11,111,-278,245,-96,53,-240,2,9,10,5,3
18,134,226,-93,-142,43,18,-379,52,-279,254,-130,-18,-56,-128,9,10,5,3
11,157,216,207,-11,-34,-75,-291,127,-265,236,-137,-18,-55,-128,9,10,5,3
-45,254,-357,251,-18,-9,-22,-299,115,-197,232,-88,-8,-55,-130,9,10,5,3
-41,227,-484,291,-30,16,71,-274,78,859,420,-1880,5,-54,-127,9,10,5,3
-41,185,-574,310,-37,41,191,-234,53,126,-85,-113,25,-52,-119,9,10,5,3
-37,133,-639,294,-33,57,294,-208,38,116,-83,-122,-112,41,-59,9,10,5,3
-25,73,-686,247,-106,3,-141,142,138,131,-108,-115,-110,52,-46,9,10,5,3
-344,-16,109,237,-90,50,-185,237,216,148,-147,-112,-104,69,-31,9,10,5,3
-369,-46,146,218,-78,109,-214,322,300,140,-186,-109,-97,86,-13,9,10,5,3
-365,-72,196,196,-68,173,-202,372,342,-124,48,7,-91,100,6,9,10,5,3
-340,-98,233,179,-62,235,-171,340,343,-147,41,7,-126,82,114,9,10,5,3
-301,-119,261,97,-44,102,-143,-102,70,-165,34,2,-125,57,97,9,10,5,3
-138,97,282,113,-32,97,-289,-120,44,-179,35,-2,-119,24,69,9,10,5,3
-130,82,290,132,-23,96,-264,-131,34,-164,-87,-139,-108,-12,33,9,10,5,3
-104,87,300,156,-12,98,-270,-132,51,-114,-90,-141,-111,143,-22,9,10,5,3
-76,118,297,-90,-74,42,-238,-100,1,-70,-88,-151,-149,166,-13,9,10,5,3
-63,170,283,-76,-83,20,-269,-125,56,-28,-93,-158,-181,186,-7,9,10,5,3
69,-41,-142,-62,-99,3,-35,-43,125,21,-90,-145,-202,202,-8,9,10,5,3
69,-45,-127,-47,-117,-10,-53,-40,98,-139,87,96,-212,208,-20,9,10,5,3
62,-50,-107,-32,-136,-22,-67,-49,101,-104,173,115,9,-30,28,9,10,5,3
51,-32,-83,191,-25,68,-70,-59,107,-100,223,120,107,27,-21,9,10,5,3
41,-10,-66,155,46,53,-61,-58,111,-127,219,100,119,32,-26,9,10,5,3
-50,-94,158,141,70,50,214,-80,231,-161,168,60,122,41,-28,9,10,5,3
-28,-91,173,131,87,51,290,4,221,98,46,-45,115,49,-29,9,10,5,3
0,-91,181,125,93,58,381,105,193,103,21,-53,104,52,-27,9,10,5,3
31,-82,193,234,-177,86,505,239,169,91,14,-56,-43,-131,19,9,10,5,3
-1338,-750,858,234,-169,88,622,390,162,74,23,-62,-35,-115,36,9,10,5,3
-86,-55,-39,234,-159,90,284,-13,175,-2228,-1296,-2941,-30,-97,55,9,10,5,3
-78,-61,-29,241,-146,93,82,-158,161,-108,103,-73,-25,-75,72,9,10,5,3
-71,-68,-17,250,-130,100,-89,-285,145,-103,77,-86,-16,-53,87,9,10,5,3
-64,-73,-5,-3,85,42,-217,-364,122,-82,29,-83,122,122,-6,9,10,5,3
-57,-73,5,0,98,54,-281,-404,86,-38,-15,-83,106,131,14,9,10,5,3
103,29,202,3,107,67,142,-138,92,-1780,695,-930,82,133,34,9,10,5,3
102,31,198,4,111,81,158,-115,88,-125,-95,-10,62,133,51,9,10,5,3
95,32,183,0,109,95,167,-81,70,-167,-38,5,55,132,63,9,10,5,3
79,32,158,184,-26,-25,154,-48,67,-210,-9,-5,22,78,-12,9,10,5,3
58,30,126,190,-18,-4,126,-29,78,-216,-15,-16,23,86,11,9,10,5,3
-11,134,194,185,-11,27,274,-398,48,-51,-444,-103,17,84,48,9,10,5,3
-7,101,185,168,-2,71,240,-283,49,16,-452,-132,0,65,87,9,10,5,3
1,67,177,219,104,107,100,-104,64,92,-413,-130,15,-198,38,9,10,5,3
13,44,170,203,102,120,-74,13,79,170,-338,-117,17,-207,46,9,10,5,3
4,-128,-266,188,100,132,-69,-236,16,93,-3,-96,19,-215,57,9,10,5,3
21,-126,-268,179,98,143,-18,-161,26,82,20,-86,18,-218,67,9,10,5,3
31,-120,-266,177,99,155,12,-95,17,74,36,-75,17,-214,78,9,10,5,3
30,-116,-265,-83,22,112,38,-39,10,64,43,-61,-72,33,55,9,10,5,3
27,-114,-265,-103,24,102,68,0,18,52,39,-52,-88,65,56,9,10,5,3
-138,21,184,-116,24,88,-104,-48,89,-41,-303,-60,-99,102,51,9,10,5,3
-158,28,191,-122,20,78,-89,-83,77,48,-308,-180,-108,134,38,9,10,5,3
-173,33,192,-49,-11,35,-66,-125,58,176,-296,-303,-72,26,-8,9,10,5,3
-185,34,187,-39,0,66,-41,-149,42,292,-269,-359,-75,8,5,9,10,5,3
-124,-81,-87,-29,2,101,446,-163,56,-129,-351,-141,-75,-6,24,9,10,5,3
-133,-24,-78,-23,-6,130,388,-234,31,-133,-365,-158,-68,-19,39,9,10,5,3
-146,47,-73,-19,234,48,281,-269,7,-143,-332,-167,178,-119,85,9,10,5,3
-159,108,-80,-15,215,73,155,-264,-6,-133,-263,-133,175,-130,91,9,10,5,3
-5,128,29,-12,198,101,86,-272,19,-22,-39,-16,168,-134,90,9,10,5,3
-2,126,31,-9,180,128,128,-94,115,-16,-55,-33,158,-130,83,9,10,5,3
0,125,34,-3,77,124,126,-72,111,-16,-74,-52,9,-75,21,9,10,5,3
0,124,34,-5,70,120,125,-44,107,-27,-85,-61,2,-71,18,9,10,5,3
0,119,32,-7,67,118,117,-9,100,-55,-94,-54,-1,-74,16,9,10,5,3
30,41,0,-12,66,114,98,14,84,-56,-40,-116,-2,-77,15,9,10,5,3
15,44,-3,-19,66,112,52,-76,96,-67,-42,-104,-2,-80,15,9,10,5,3
6,40,-10,28,63,103,52,-52,80,-71,-40,-84,98,-113,22,9,10,5,3
4,30,-15,27,63,112,54,-38,64,-70,-34,-63,98,-115,27,9,10,5,3
8,16,-18,25,59,120,81,-24,60,-66,-32,-40,94,-117,35,9,10,5,3
-165,-155,30,23,58,125,107,-6,71,192,126,-41,85,-122,44,9,10,5,3
-165,-154,32,19,60,127,62,-148,94,204,139,-46,72,-131,53,9,10,5,3
-162,-151,37,-18,35,42,38,-167,93,213,144,-52,-11,-45,-58,9,10,5,3
-160,-148,45,-26,13,24,12,-189,80,218,149,-62,-31,-44,-61,9,10,5,3
-160,-143,57,-32,-6,5,-8,-195,69,213,150,-75,-55,-42,-62,9,10,5,3
-13,-190,-2,-41,-25,-8,-30,-185,65,411,-24,-247,-76,-42,-63,9,10,5,3
-11,-208,-13,-37,126,196,302,175,90,199,67,-204,-12,-81,64,9,10,5,3
-7,-225,-25,-37,120,203,309,170,89,35,163,-140,-15,-95,58,9,10,5,3
-3,-239,-40,-40,112,202,310,166,82,-87,226,-86,-12,-108,49,9,10,5,3
-54,-32,-72,-44,101,196,309,169,67,-57,-13,-112,-4,-117,39,9,10,5,3
-52,-59,-70,-310,300,170,2888,2678,3087,-81,-79,-80,8,-121,28,9,10,5,3
-50,-87,-71,-332,289,188,314,-316,2,-126,-138,-55,81,151,9,9,10,5,3
-48,-114,-73,-353,272,205,371,-276,-12,-171,-196,-40,43,161,-10,9,10,5,3
-46,-142,-78,-365,246,219,383,-283,-14,-210,-275,-33,14,172,-30,9,10,5,3
69,271,-295,-367,213,221,398,-387,-28,-100,175,4,-4,180,-47,9,10,5,3
70,269,-286,-45,-159,260,451,-456,-49,-134,178,8,-14,180,-55,9,10,5,3
73,265,-281,-35,-175,231,-36,22,233,-158,179,14,-49,-236,7,9,10,5,3
80,257,-279,-18,-184,196,-1,19,180,-160,177,7,-52,-243,5,9,10,5,3
88,249,-279,1,-190,161,12,16,122,-150,175,-3,-60,-245,-9,9,10,5,3
17,-313,437,22,-194,130,0,27,78,-46,229,-122,-58,-245,-37,9,10,5,3
46,-280,420,-14,-39,-4,-29,46,64,-61,256,-102,-50,-244,-69,9,10,5,3
71,-239,402,-10,-41,11,-147,181,62,-55,264,-74,55,-110,-75,9,10,5,3
87,-194,384,-8,-36,24,-141,229,79,-45,251,-50,62,-101,-64,9,10,5,3
97,-152,369,-4,-26,34,-108,272,83,-31,218,-28,68,-92,-49,9,10,5,3
128,22,-110,-2,-15,39,-67,298,79,210,179,132,74,-83,-30,9,10,5,3
111,15,-106,-191,-293,261,217,-398,156,280,142,150,-90,29,158,9,10,5,3
98,0,-98,-168,-297,255,268,-390,139,321,111,126,-99,19,151,9,10,5,3
81,-12,-83,-135,-301,239,322,-368,122,323,89,80,-104,13,142,9,10,5,3
65,-25,-64,-98,-308,219,367,-347,112,302,72,45,-111,8,137,9,10,5,3
54,85,-27,-56,-320,202,401,-330,123,-60,-267,-278,-119,5,140,9,10,5,3
48,105,-3,199,38,-280,-82,-74,24,-147,-291,-282,-147,-68,-92,9,10,5,3
22,127,23,215,46,-246,-77,-194,24,-209,-320,-284,-125,-68,-72,9,10,5,3
-16,149,56,224,55,-200,-108,-268,13,-253,-343,-304,-88,-68,-73,9,10,5,3
-62,155,97,225,66,-146,-167,-293,-15,-255,-349,-355,-42,-78,-92,9,10,5,3
3,320,-154,219,83,-94,-222,-284,-41,109,152,-303,11,-94,-122,9,10,5,3
-30,324,-225,-128,-298,39,30,-157,148,77,205,-236,-170,56,29,9,10,5,3
-62,314,-291,-106,-286,75,39,-86,196,103,288,-94,-188,65,85,9,10,5,3
-86,295,-344,-84,-284,111,76,-12,240,158,383,50,-205,73,154,9,10,5,3
-151,-15,-132,-65,-289,148,101,67,266,123,-466,-254,-218,85,221,9,10,5,3
-161,-13,-22,180,310,-58,-45,-86,-105,27,-312,-260,189,-37,-272,9,10,5,3
-186,-9,88,171,368,-122,-72,-129,-46,-55,-112,-239,176,-11,-255,9,10,5,3
-200,-9,199,163,418,-174,-103,-157,10,-86,95,-224,152,12,-221,9,10,5,3
-194,-20,287,151,455,-214,-131,-180,46,-48,294,-197,127,28,-183,9,10,5,3
-141,247,39,158,-312,46,71,35,89,-138,-87,-83,-100,-89,-6,9,10,5,3
-167,226,32,181,-293,37,102,86,70,-153,-122,-60,-99,-109,0,9,10,5,3
-198,203,26,202,-280,34,123,125,38,-112,-136,-26,-92,-130,0,9,10,5,3
-226,174,19,220,-272,38,154,158,10,-64,-138,18,-86,-148,-2,9,10,5,3
102,-18,41,360,51,562,-711,635,353,515,-689,130,-86,-150,663,9,10,5,3
88,-20,79,327,69,553,-838,600,325,554,-545,136,-69,-135,617,9,10,5,3
81,-50,96,281,93,537,-922,570,289,547,-431,124,-35,-121,538,9,10,5,3
85,-98,61,226,124,512,-931,547,238,518,-362,85,21,-108,425,9,10,5,3
15,-145,-193,-130,75,-18,90,-71,47,-417,191,-82,23,-80,43,9,10,5,3
-31,-104,-153,-93,70,45,80,-45,65,-352,165,-119,2,-75,89,9,10,5,3
-104,-28,-110,-57,78,107,78,-43,70,-254,154,-144,-22,-58,117,9,10,5,3
-225,77,-76,-22,95,169,82,-71,65,-263,252,-163,-36,-48,142,9,10,5,3
-409,202,-52,12,111,226,78,-98,52,-363,414,-198,-71,-55,149,9,10,5,3
88,-386,-35,492,364,388,-1041,523,588,537,177,325,317,-211,635,9,10,5,3
57,-363,-180,540,406,395,-1215,339,494,390,81,342,338,-228,623,9,10,5,3
0,-339,-323,559,444,405,-1314,152,383,234,-24,314,346,-233,557,9,10,5,3
-52,-308,-441,518,469,423,-1326,-27,297,98,-95,281,351,-215,445,9,10,5,3
160,212,-43,-144,-39,-49,480,55,-68,-586,98,-165,65,-52,-73,9,10,5,3
114,158,-21,-102,-37,-2,321,-39,6,-662,-27,-93,99,-100,-21,9,10,5,3
73,119,24,-43,-32,36,145,-111,69,-613,-81,-69,135,-140,52,9,10,5,3
21,96,90,14,-18,76,-22,-168,116,-500,-61,-56,167,-164,124,9,10,5,3
-61,-176,788,-233,-128,380,-142,30,248,407,269,-26,-254,151,35,9,10,5,3
52,-196,727,-265,-165,279,-32,161,277,420,370,-20,-296,107,66,9,10,5,3
185,-210,650,-283,-174,196,63,265,284,337,410,10,-317,52,113,9,10,5,3
322,-218,544,-297,-164,126,139,298,284,168,344,48,-308,15,144,9,10,5,3
443,-212,407,-303,-159,72,181,285,317,-6,178,65,-289,-11,169,9,10,5,3
203,49,-288,-55,123,-95,-105,-103,35,-167,-59,-73,271,63,-43,9,10,5,3
216,40,-211,-78,134,-75,-77,-108,-33,62,148,-7,265,83,-41,9,10,5,3
204,36,-130,-88,147,-49,-37,-110,3,26,159,-27,251,100,-40,9,10,5,3
175,48,-52,-82,154,-15,-41,-131,32,-29,154,-17,235,109,-35,9,10,5,3
-188,7,487,-236,23,61,10,-64,87,-82,133,0,221,114,-27,9,10,5,3
-166,15,463,-227,21,42,4,-82,81,-124,104,24,-5,34,107,9,10,5,3
-147,20,440,-216,26,30,4,-91,75,-154,325,74,29,34,147,9,10,5,3
-127,10,435,-204,41,32,-5,-93,77,-159,403,82,68,31,190,9,10,5,3
-100,-7,442,-195,64,50,-23,-88,94,-157,453,96,112,26,229,9,10,5,3
480,31,-840,-105,-63,154,-265,403,198,-140,458,103,156,29,265,9,10,5,3
484,50,-843,-114,-83,154,-219,388,175,-123,457,94,-91,-181,-150,9,10,5,3
483,76,-827,-113,-104,145,-148,350,142,147,72,-100,-67,-139,-196,9,10,5,3
480,107,-796,-101,-126,130,-87,304,100,107,68,-105,-36,-97,-229,9,10,5,3
477,136,-753,-78,-153,101,-50,267,62,109,80,-107,-17,-62,-248,9,10,5,3
160,-358,456,-221,143,160,-25,-65,91,121,99,-90,-10,-23,-265,9,10,5,3
231,-354,659,-234,136,172,-74,-68,94,102,87,-77,64,219,246,9,10,5,3
222,-315,712,-249,126,186,-143,-72,135,-107,32,250,56,235,278,9,10,5,3
213,-272,770,-267,112,202,-214,-89,179,-131,25,252,39,238,285,9,10,5,3
210,-240,831,-284,94,221,-250,-131,191,-148,26,233,10,226,268,9,10,5,3
222,-221,895,5,-214,-336,633,168,-132,-153,25,211,-15,205,243,9,10,5,3
103,55,-767,-9,-219,-322,588,308,-124,-151,19,184,-30,56,-163,9,10,5,3
127,69,-792,-23,-225,-303,549,441,-128,23,96,17,-61,72,-116,9,10,5,3
153,83,-799,-31,-224,-283,496,573,-132,31,107,8,-98,81,-66,9,10,5,3
177,107,-794,-33,-212,-264,412,673,-133,43,119,-13,-129,88,-21,9,10,5,3
216,137,-785,255,-184,186,-37,-117,168,51,131,-25,-149,95,10,9,10,5,3
-212,-579,715,261,-189,191,-47,-102,208,49,141,-15,273,-240,198,9,10,5,3
-112,-560,745,260,-188,205,-51,-78,251,801,-3998,-1379,255,-211,177,9,10,5,3
-24,-514,764,255,-181,233,-44,-57,273,250,341,-321,223,-173,165,9,10,5,3
45,-443,777,250,-163,266,-41,-37,272,217,329,-361,177,-134,163,9,10,5,3
88,-361,782,29,-207,-335,216,-122,-190,115,319,-360,123,-87,165,9,10,5,3
250,372,-884,61,-183,-300,167,-150,-112,-26,269,-338,-295,41,215,9,10,5,3
288,424,-867,83,-159,-259,82,-88,-72,-199,167,-331,-273,32,244,9,10,5,3
305,467,-840,94,-137,-213,10,-38,-10,110,-8,78,-239,17,239,9,10,5,3
307,512,-799,94,-119,-158,-116,58,108,12,-58,134,-198,-7,205,9,10,5,3
292,572,-735,138,16,204,187,-169,274,-52,-58,189,-144,-29,160,9,10,5,3
93,-20,1066,124,50,167,126,-249,312,-83,-33,219,106,46,32,9,10,5,3
-465,119,228,103,87,129,51,-282,338,-122,-22,190,88,31,-25,9,10,5,3
-514,122,6,81,115,98,-20,-285,327,187,176,-191,68,27,-82,9,10,5,3
-531,109,-213,63,137,74,-75,-274,294,241,249,-250,49,23,-133,9,10,5,3
-521,77,-421,128,-201,74,341,322,7,293,367,-305,33,20,-179,9,10,5,3
-491,37,-611,136,-197,61,264,419,-30,313,527,-341,-16,-239,19,9,10,5,3
-64,74,431,150,-181,44,197,452,-54,279,706,-357,-34,-240,36,9,10,5,3
70,117,518,166,-160,22,124,483,-58,267,-175,65,-53,-236,58,9,10,5,3
207,172,601,183,-138,2,39,463,-51,339,-280,75,-67,-228,80,9,10,5,3
314,223,681,77,319,362,439,-97,332,391,-362,123,197,30,64,9,10,5,3
-32,-673,-179,41,319,296,412,-114,239,398,-405,220,215,77,-50,9,10,5,3
-1,-650,-350,11,311,213,370,-106,159,166,569,-791,211,119,-166,9,10,5,3
29,-611,-513,-12,298,120,320,-94,93,228,544,-760,215,160,-273,9,10,5,3
64,-572,-664,1969,3394,2483,271,-75,37,229,427,-757,187,203,-373,9,10,5,3
103,-538,-809,-11,221,155,-441,274,186,274,384,-788,89,-317,371,9,10,5,3
-393,282,1132,28,182,257,-376,265,207,1203,1443,-3217,98,-252,404,9,10,5,3
-395,301,1229,74,142,352,-283,259,244,192,432,-20,113,-156,423,9,10,5,3
-340,321,1268,121,116,440,-184,291,291,118,402,-71,119,-58,442,9,10,5,3
-310,343,1333,-227,28,-283,386,-436,-190,27,348,-108,-237,128,-376,9,10,5,3
251,39,-1288,-205,22,-308,403,-536,-208,-89,274,-112,-206,133,-393,9,10,5,3
233,15,-1407,-179,14,-331,427,-616,-202,-359,-99,-168,-165,136,-404,9,10,5,3
203,-7,-1495,-155,6,-350,455,-633,-177,-460,-225,-77,-128,132,-416,9,10,5,3
144,-24,-1518,-122,245,367,-321,-443,205,-538,-316,0,35,154,79,9,10,5,3
103,518,834,-139,237,321,-282,-484,131,-582,-355,82,9,156,87,9,10,5,3
15,539,897,-163,227,294,-298,-397,183,-11,84,14,-7,172,121,9,10,5,3
-81,575,979,-184,214,290,-319,-307,206,-159,6,-32,-9,186,168,9,10,5,3
-217,550,1061,-76,-123,-31,-348,-208,243,-275,-65,-50,4,180,227,9,10,5,3
-321,466,1114,-53,-119,-52,-324,-119,254,-330,-125,-43,-113,-125,-325,9,10,5,3
63,237,-1312,-29,-102,-74,173,224,-252,-321,-161,-35,-72,-93,-348,9,10,5,3
52,147,-1254,-12,-82,-97,92,227,-246,21,-420,-264,-37,-59,-365,9,10,5,3
30,61,-1175,1,-56,-120,23,219,-247,73,-465,-197,-10,-33,-375,9,10,5,3
6,-16,-1103,-250,289,367,-33,216,-246,102,-516,-126,14,-21,-386,9,10,5,3
-17,-88,-1041,-428,133,467,-78,230,-240,164,-612,-39,-129,223,454,9,10,5,3
-841,429,903,-470,67,463,-144,-173,637,253,-738,53,-147,242,541,9,10,5,3
-922,219,943,-490,0,459,-172,-215,603,-653,238,200,-145,269,610,9,10,5,3
-911,17,1026,-482,-64,472,-161,-254,558,-614,165,145,-115,289,668,9,10,5,3
-827,-154,1122,-451,-126,505,-156,-300,450,-553,138,98,-56,297,710,9,10,5,3
-683,-301,1220,65,-73,-273,-130,-367,305,-395,64,54,26,-186,-273,9,10,5,3
193,5,-1238,65,-56,-253,129,316,-102,-173,-61,3,4,-183,-284,9,10,5,3
236,22,-1154,60,-46,-234,122,295,-101,-227,-681,-393,-3,-175,-287,9,10,5,3
267,41,-1033,51,-44,-218,103,280,-85,-52,-829,-377,-23,-174,-279,9,10,5,3
280,55,-895,39,-52,-202,58,274,-43,67,-891,-354,-38,-168,-260,9,10,5,3
266,52,-760,-68,-38,80,8,268,8,154,-862,-322,-92,107,47,9,10,5,3
90,-338,405,-102,-19,79,93,-168,193,229,-750,-253,-83,98,38,9,10,5,3
90,-347,387,-132,-2,92,96,-150,211,-80,37,23,-70,94,36,9,10,5,3
81,-359,371,-154,8,111,91,-124,207,-142,93,21,-55,92,42,9,10,5,3
65,-366,364,-169,17,136,78,-95,189,-190,137,12,-46,86,62,9,10,5,3
63,-356,351,35,-88,-7,60,-72,171,-232,153,-2,15,92,-22,9,10,5,3
1,-99,32,22,-71,-20,228,312,64,-256,159,-14,3,88,-29,9,10,5,3
31,-78,35,0,-51,-21,168,358,98,71,74,-56,-9,87,-36,9,10,5,3
58,-66,38,-27,-32,-12,106,390,127,70,79,-53,-13,95,-39,9,10,5,3
81,-79,48,-58,-17,8,41,403,163,72,80,-56,-11,103,-40,9,10,5,3
101,-93,57,-126,-30,78,-35,395,213,71,76,-62,29,102,-58,9,10,5,3
395,10,94,-127,-30,72,-22,94,79,-26,37,55,3,85,-72,9,10,5,3
395,34,133,-132,-30,62,-16,46,75,-52,13,35,-23,74,-90,9,10,5,3
395,48,158,-140,-31,51,0,-1,69,-71,3,44,-40,76,-106,9,10,5,3
394,55,175,84,-120,157,29,-44,70,-104,0,74,128,-168,-31,9,10,5,3
-650,198,-39,92,-117,147,-135,145,10,-219,-226,-279,141,-155,-32,9,10,5,3
-639,159,-115,93,-110,132,-115,179,6,-191,-264,-283,145,-138,-32,9,10,5,3
-624,121,-175,88,-99,114,-98,182,10,-177,-280,-266,140,-120,-40,9,10,5,3
-606,85,-223,80,-86,97,-86,167,13,-158,-278,-239,126,-107,-55,9,10,5,3
-580,56,-261,-7,-105,102,-89,156,16,-137,-274,-219,-77,88,23,9,10,5,3
26,-52,-571,-9,-108,113,56,-20,131,299,493,50,-61,66,49,9,10,5,3
18,-47,-582,-10,-112,124,130,-31,136,287,757,-18,-42,56,72,9,10,5,3
3,-45,-590,-5,-115,130,206,-55,140,267,846,-102,-14,54,86,9,10,5,3
-20,-40,-598,1,-119,130,264,-61,142,228,769,-148,17,61,89,9,10,5,3
-52,-35,-598,218,-102,-130,294,-47,140,160,631,-150,-44,-181,-273,9,10,5,3
296,93,182,207,-89,-126,-102,-149,145,149,5,-12,-56,-171,-260,9,10,5,3
302,104,238,198,-80,-118,-103,-95,200,184,-307,28,-66,-170,-228,9,10,5,3
335,91,293,195,-71,-103,-127,-45,239,166,-281,-10,-56,-194,-173,9,10,5,3
390,67,358,283,-345,462,-194,-4,266,136,-218,-28,-58,-212,353,9,10,5,3
-765,-167,738,298,-346,475,114,31,138,123,-147,-20,-53,-206,349,9,10,5,3
-810,-325,631,313,-323,472,191,-89,162,131,-86,16,-59,-191,340,9,10,5,3
-828,-489,517,320,-282,455,253,-199,149,139,-58,-336,-69,-170,322,9,10,5,3
-817,-646,403,73,216,-199,286,-273,101,184,-2,-337,120,301,-179,9,10,5,3
19,-83,-1015,74,218,-186,-175,-460,-36,176,59,-343,113,304,-166,9,10,5,3
-65,-47,-1025,64,211,-171,-170,-464,-40,157,106,-343,103,304,-155,9,10,5,3
-169,-2,-1030,46,200,-158,-188,-435,-43,-1138,-92,64,87,298,-147,9,10,5,3
-283,50,-1035,750,-963,826,-199,-338,-18,-1076,-97,-32,64,288,-143,9,10,5,3
-404,113,-1039,428,68,339,-188,-214,23,-1050,-95,4,334,-78,75,9,10,5,3
-330,342,899,419,95,318,-428,-19,277,-1007,-54,71,346,-30,52,9,10,5,3
-323,200,921,409,141,287,-459,-94,343,-900,-19,136,355,19,45,9,10,5,3
-310,92,953,392,197,246,-531,-127,340,-3,256,-60,348,53,59,9,10,5,3
-299,25,991,373,254,203,-630,-132,321,-419,-14,-142,331,84,89,9,10,5,3
-303,-11,1018,-43,199,-344,-749,-157,295,-792,-371,-207,-230,76,-358,9,10,5,3
466,43,-1456,-96,167,-347,187,-187,-95,-1029,-720,-233,-244,100,-337,9,10,5,3
401,-2,-1470,-153,138,-341,225,-115,-61,-1387,1643,746,-262,122,-313,9,10,5,3
340,-57,-1458,-211,113,-325,239,-61,-9,-46,-337,-246,-285,134,-281,9,10,5,3
286,-124,-1417,-13,145,47,224,11,48,-7,-513,-254,365,155,80,9,10,5,3
-540,495,1047,10,204,78,-417,-657,63,-5,-546,-225,396,168,137,9,10,5,3
-689,386,1134,41,269,118,-299,-657,117,39,-485,-139,431,178,202,9,10,5,3
-851,198,1233,68,332,177,-193,-597,220,-700,632,364,446,177,251,9,10,5,3
-960,-18,1303,-272,188,-32,-127,-558,340,-661,590,314,-269,53,-244,9,10,5,3
298,1110,-1556,-280,152,-84,318,169,-26,-632,464,222,-279,27,-263,9,10,5,3
208,969,-1731,-297,111,-139,337,93,-114,-573,247,135,-296,27,-273,9,10,5,3
147,796,-1817,-318,65,-197,335,5,-184,-132,-312,-274,-293,22,-287,9,10,5,3
102,640,-1813,67,-333,-97,314,-60,-217,-44,-324,-247,-42,219,-27,9,10,5,3
196,-127,782,98,-339,-87,389,-296,125,76,-315,-207,-52,272,42,9,10,5,3
-106,-973,1345,112,-341,-69,403,-356,137,209,-290,-175,-77,311,88,9,10,5,3
116,-1052,1390,105,-333,-39,396,-354,148,-582,-454,492,-115,342,119,9,10,5,3
375,-984,1453,-177,-404,288,338,-299,175,-605,-488,451,-278,-255,-28,9,10,5,3
635,-790,1517,-160,-379,166,240,-205,245,-554,-514,390,-213,-255,-114,9,10,5,3
855,-482,1572,-148,-361,48,277,-170,-165,-466,-575,323,-147,-236,-193,9,10,5,3
177,197,-1530,-134,-351,-60,463,-62,-250,-421,-598,240,-90,-216,-258,9,10,5,3
270,275,-1523,-118,-345,-153,586,77,-305,126,11,-114,-47,-207,-318,9,10,5,3
359,353,-1481,328,-5,120,627,208,-274,114,48,-37,-130,-94,168,9,10,5,3
446,433,-1412,343,13,156,455,44,403,60,111,30,-148,-94,250,9,10,5,3
370,572,1701,348,30,212,441,155,442,22,140,55,-174,-104,310,9,10,5,3
127,737,1703,336,51,276,414,280,492,512,-233,47,-210,-121,364,9,10,5,3
-195,754,1645,343,-165,-360,396,395,535,349,140,-92,388,163,-462,9,10,5,3
-470,704,1554,293,-119,-397,-21,142,-349,172,529,-197,386,234,-470,9,10,5,3
-777,542,1398,265,-67,-406,42,196,-345,-31,884,-203,376,273,-464,9,10,5,3
-574,792,-908,257,5,-428,97,221,-348,-52,365,131,347,322,-465,9,10,5,3
-633,857,-783,3657,1684,1615,129,245,-358,-116,293,144,327,352,-461,9,10,5,3
-720,870,-642,201,211,556,135,236,-374,-271,213,180,156,-278,466,9,10,5,3
-799,839,-450,214,211,548,111,353,404,-468,157,234,164,-245,489,9,10,5,3
-837,779,-237,221,194,538,144,317,412,-486,120,201,188,-211,517,9,10,5,3
-142,-695,694,232,167,537,191,268,457,26,94,-130,229,-160,560,9,10,5,3
-34,-736,631,249,136,555,216,240,506,-261,6,-223,260,-117,600,9,10,5,3
74,-769,559,-2,158,-227,193,229,528,-540,-91,-298,-155,131,-301,9,10,5,3
140,-807,468,-71,158,-196,448,-580,-87,-743,-200,-374,-177,100,-250,9,10,5,3
177,-859,362,-132,142,-170,337,-213,-71,-787,-289,-435,-177,93,-201,9,10,5,3
49,-5,-792,-185,130,-161,128,137,-89,66,-28,-226,-166,107,-164,9,10,5,3
50,-101,-710,-234,134,-165,-71,422,-149,-46,-139,-140,-162,124,-143,9,10,5,3
50,-197,-607,-568,-120,121,-231,667,-215,-170,-267,44,-170,194,82,9,10,5,3
57,-304,-504,-573,-140,45,-10,50,84,-293,-382,265,-168,184,63,9,10,5,3
68,-421,-411,-553,-141,4,71,116,106,-354,-440,532,-175,158,51,9,10,5,3
-51,-51,50,-512,-127,-3,129,141,116,-152,128,6,-171,130,38,9,10,5,3
-43,-92,-37,96,59,128,147,123,101,-180,68,58,24,-55,26,9,10,5,3
-33,-119,-102,110,77,139,-3088,-3555,2876,-217,-9,106,32,-63,24,9,10,5,3
-24,-139,-156,119,91,144,37,34,71,-245,-98,133,35,-63,31,9,10,5,3
-11,-8,40,126,101,143,15,39,114,22,-126,98,40,-55,46,9,10,5,3
-9,0,35,-17,-42,267,-75,15,-2,18,-153,179,151,-113,154,9,10,5,3
-2,7,12,15,-44,275,-93,-18,-29,0,-163,227,-1,-98,85,9,10,5,3
16,7,-24,48,-30,249,105,-40,-13,4,-174,234,-23,-91,51,9,10,5,3
-33,-30,-40,68,4,200,136,-66,-14,149,11,-145,-43,-79,13,9,10,5,3
-50,-25,-16,58,32,153,159,-95,-7,39,-100,-100,-60,-70,-25,9,10,5,3
-73,-21,40,-46,161,-1,178,-120,4,-37,-158,-67,-73,-55,-65,9,10,5,3
-101,-18,116,-37,169,-2,190,-136,1,-84,-147,-48,131,23,-18,9,10,5,3
-140,-11,172,-40,206,-16,216,-87,100,-95,-85,-32,128,45,-50,9,10,5,3
-25,74,-23,-41,241,-18,230,-96,100,-31,2,-31,124,41,-67,9,10,5,3
35,202,24,-42,253,-16,238,-104,102,-49,-16,-36,123,25,-62,9,10,5,3
37,215,23,33,4,91,244,-112,104,-67,-29,-45,117,35,-33,9,10,5,3
43,232,25,0,-12,74,246,-119,103,-80,-37,-47,165,-42,5,9,10,5,3
48,245,21,-48,-15,55,398,-108,54,-86,-35,-41,160,-30,-8,9,10,5,3
56,250,20,-79,3,39,356,-189,71,7,-67,-50,154,-26,-24,9,10,5,3
107,-50,-73,-86,24,45,105,-455,51,7,-88,-49,149,-21,-36,9,10,5,3
118,-41,-110,-38,-59,13,-114,-754,33,8,-101,-53,147,-24,-47,9,10,5,3
125,-38,-136,-45,-45,17,-208,-894,19,8,-100,-64,69,-128,64,9,10,5,3
129,-40,-154,-44,-45,25,312,-64,91,8,-83,-75,69,-123,70,9,10,5,3
128,-39,-166,-39,-49,42,273,-72,94,1,54,-66,71,-117,75,9,10,5,3
22,-30,-61,-34,-53,64,233,-90,91,4,59,-75,71,-122,76,9,10,5,3
33,-27,-57,37,-4,54,192,-108,83,6,67,-82,68,-122,78,9,10,5,3
35,-25,-55,26,-6,61,158,-117,75,8,67,-86,170,-115,28,9,10,5,3
35,-22,-55,13,-4,66,39,-98,39,12,61,-91,164,-109,12,9,10,5,3
35,-18,-55,3,1,68,37,-93,41,4,-54,-67,164,-109,9,9,10,5,3
53,-15,-57,-2,8,66,37,-88,51,0,-48,-73,163,-109,7,9,10,5,3
46,-20,-62,32,-22,83,37,-80,67,1,-39,-79,163,-106,6,9,10,5,3
45,-20,-66,25,-31,85,37,-71,81,8,-30,-80,165,-104,7,9,10,5,3
44,-18,-67,19,-35,84,112,-97,78,15,-22,-77,129,-128,10,9,10,5,3
39,-15,-67,19,-35,80,101,-98,82,-16,-17,-82,130,-125,11,9,10,5,3
36,2,-54,20,-31,76,91,-99,85,-12,-22,-82,133,-124,12,9,10,5,3
27,-20,-32,18,12,47,83,-98,87,-10,-24,-80,134,-122,13,9,10,5,3
22,-14,-32,16,12,49,78,-98,84,-8,-25,-77,136,-122,13,9,10,5,3
11,-3,-29,14,11,52,81,-112,80,-4,-25,-74,169,-132,21,9,10,5,3
-6,8,-22,14,10,54,85,-112,80,-4,8,-72,165,-130,18,9,10,5,3
-16,-11,-19,-9,-3,60,87,-110,77,-4,8,-71,158,-126,17,9,10,5,3
-21,-11,-20,-12,3,59,87,-106,74,-1,7,-73,149,-121,17,9,10,5,3
-25,-11,-22,-10,7,57,672,2564,-1790,0,6,-77,141,-119,17,9,10,5,3
-22,-15,-24,-4,10,56,75,-113,75,0,3,-79,160,-127,13,9,10,5,3
-12,-17,-25,1,11,57,75,-115,73,0,-2,-73,168,-134,11,9,10,5,3
-23,-29,-33,8,-31,86,79,-114,73,0,-4,-78,177,-140,8,9,10,5,3
-21,-28,-36,1,-30,87,83,-111,74,0,-9,-78,184,-142,7,9,10,5,3
-15,-25,-39,0,-30,86,87,-110,76,1,-8,-76,188,-142,6,9,10,5,3
-7,-21,-41,5,-34,85,77,-119,72,5,-7,-76,163,-131,25,9,10,5,3
0,-19,-42,11,-36,83,77,-115,74,0,-24,-71,162,-131,26,9,10,5,3
4,-6,-52,5,-9,55,78,-110,74,0,-24,-74,160,-132,24,9,10,5,3
3,-7,-51,5,-12,57,79,-106,74,2,-17,-77,158,-132,20,9,10,5,3
2,-9,-51,3,-14,58,78,-103,75,7,-6,-78,158,-136,17,9,10,5,3
1,-9,-50,3,-15,59,91,-117,157,12,3,-80,165,-137,0,9,10,5,3
2,-10,-48,7,-16,60,102,-105,167,-8,-13,-68,168,-134,6,9,10,5,3
7,-13,-27,-9,3,65,108,-88,158,-3,-12,-66,171,-132,14,9,10,5,3
-9,1,-58,-7,1,67,110,-74,130,0,-12,-66,173,-132,16,9,10,5,3
-7,3,-63,-6,-3,70,104,-146,70,1,-13,-70,169,-134,32,9,10,5,3
-6,3,-65,-2,-10,71,83,-145,70,-5,-1053,3748,169,-135,36,9,10,5,3
-6,1,-64,4,-18,71,64,-138,69,-1,-31,-70,169,-133,37,9,10,5,3
-7,0,-60,-34,19,86,59,-124,67,0,-34,-73,168,-130,36,9,10,5,3
4,10,-30,-34,12,95,59,-107,63,2,-41,-74,165,-126,33,9,10,5,3
5,8,-35,-32,1,101,72,-114,68,4,-48,-73,160,-126,5,9,10,5,3
                                                                                                                                                                                                                                                                                                                                          