129,-130,382,-390,-38,75,-1110,-774,-282,312,-423,122,-220,344,339,9,10,5,3
98,-109,365,-438,14,141,-923,-950,-299,275,-342,101,-125,346,16,9,10,5,3
74,-103,358,-472,52,199,-673,-1081,-246,263,-256,101,-92,335,45,9,10,5,3
69,-110,360,-489,73,241,-376,-1153,-187,268,-174,95,-72,327,97,9,10,5,3
-528,71,-180,11,-177,-117,-73,286,33,-212,-206,-237,-41,294,164,9,10,5,3
-552,23,-191,0,-160,-123,-24,292,21,-340,-40,-125,-89,-66,-66,9,10,5,3
-566,-17,-202,-17,-137,-114,18,304,10,-321,-39,-107,-74,-52,-55,9,10,5,3
-567,-47,-209,-43,-112,-92,45,304,11,-301,-35,-91,-58,-32,-38,9,10,5,3
34,102,257,-4,-140,134,-118,-98,99,-282,-18,-74,-43,-6,-14,9,10,5,3
27,96,248,-20,-134,140,-107,-80,103,-261,11,-56,-29,18,8,9,10,5,3
8,96,230,-36,-132,138,-86,-54,115,128,-67,1,-108,-46,-52,9,10,5,3
-15,96,205,-44,-134,125,-60,-5,101,21,54,52,-130,-75,-30,9,10,5,3
-43,95,175,-47,-135,104,-27,41,86,26,128,53,-148,-98,-12,9,10,5,3
255,322,406,311,-276,111,628,654,-266,209,165,27,-163,-120,3,9,10,5,3
238,355,411,311,-239,120,508,745,-270,302,348,-2407,-172,-140,19,9,10,5,3
228,381,417,301,-197,122,386,760,-253,168,-172,-51,50,49,79,9,10,5,3
221,396,420,280,-158,114,303,700,-219,179,-130,-50,50,31,-6,9,10,5,3
213,397,414,246,-133,94,197,634,-139,160,-63,-64,52,14,-68,9,10,5,3
91,-397,-319,-123,-151,150,-77,-116,88,131,37,-94,60,17,-93,9,10,5,3
94,-370,-263,-11,-233,125,-66,-105,88,-20,-35,-67,-107,26,10,9,10,5,3
85,-324,-201,17,-250,124,-55,-63,93,-61,-15,-74,-104,16,10,9,10,5,3
65,-271,-147,44,-260,125,-41,-17,93,-105,11,-79,-99,8,8,9,10,5,3
-138,-283,-101,69,-261,120,-36,19,86,-129,36,-87,-92,5,9,9,10,5,3
-104,-298,-129,90,-250,108,354,-204,322,-142,45,-99,-86,11,13,9,10,5,3
-73,-315,-169,546,47,169,506,-208,312,-318,398,25,315,-121,208,9,10,5,3
-41,-343,-215,569,90,176,648,-177,283,-258,289,11,351,-119,195,9,10,5,3
-14,-373,-269,586,127,187,763,-117,233,-201,185,-7,383,-105,174,9,10,5,3
-267,-163,303,598,157,198,850,-30,178,-120,108,-24,416,-85,147,9,10,5,3
1,-337,71,602,187,203,-415,5,151,-87,66,-46,441,-59,116,9,10,5,3
46,-335,40,115,113,55,-240,82,79,-355,-137,-131,-39,16,-13,9,10,5,3
85,-328,13,112,105,42,-59,123,38,-382,-277,-152,-83,5,-47,9,10,5,3
127,-314,-15,102,95,32,57,108,27,-362,-409,-186,-122,-9,-80,9,10,5,3
174,-300,-48,86,83,20,135,68,46,-261,-490,-195,-133,-21,-105,9,10,5,3
-30,-205,167,64,68,6,-2,-93,91,-87,-468,-188,-112,-21,-112,9,10,5,3
-69,-226,207,13,186,23,11,-148,93,-144,-7,-185,15,65,-128,9,10,5,3
-105,-236,236,-6,203,10,52,-212,84,-103,-124,-189,35,84,-164,9,10,5,3
-135,-238,256,-29,217,0,113,-279,68,-103,-464,-142,63,108,-191,9,10,5,3
172,-263,52,-51,224,-12,219,-1447,150,-163,-525,-90,95,135,-190,9,10,5,3
183,-250,23,-21,355,117,364,-1230,182,-149,319,17,66,84,118,9,10,5,3
203,-238,-15,-34,337,115,389,-928,256,-203,360,-6,34,61,99,9,10,5,3
236,-217,-54,-53,316,113,274,-677,356,-271,381,-38,11,68,48,9,10,5,3
1040,1128,-895,-79,291,111,142,-512,400,-319,364,-93,-11,72,-12,9,10,5,3
99,-10,226,-109,262,105,-12,26,104,-338,281,-151,-37,85,-73,9,10,5,3
114,-4,241,-202,90,-7,-23,18,111,-161,-90,-34,38,18,20,9,10,5,3
123,11,250,-203,94,0,-22,9,109,-164,-133,-43,56,24,22,9,10,5,3
126,31,255,-198,97,8,-8,1,107,-160,-176,-45,66,41,12,9,10,5,3
126,52,251,-192,99,14,22,-4,112,-144,-213,-46,62,71,-8,9,10,5,3
-263,18,-355,-182,97,15,-666,-755,-173,-156,-259,-37,52,97,-33,9,10,5,3
-264,-55,-316,-368,-187,124,-578,-794,-209,159,-23,-120,-357,134,-71,9,10,5,3
-250,-137,-266,-370,-167,89,-399,-817,-234,144,-31,-137,-347,160,-83,9,10,5,3
-224,-194,-216,-378,-140,60,-143,-812,-284,120,-59,-143,-329,177,-88,9,10,5,3
56,215,389,-389,-114,39,-370,6,68,98,-96,-147,-308,186,-85,9,10,5,3
-22,213,353,48,-26,32,-355,63,68,-103,-36,-120,4,-22,-49,9,10,5,3
-84,213,318,18,-4,50,-294,114,57,-151,32,-104,-7,-21,-68,9,10,5,3
-134,213,284,-10,15,68,-225,135,66,-189,60,-105,-14,-22,-74,9,10,5,3
-236,-238,-583,-35,30,83,-24,203,92,-224,56,-128,-12,-25,-69,9,10,5,3
-239,-240,-592,-52,35,95,-24,206,89,-268,16,-171,-3,-31,-53,9,10,5,3
-231,-239,-587,44,-145,106,22,186,75,-87,423,8,-34,-161,49,9,10,5,3
-229,-238,-567,46,-171,122,15,163,78,29,338,-117,-65,-202,73,9,10,5,3
231,483,447,38,-196,138,868,10,-327,59,451,-200,-89,-220,110,9,10,5,3
164,495,381,27,-222,155,809,146,-263,23,601,-132,-103,-227,151,9,10,5,3
93,496,308,-14,-211,151,711,307,-187,77,-270,-2,-78,62,143,9,10,5,3
33,486,248,-124,-32,253,578,491,-104,73,-243,-18,-70,77,113,9,10,5,3
-297,-365,-420,-120,-18,258,-182,30,41,60,-198,-10,-59,82,89,9,10,5,3
-256,-387,-473,-112,0,255,-211,-3,20,20,-132,19,-49,87,79,9,10,5,3
-204,-408,-498,-106,19,248,-253,-16,31,-40,-50,48,-29,94,72,9,10,5,3
-127,-436,-494,-102,36,238,-273,-31,54,155,-43,-45,6,41,-24,9,10,5,3
-44,-452,-467,140,0,-35,-298,-37,56,133,-6,-57,11,33,-52,9,10,5,3
-65,305,539,136,-1,-43,-725,-3,134,123,27,-76,12,23,-72,9,10,5,3
-79,306,539,128,-1,-52,-686,-10,157,142,72,-82,6,16,-80,9,10,5,3
-95,299,544,117,-1,-65,-575,-13,156,169,121,-64,-1,15,-79,9,10,5,3
-113,284,547,106,-4,-77,-434,-12,168,-120,91,19,304,-132,78,9,10,5,3
-134,266,543,379,84,0,-276,-65,242,-93,90,10,298,-135,51,9,10,5,3
-95,-151,-449,373,71,-30,-1015,-360,247,-58,84,-12,288,-139,28,9,10,5,3
-96,-166,-456,366,57,-51,-1007,-613,439,-26,73,-34,275,-147,0,9,10,5,3
-82,-182,-455,359,36,-69,-931,-653,646,-127,-140,-66,-14,59,3,9,10,5,3
-62,-209,-436,1604,-567,-2797,-831,-462,746,-122,-194,-115,-12,66,18,9,10,5,3
1819,-1198,1650,60,7,-40,-725,-262,718,-50,-228,-152,-20,77,38,9,10,5,3
365,69,-288,81,9,-57,61,18,70,47,-249,-213,-14,81,41,9,10,5,3
361,72,-333,100,15,-76,-6,2,91,66,-144,-250,-4,84,36,9,10,5,3
366,76,-379,114,22,-93,-93,-9,115,-25,498,152,34,-81,-20,9,10,5,3
381,84,-421,123,28,-112,-162,-30,122,-60,550,79,28,-81,-25,9,10,5,3
397,100,-453,53,338,214,-197,-51,116,-72,580,35,25,-75,-30,9,10,5,3
-375,-360,444,57,373,238,-273,721,-303,-52,555,27,27,-58,-34,9,10,5,3
-365,-402,405,52,412,265,-356,667,-374,34,310,-11,40,-27,-37,9,10,5,3
-332,-431,364,35,450,286,-429,604,-395,-99,-52,-178,132,134,-81,9,10,5,3
-299,-478,351,4,482,295,-512,510,-383,-141,-40,-168,123,130,-81,9,10,5,3
-261,-479,333,-197,320,302,-585,367,-353,-178,3,-180,127,140,-84,9,10,5,3
-11,315,-84,-254,233,329,106,78,9,-191,44,-180,136,153,-91,9,10,5,3
-16,364,-88,-298,126,321,167,94,-1,-133,60,-264,-43,-49,91,9,10,5,3
-28,409,-96,-335,13,295,185,139,31,-98,88,-265,-63,-47,39,9,10,5,3
-51,459,-94,-90,83,-83,189,132,77,-87,117,-212,-82,-32,-22,9,10,5,3
1503,-2025,-2168,-110,67,-81,181,96,93,-62,135,-213,-97,-16,-81,9,10,5,3
138,187,-178,-126,50,-77,160,-60,82,-32,141,-253,-113,0,-121,9,10,5,3
141,194,-207,-136,34,-75,234,-83,133,545,-284,24,-70,205,57,9,10,5,3
136,206,-231,-138,21,-74,290,-84,158,677,-336,-28,-65,232,96,9,10,5,3
123,224,-246,-501,-98,281,291,-58,183,793,-269,-18,-54,241,142,9,10,5,3
101,244,-249,-415,-165,20,261,-33,221,890,-174,-5,-44,229,205,9,10,5,3
296,160,-13,-397,-112,3,898,-484,74,-3603,-411,-1078,-40,203,288,9,10,5,3
279,190,-53,-379,-57,-13,914,-541,74,-379,-304,117,-68,203,217,9,10,5,3
270,215,-90,-367,-7,-36,897,-479,94,-303,-207,173,-72,152,309,9,10,5,3
262,240,-131,-361,31,-55,838,-23,149,-171,-107,154,-27,60,361,9,10,5,3
255,254,-173,55,26,137,631,445,402,-29,-24,90,42,-21,367,9,10,5,3
-162,72,-64,41,28,106,-148,316,69,-81,-666,-89,68,5,-77,9,10,5,3
-147,91,-21,20,31,75,-133,290,81,338,-695,182,74,25,-84,9,10,5,3
-128,102,19,-2,36,47,-85,229,71,401,-602,153,78,46,-102,9,10,5,3
-91,103,56,-225,-423,136,-27,140,66,462,-497,148,81,66,-118,9,10,5,3
3209,-3776,1858,-221,-487,153,11,69,72,485,-326,174,79,87,-125,9,10,5,3
-377,374,-127,-213,-540,173,909,-552,-182,106,96,-139,-246,-253,-116,9,10,5,3
-388,345,-169,-203,-578,187,1040,-268,-169,66,111,-175,-228,-206,-115,9,10,5,3
-396,324,-201,-117,-419,223,1102,59,-146,45,102,-203,-214,-168,-115,9,10,5,3
-406,312,-221,-77,-378,212,1083,390,-105,45,70,-205,-209,-132,-109,9,10,5,3
217,-760,-195,-34,-334,189,-150,80,33,306,-314,-145,178,-231,-98,9,10,5,3
280,-725,-181,9,-290,168,-120,69,78,267,-274,-106,173,-184,-75,9,10,5,3
332,-694,-171,48,-248,155,-71,0,94,200,-268,-130,174,-139,-54,9,10,5,3
374,-666,-161,269,9,135,-29,-107,121,186,-296,-183,167,-100,-39,9,10,5,3
-241,466,372,264,32,128,7,-208,128,234,-300,-165,160,-74,-32,9,10,5,3
-268,436,368,254,54,115,44,-264,119,-998,-141,-185,213,-307,-54,9,10,5,3
-300,388,360,241,70,96,554,435,112,-915,-24,-108,212,-304,6,9,10,5,3
-331,323,350,227,80,70,541,512,118,-769,154,-23,206,-287,103,9,10,5,3
-359,247,345,364,66,51,498,601,75,-659,289,48,222,-282,230,9,10,5,3
262,-611,-175,371,43,31,403,685,20,-581,359,85,226,-265,372,9,10,5,3
350,-590,-203,381,19,13,272,752,-19,390,134,12,54,22,95,9,10,5,3
444,-557,-237,390,1,-3,-3,-140,151,329,139,-26,75,33,18,9,10,5,3
532,-503,-261,399,-8,-15,-79,-143,131,208,165,-87,92,42,-67,9,10,5,3
615,-435,-290,126,124,59,-134,-133,64,35,205,-150,105,42,-121,9,10,5,3
-11,7,269,97,144,41,-86,-147,57,-125,194,-199,119,46,-147,9,10,5,3
-53,-40,291,66,158,16,-20,-153,74,-626,341,79,-25,-11,-43,9,10,5,3
-88,-82,305,41,169,-3,322,-350,53,-635,286,62,-33,-22,-72,9,10,5,3
-111,-118,314,29,178,-17,395,-110,141,-680,250,-12,-41,-28,-101,9,10,5,3
-118,-146,322,-314,566,261,425,159,164,-683,269,-61,-45,-20,-126,9,10,5,3
119,10,114,-327,542,245,452,415,144,-661,222,-41,-38,3,-146,9,10,5,3
110,22,63,-327,523,229,449,642,178,-118,73,-146,164,268,131,9,10,5,3
101,25,15,-317,510,210,-2758,674,1188,-202,136,-80,143,264,144,9,10,5,3
86,29,-33,-296,506,193,109,522,35,-285,183,-15,116,264,145,9,10,5,3
73,26,-75,-190,-159,-50,151,506,26,-353,237,22,80,258,149,9,10,5,3
-474,-18,89,-154,-138,-29,170,432,24,-414,289,53,47,257,150,9,10,5,3
-375,-26,106,-122,-116,-3,171,327,29,16,-117,-52,-73,-36,-47,9,10,5,3
-280,-30,126,-98,-89,21,147,239,33,30,-115,-51,-66,-44,-35,9,10,5,3
-189,-33,148,-79,-52,43,-68,9,126,67,-113,-55,-57,-58,-16,9,10,5,3
-106,-34,170,-50,-52,19,-13,28,119,115,-104,-53,-39,-72,4,9,10,5,3
-199,267,-177,-51,-57,4,61,35,106,166,-97,-61,-26,-90,21,9,10,5,3
-234,267,-211,-51,-56,-9,147,42,93,588,-40,89,-350,39,405,9,10,5,3
-253,258,-257,-52,-46,-22,-81,-991,-301,596,-62,89,-378,14,99,9,10,5,3
-263,243,-311,-364,-230,56,69,-961,-219,559,-62,102,-382,49,55,9,10,5,3
59,377,205,-367,-234,42,271,-956,-151,447,-8,92,-386,82,17,9,10,5,3
-46,381,184,-368,-240,32,498,-922,-142,149,145,-200,-383,107,-12,9,10,5,3
-151,356,173,-367,-251,33,713,-839,-131,231,343,-178,-375,120,-35,9,10,5,3
-228,318,166,-359,-262,41,7,96,51,232,424,-147,-40,-68,-67,9,10,5,3
-275,274,151,-156,-191,38,-27,95,57,169,430,-150,-33,-91,-67,9,10,5,3
-11,-311,-67,-133,-211,22,-44,100,48,98,382,-189,-21,-101,-63,9,10,5,3
-2,-271,-13,-101,-227,8,-55,106,48,673,-22,88,-8,-108,-58,9,10,5,3
7,-225,35,-66,-240,-1,-57,120,55,637,-18,64,1,-106,-47,9,10,5,3
18,-179,83,-28,-253,-4,117,-664,512,599,16,14,77,-269,237,9,10,5,3
33,-137,130,351,-301,167,253,-711,469,542,-27,-22,75,-305,235,9,10,5,3
-220,-40,-317,348,-294,136,376,-703,376,390,-88,-32,78,-328,238,9,10,5,3
-202,-54,-391,339,-288,106,479,-662,210,81,9,-180,83,-338,244,9,10,5,3
-178,-64,-456,322,-285,76,556,-603,36,94,-30,-175,86,-341,251,9,10,5,3
-144,-68,-511,300,-284,50,150,-281,40,132,-31,-153,50,31,-27,9,10,5,3
-116,-56,-542,71,335,89,157,-349,74,196,-14,-141,72,52,-137,9,10,5,3
206,-218,162,71,277,68,112,-415,83,278,-14,-122,96,72,-202,9,10,5,3
242,-230,122,76,210,52,49,-411,63,487,26,-91,120,85,-213,9,10,5,3
275,-235,80,80,144,37,-28,-312,37,311,486,-20,135,86,-177,9,10,5,3
306,-238,31,83,83,22,-239,-1,58,236,693,19,-85,-54,-12,9,10,5,3
334,-242,-23,218,-70,235,-222,-16,59,181,890,21,-75,-53,-17,9,10,5,3
-758,212,722,241,-21,264,-215,-60,59,147,1012,13,-45,-53,-20,9,10,5,3
-774,214,749,261,24,279,-239,-138,70,138,1022,29,-3,-48,-11,9,10,5,3
-782,191,764,284,63,282,-285,-208,84,-109,124,-101,50,-39,15,9,10,5,3
-785,149,763,313,94,281,-447,-709,456,-93,136,-111,244,-97,81,9,10,5,3
-781,94,740,141,224,279,-438,-627,613,-69,145,-122,221,-106,182,9,10,5,3
645,361,-473,46,224,246,-518,-473,597,-32,148,-128,185,-104,274,9,10,5,3
590,508,-434,-32,220,203,-565,-288,447,-1,156,-125,137,-94,332,9,10,5,3
508,631,-400,-92,211,158,-486,-72,167,-21,518,-89,85,-84,342,9,10,5,3
408,733,-357,-128,200,118,14,89,108,-58,492,-54,-58,61,56,9,10,5,3
303,808,-303,-105,183,51,-18,41,116,-105,456,-43,-63,70,52,9,10,5,3
121,-49,225,-105,165,50,-49,-21,119,-166,415,-46,-65,75,46,9,10,5,3
139,-13,193,-106,145,42,-74,-71,119,-224,366,-46,-64,75,38,9,10,5,3
158,23,161,-106,130,31,-90,-95,117,254,-475,38,-60,65,30,9,10,5,3
176,60,130,-107,118,21,-740,195,-239,218,-421,54,-149,368,103,9,10,5,3
192,92,101,-292,306,17,-742,1,-247,161,-365,66,-156,383,56,9,10,5,3
23,70,-297,-285,319,4,-721,-200,-256,118,-290,68,-159,391,13,9,10,5,3
-138,244,-18,-280,332,-7,-666,-403,-247,91,-223,61,-151,394,-25,9,10,5,3
-148,216,33,-280,343,-18,-583,-586,-222,505,-19,-120,-138,387,-62,9,10,5,3
-149,159,83,-278,354,-26,108,22,100,-103,243,-22,-105,-98,-15,9,10,5,3
-147,95,123,-59,175,-14,107,-24,60,-107,195,-49,-98,-81,-47,9,10,5,3
92,161,162,-78,177,-24,109,-5,74,-163,192,-182,-77,-71,-76,9,10,5,3
92,187,148,-89,170,-41,95,37,79,-273,234,-327,-52,-60,-93,9,10,5,3
90,211,134,-100,158,-59,78,96,83,-335,196,-391,-33,-49,-101,9,10,5,3
85,241,119,-110,141,-71,55,143,88,846,826,98,-362,-12,291,9,10,5,3
114,57,-101,-355,-346,292,-386,-83,-110,757,725,103,-343,-18,375,9,10,5,3
161,54,-52,-309,-381,244,-381,-110,-182,658,599,69,-308,-21,426,9,10,5,3
205,53,-10,-280,-398,202,-352,-164,-252,541,482,46,-262,-14,433,9,10,5,3
246,60,22,-262,-397,164,-277,-245,-249,-60,-358,96,-83,-28,343,9,10,5,3
284,73,50,-256,-383,130,-176,-323,-277,-131,-288,102,-18,-29,320,9,10,5,3
-542,-388,10,118,-175,26,-145,36,50,-157,-208,55,7,-36,267,9,10,5,3
-508,-445,-50,119,-187,13,9,98,34,-109,-129,10,-7,-71,189,9,10,5,3
-461,-489,-115,119,-192,-3,107,151,31,188,-738,-196,52,-19,-87,9,10,5,3
-410,-520,-178,120,-189,-20,151,189,25,256,-706,-192,47,-12,-75,9,10,5,3
-161,63,82,10,-54,138,-172,488,150,368,-645,-116,38,-2,-50,9,10,5,3
-152,138,176,15,-55,127,-234,443,180,494,-562,-28,27,5,-20,9,10,5,3
-135,195,272,21,-61,113,-225,345,163,-259,333,38,126,-202,160,9,10,5,3
-114,234,361,32,-78,104,-137,246,185,-145,295,26,142,-225,118,9,10,5,3
-245,-100,-266,231,-307,-91,349,454,-68,-76,271,-27,155,-252,80,9,10,5,3
-227,-101,-286,225,-325,-68,301,501,35,-51,266,-73,161,-276,46,9,10,5,3
-190,-98,-313,222,-345,-41,237,483,154,-266,-96,26,65,30,25,9,10,5,3
-172,-117,-346,227,-362,-8,169,473,236,-252,-77,56,84,18,-44,9,10,5,3
195,-111,261,86,84,27,-237,-19,28,-231,-160,25,98,16,-72,9,10,5,3
195,-96,248,100,76,5,-211,-29,1,-220,-211,57,96,32,-66,9,10,5,3
200,-73,234,112,69,-9,-175,-56,9,388,381,-29,-47,40,-61,9,10,5,3
206,-56,224,122,65,-20,-122,-76,22,351,463,-24,-50,32,-69,9,10,5,3
196,-1,-432,47,-43,114,-491,-184,134,319,528,-21,-51,19,-69,9,10,5,3
199,16,-412,79,-50,131,-380,-198,162,296,566,1,-48,4,-65,9,10,5,3
196,32,-383,118,-59,150,-287,-204,244,-310,74,-59,337,86,64,9,10,5,3
179,49,-340,160,-72,169,-233,-228,371,-312,52,-66,338,98,53,9,10,5,3
-197,-385,284,383,154,9,-1322,-335,304,-309,11,-78,338,106,40,9,10,5,3
-134,-393,274,383,149,49,-1158,-324,334,-309,-11,-83,334,102,25,9,10,5,3
-80,-403,271,375,150,85,-948,-288,339,-113,-250,78,-86,35,-3,9,10,5,3
-34,-418,281,355,158,117,-665,-333,344,-55,-102,-13,-84,31,18,9,10,5,3
75,577,-425,141,129,-34,88,-240,26,16,28,-114,-78,31,38,9,10,5,3
20,564,-408,151,139,-31,102,-254,42,80,116,-208,-71,30,46,9,10,5,3
-19,545,-399,149,146,-24,125,-244,70,-352,-97,34,-2,20,105,9,10,5,3
-50,514,-392,139,153,-18,155,-205,97,-333,-147,5,-3,26,84,9,10,5,3
-130,-291,396,-133,134,29,2708,-1067,954,-315,-188,-16,-3,28,57,9,10,5,3
-148,-297,411,-140,142,21,266,504,162,-312,-224,-30,-4,30,32,9,10,5,3
-151,-296,419,-149,153,22,255,760,228,-325,-256,-44,-4,33,10,9,10,5,3
-142,-299,418,-161,161,27,173,921,256,157,-201,-34,-243,336,35,9,10,5,3
-127,-310,409,-172,167,25,62,993,265,157,-160,-21,-225,342,14,9,10,5,3
300,97,-29,-133,397,61,456,-634,-22,161,-107,-30,-202,335,-1,9,10,5,3
314,125,-47,-140,391,76,534,-670,50,175,-61,-53,-164,318,-6,9,10,5,3
313,163,-61,-152,389,95,507,-691,148,181,-36,-92,-118,288,-10,9,10,5,3
305,205,-74,-172,393,122,526,-621,318,173,500,119,-41,-19,53,9,10,5,3
287,256,-88,-200,399,156,534,-500,484,-2,421,36,-66,-27,34,9,10,5,3
-509,-417,-163,-205,-90,4,49,54,76,-323,333,-144,-87,-38,13,9,10,5,3
-458,-397,-117,-206,-99,7,63,46,81,-488,201,-291,-104,-55,-4,9,10,5,3
-403,-366,-65,-203,-114,16,64,41,81,-600,29,-343,-124,-69,-19,9,10,5,3
-341,-318,-6,-198,-131,26,53,46,83,628,-619,11,61,-46,-16,9,10,5,3
-275,-263,53,-188,-147,36,48,54,86,663,-440,45,45,-60,-14,9,10,5,3
-221,282,-68,-417,-248,151,-701,-327,134,722,-27,149,15,-64,4,9,10,5,3
-245,254,-115,-416,-293,184,-620,-382,127,687,119,295,-20,-49,31,9,10,5,3
-248,246,-148,-393,-332,204,-560,-409,59,506,227,299,-60,-31,46,9,10,5,3
-229,259,-168,-351,-359,206,-515,-439,-10,125,15,-197,-266,-101,-71,9,10,5,3
-211,275,-189,-297,-380,197,-493,-475,-47,165,-12,-160,-262,-134,-79,9,10,5,3
-147,-48,255,148,-166,351,172,-42,147,209,-33,-123,-265,-186,-80,9,10,5,3
-130,-30,310,197,-108,315,102,6,192,231,-68,-108,-258,-222,-62,9,10,5,3
-133,-31,356,235,-70,278,19,26,127,218,-92,-106,-243,-233,-20,9,10,5,3
-132,-57,388,252,-54,242,-76,9,49,310,-459,-166,120,-40,-53,9,10,5,3
167,-286,-394,204,-154,-219,24,31,96,331,-434,-152,104,-6,-28,9,10,5,3
181,-273,-433,115,-90,90,11,22,98,345,-406,-155,90,34,-13,9,10,5,3
181,-261,-469,93,-84,118,-10,0,103,356,-377,-158,84,46,-18,9,10,5,3
178,-252,-499,69,-81,138,-27,-27,100,-339,340,307,92,-62,80,9,10,5,3
-297,252,413,49,-79,154,-19,-50,92,-378,345,313,125,-93,115,9,10,5,3
-338,245,430,33,-77,164,820,-474,-43,-386,260,229,146,-117,129,9,10,5,3
-359,219,441,465,174,6,890,-408,-133,-420,93,98,171,-137,118,9,10,5,3
-365,181,444,455,151,15,951,-352,-201,-542,-109,-18,200,-148,87,9,10,5,3
-359,144,439,441,119,21,1011,-316,-231,102,278,-223,194,-178,-98,9,10,5,3
426,-454,-134,422,91,23,1079,-244,-230,120,286,-192,203,-167,-88,9,10,5,3
498,-419,-210,400,69,25,187,261,153,126,273,-156,225,-154,-69,9,10,5,3
566,-366,-283,85,84,204,229,209,186,119,270,-105,249,-141,-37,9,10,5,3
625,-288,-347,85,75,202,220,147,152,133,284,-81,264,-137,13,9,10,5,3
656,-180,-394,69,81,185,169,71,107,99,587,-204,-132,114,-42,9,10,5,3
-26,23,298,50,95,150,140,6,85,86,583,-206,-140,104,-48,9,10,5,3
-7,19,294,35,115,109,-27,58,110,73,575,-205,-127,120,-59,9,10,5,3
12,15,284,-81,91,86,-28,43,112,39,569,-195,-115,137,-68,9,10,5,3
32,12,271,-61,104,83,-30,12,109,-23,567,-170,-110,147,-69,9,10,5,3
58,7,256,-36,122,80,-26,-35,113,320,-580,-3,14,299,300,9,10,5,3
-8,-3,-97,-11,143,75,-32,-102,114,204,-524,56,14,243,329,9,10,5,3
-47,-11,-89,7,168,70,-528,1,-116,125,-430,84,8,216,320,9,10,5,3
-82,-15,-89,-275,283,56,-532,-22,-132,66,-329,74,-8,227,292,9,10,5,3
-112,-29,-78,-262,289,57,-523,-2,-145,7,-253,58,-33,256,254,9,10,5,3
-159,-44,-76,-255,288,57,-519,34,-159,-156,64,114,104,149,401,9,10,5,3
20,343,151,-250,281,43,-526,59,-165,-187,98,122,85,132,391,9,10,5,3
-29,371,123,-243,274,18,82,139,46,-219,101,112,47,120,345,9,10,5,3
-87,388,91,-112,-7,-21,102,59,46,-251,62,93,-23,117,270,9,10,5,3
-151,392,59,-115,25,-26,126,21,36,-271,0,75,-107,121,182,9,10,5,3
-213,376,33,-125,55,-30,146,26,34,-168,-458,14,-9,-9,9,9,10,5,3
-275,-137,-286,-144,76,-33,162,55,38,-98,-486,22,10,3,8,9,10,5,3
-263,-135,-278,-167,85,-35,468,167,124,-23,-497,6,23,17,4,9,10,5,3
-256,-129,-265,-263,-211,98,638,238,143,55,-507,-20,25,31,-2,9,10,5,3
-247,-121,-243,-280,-238,81,802,292,135,145,-530,-38,18,44,-10,9,10,5,3
-228,-109,-214,-302,-275,71,799,299,143,129,191,-36,-180,-380,100,9,10,5,3
-105,182,169,-337,-324,74,623,281,137,125,172,-65,-200,-394,53,9,10,5,3
-126,165,108,-384,-378,93,670,249,96,130,152,-70,-222,-395,11,9,10,5,3
-150,154,55,-181,-456,160,643,209,149,129,129,-69,-232,-377,-23,9,10,5,3
-176,134,2,202,-262,258,604,177,196,116,113,-75,-241,-344,-48,9,10,5,3
-203,121,-45,236,-194,219,540,148,225,17,-22,-177,109,-75,18,9,10,5,3
124,-409,61,254,-136,175,454,116,251,38,-38,-223,111,-115,0,9,10,5,3
125,-397,59,260,-95,135,452,746,1472,27,-86,-253,117,-153,-29,9,10,5,3
128,-383,59,249,-77,104,-92,-29,89,17,-127,-271,125,-179,-59,9,10,5,3
130,-372,56,283,-64,169,-62,-29,96,17,-215,-286,128,-184,-89,9,10,5,3
138,-362,52,260,-67,184,-41,-44,107,-55,845,33,40,-5,26,9,10,5,3
195,71,17,236,-71,196,-22,-60,113,-208,717,56,59,-1,31,9,10,5,3
119,79,78,218,-76,202,-6,-79,117,-425,597,107,92,-6,49,9,10,5,3
22,93,141,206,-79,206,805,-27,-81,-707,373,184,136,-17,74,9,10,5,3
-83,107,203,399,303,12,814,41,-97,-859,171,243,173,-30,94,9,10,5,3
-185,116,256,391,263,23,793,158,-85,17,137,-157,273,0,-31,9,10,5,3
214,38,-528,379,224,33,722,297,-67,-22,181,-169,271,-9,-25,9,10,5,3
206,89,-542,368,186,44,607,461,-44,-66,216,-178,270,-15,-26,9,10,5,3
209,156,-550,362,152,53,415,-88,46,-108,236,-183,266,-17,-28,9,10,5,3
211,221,-541,-1,140,8,506,-104,27,-137,250,-178,268,-10,-37,9,10,5,3
216,278,-520,26,137,11,504,-101,37,-53,419,-84,-73,47,-28,9,10,5,3
402,107,93,44,141,12,416,-95,65,-62,349,-14,-68,28,-15,9,10,5,3
412,140,32,48,152,8,281,-98,59,-59,270,27,-58,13,-6,9,10,5,3
418,173,-30,43,166,-1,32,-88,85,-22,204,21,-46,0,0,9,10,5,3
418,203,-95,5,261,79,44,-115,86,13,150,11,-31,-10,4,9,10,5,3
412,238,-163,-1,265,105,43,-133,89,410,43,-29,-92,277,34,9,10,5,3
-154,-222,341,-8,266,126,33,-157,91,441,20,-67,-111,296,-6,9,10,5,3
-73,-289,420,-17,271,142,32,-183,92,395,-97,-155,-133,308,-32,9,10,5,3
3,-345,489,-29,282,151,-568,-216,25,334,-225,-207,-158,317,-41,9,10,5,3
76,-395,545,-232,298,52,-576,-241,30,279,-312,-192,-187,322,-37,9,10,5,3
142,-441,588,-226,304,37,-579,-250,25,63,-168,-122,-141,257,-35,9,10,5,3
155,457,-154,-227,308,25,-577,-252,1,42,-141,-104,-124,260,-16,9,10,5,3
99,482,-161,-236,311,14,-571,-233,-10,15,-94,-77,-111,265,4,9,10,5,3
39,510,-165,-251,316,5,26,349,53,-13,-52,-46,-120,270,32,9,10,5,3
-33,533,-170,-145,-258,-194,112,262,38,-52,-3,-33,-135,274,64,9,10,5,3
-102,545,-166,-130,-225,-179,159,200,37,-581,-394,-192,-41,-98,-51,9,10,5,3
-177,-489,-159,-111,-192,-157,170,167,34,-567,-476,-118,-33,-86,-26,9,10,5,3
-159,-476,-135,-93,-164,-131,164,153,31,-568,-519,-67,-23,-79,-1,9,10,5,3
-141,-457,-106,-79,-141,-107,-61,140,116,-553,-549,-16,-18,-82,16,9,10,5,3
-125,-431,-74,-252,-170,204,11,204,115,-508,-586,12,-12,-92,22,9,10,5,3
-107,-400,-38,-284,-210,196,102,282,126,-111,654,-151,-87,-420,-38,9,10,5,3
-471,399,242,-308,-257,176,170,366,153,63,605,-22,-71,-425,1,9,10,5,3
-504,330,209,-311,-313,148,209,438,176,122,568,65,-65,-429,52,9,10,5,3
-522,251,178,-292,-378,109,370,-522,-82,129,514,76,-60,-425,98,9,10,5,3
-529,171,143,25,-584,-61,461,-502,-55,148,438,52,-54,-428,130,9,10,5,3
-527,94,106,23,-600,-56,551,-429,-53,284,-36,-79,-57,-357,34,9,10,5,3
249,-544,53,21,-615,-42,611,-356,-65,313,-48,-52,-83,-335,113,9,10,5,3
290,-478,94,21,-630,-22,654,-306,-76,348,-50,9,-80,-334,226,9,10,5,3
333,-419,129,26,-645,4,-77,362,45,357,-79,92,-58,-332,348,9,10,5,3
380,-370,164,351,32,-103,-134,281,25,292,-107,165,-3,-324,429,9,10,5,3
418,-324,189,352,46,-67,-196,155,12,311,444,97,134,170,72,9,10,5,3
179,-134,363,347,83,-42,-246,31,-1,242,493,142,99,160,107,9,10,5,3
422,-18,-100,337,126,-27,-285,-46,4,171,505,165,54,147,136,9,10,5,3
446,4,-224,325,166,-14,-3,151,88,110,497,158,29,138,148,9,10,5,3
476,46,-343,261,-51,-6,-102,152,83,61,471,131,17,137,140,9,10,5,3
491,114,-442,262,-23,13,-215,145,79,138,-354,-104,235,259,103,9,10,5,3
482,171,-512,259,6,35,-307,111,81,13,-364,-166,214,283,99,9,10,5,3
-321,-541,798,261,40,60,-342,30,92,-110,-370,-154,197,302,89,9,10,5,3
-240,-502,724,261,81,95,-519,763,81,-246,-337,-106,186,325,70,9,10,5,3
-182,-468,660,218,265,-49,-690,707,42,-355,-291,-73,173,345,56,9,10,5,3
-129,-425,604,230,255,-26,-778,662,6,183,-588,-78,89,2,106,9,10,5,3
-83,-386,549,229,246,-9,-801,629,-49,269,-773,-13,119,-55,196,9,10,5,3
82,290,12,217,238,-3,-729,617,-77,399,-884,49,150,-88,276,9,10,5,3
23,348,21,201,231,-4,182,-35,83,640,-976,187,178,-74,317,9,10,5,3
-36,384,38,-257,-23,-105,172,-87,53,868,-1059,269,208,-59,324,9,10,5,3
-117,404,54,26,87,-88,147,-135,31,-430,148,-292,25,-47,12,9,10,5,3
-199,401,79,67,111,-53,113,-190,20,-492,130,-223,24,-47,24,9,10,5,3
95,140,-74,95,126,-10,89,-216,19,-496,132,-155,24,-37,31,9,10,5,3
116,154,-74,112,132,32,324,-3582,1515,-455,152,-75,37,-39,33,9,10,5,3
135,166,-74,120,130,69,280,-47,156,-403,174,0,61,-48,29,9,10,5,3
153,179,-73,-534,229,197,184,231,279,586,-40,-16,-307,158,338,9,10,5,3
167,195,-69,-544,212,234,69,471,370,430,-98,-12,-341,135,290,9,10,5,3
182,86,146,-533,192,239,-42,654,424,300,-150,-1,-363,107,224,9,10,5,3
172,130,110,-512,170,212,-208,804,439,203,-175,14,-384,81,150,9,10,5,3
126,165,60,-490,148,163,-182,67,51,145,-170,30,-399,69,84,9,10,5,3
64,213,14,-112,-126,156,-77,25,-4,32,210,-87,38,-257,94,9,10,5,3
-180,-277,1,-107,-112,142,-60,61,78,-55,237,-66,55,-251,85,9,10,5,3
-157,-271,-12,-114,-94,118,-74,97,114,-178,204,-83,49,-257,57,9,10,5,3
-139,-264,-33,-136,-83,94,86,23,84,-277,135,-91,37,-266,21,9,10,5,3
-131,-261,-56,-66,-61,200,57,24,97,600,-47,-13,5,-6,8,9,10,5,3
-14,236,216,-73,-53,214,24,13,108,640,-109,4,17,-23,-10,9,10,5,3
-27,219,210,-77,-52,220,-4,2,110,671,-201,50,39,-34,-28,9,10,5,3
-47,188,199,-77,-55,216,-20,-9,103,717,-279,66,63,-33,-44,9,10,5,3
-66,149,186,140,-441,93,557,-394,-19,-90,72,-80,45,-405,54,9,10,5,3
-198,170,-82,139,-429,91,599,-311,13,-108,82,-92,30,-387,43,9,10,5,3
-223,167,-97,122,-412,98,617,-268,17,-114,98,-108,7,-354,39,9,10,5,3
-233,163,-104,97,-393,112,617,-213,-13,-88,127,-117,-11,-317,37,9,10,5,3
-241,161,-106,76,-370,128,633,-166,-83,-41,156,-120,-26,-283,22,9,10,5,3
-250,161,-113,173,80,58,-130,-134,55,285,-304,-90,2,-27,-5,9,10,5,3
318,-104,115,131,87,61,-88,-132,80,413,-345,-202,3,-47,-2,9,10,5,3
290,-100,104,86,87,68,-47,-113,89,509,-292,-251,13,-45,1,9,10,5,3
266,-101,87,45,71,78,-22,-99,97,549,-247,-231,23,-43,4,9,10,5,3
244,-106,64,101,-29,120,-208,108,110,-35,593,67,-14,-41,8,9,10,5,3
228,127,-131,97,-37,133,-268,146,125,-69,446,62,16,-24,-2,9,10,5,3
218,156,-83,90,-41,138,-312,182,143,-164,269,68,59,-6,-15,9,10,5,3
199,180,-28,85,-41,135,-332,176,121,-337,-22,108,108,13,-25,9,10,5,3
166,193,28,320,134,-93,-541,734,-13,-60,164,-155,239,84,-127,9,10,5,3
-1547,-2278,2536,322,100,-104,-653,644,27,-81,192,-157,216,68,-128,9,10,5,3
207,-247,-431,329,71,-112,-729,540,56,-90,211,-156,214,52,-122,9,10,5,3
225,-240,-444,343,42,-114,-747,415,59,-107,202,-155,241,59,-113,9,10,5,3
247,-211,-451,-2994,1747,2456,-723,283,46,-100,187,-178,242,54,-97,9,10,5,3
265,-173,-445,46,18,97,-22,-69,78,170,251,-266,-42,67,-42,9,10,5,3
-38,64,307,47,32,88,-32,-52,57,135,310,-282,-52,60,-47,9,10,5,3
-29,63,302,51,51,79,4,-72,82,95,351,-283,-57,57,-42,9,10,5,3
-16,65,296,61,72,68,42,-85,88,29,374,-280,-58,56,-31,9,10,5,3
-1,71,293,27,26,29,-286,-163,147,318,-207,43,38,60,-87,9,10,5,3
-175,203,-231,44,37,15,-295,-177,130,387,-277,178,24,109,-62,9,10,5,3
-168,151,-180,65,56,6,-279,-152,125,451,-331,232,16,152,-24,9,10,5,3
-146,99,-132,83,81,7,-249,-88,151,430,-399,162,13,184,19,9,10,5,3
-115,38,-87,-99,381,210,-395,-126,177,191,-179,-100,-145,195,104,9,10,5,3
-79,-34,-45,-93,369,195,-409,-203,196,131,-160,-97,-176,157,47,9,10,5,3
385,348,7,-96,357,165,-393,-277,223,55,-148,-93,-196,124,0,9,10,5,3
343,379,29,-105,352,127,-380,-353,252,-6,-130,-92,-219,114,-30,9,10,5,3
302,393,49,-114,38,199,78,-2,60,-143,494,-229,-58,-124,58,9,10,5,3
258,403,58,-156,-26,30,58,-22,51,-397,435,-314,-71,-123,37,9,10,5,3
-354,-192,-390,-173,-18,1,45,-41,38,-607,284,-330,-92,-117,5,9,10,5,3
-334,-166,-398,-187,-18,-24,48,-49,43,-738,123,-291,-109,-111,-26,9,10,5,3
-321,-135,-397,-197,-20,-45,83,-52,65,-796,0,-241,-119,-107,-57,9,10,5,3
-311,-100,-387,-200,-18,-60,-316,427,288,441,1112,-204,-273,-84,161,9,10,5,3
-297,-61,-369,-421,-160,173,-391,463,267,419,940,-167,-282,-110,192,9,10,5,3
-150,437,123,-401,-193,122,-450,469,226,436,687,-135,-265,-130,228,9,10,5,3
-197,415,73,-378,-225,72,-515,447,157,415,495,-104,-231,-150,259,9,10,5,3
-240,388,24,-355,-251,31,-582,384,79,343,402,-58,-194,-168,271,9,10,5,3
-283,355,-32,-337,-270,0,18,91,-6,42,-352,-40,-115,-79,97,9,10,5,3
-314,323,-88,-59,-161,65,-72,146,28,77,-187,-104,-97,-88,19,9,10,5,3
-25,-116,289,-62,-182,81,-125,186,67,88,16,-162,-74,-73,-45,9,10,5,3
-32,-63,339,-58,-200,101,-148,235,66,78,287,-188,-34,-45,-85,9,10,5,3
-36,-88,316,-42,-208,110,-141,272,55,48,551,-162,1,-36,-104,9,10,5,3
-36,-116,283,-16,-206,103,294,295,80,486,383,5,2622,564,2493,9,10,5,3
-34,-143,245,-60,-215,40,269,341,84,-659,514,72,44,-196,7,9,10,5,3
93,-63,-177,-74,-269,56,227,370,93,-742,469,-75,44,-244,46,9,10,5,3
77,-23,-113,-83,-322,86,208,368,70,-848,372,-179,44,-290,81,9,10,5,3
53,5,-50,-82,-370,120,187,311,50,-846,258,-215,41,-333,116,9,10,5,3
33,30,5,-70,-414,149,288,917,317,-743,221,-160,41,-357,155,9,10,5,3
5,52,62,372,-129,125,-36,832,396,16,30,51,116,83,38,9,10,5,3
467,-222,98,360,-45,83,-185,790,531,-67,107,-3,120,-13,-46,9,10,5,3
526,-172,77,343,28,44,-156,789,532,-160,149,-25,104,19,-11,9,10,5,3
568,-116,41,321,95,2,-187,-24,49,-276,133,-37,100,51,14,9,10,5,3
591,-67,-2,99,18,73,-160,-76,63,142,512,-4,104,86,26,9,10,5,3
595,-22,-55,91,1,98,-131,-120,71,45,518,44,114,125,22,9,10,5,3
66,-43,12,85,-18,127,-102,-148,78,-39,533,55,-7,-15,-1,9,10,5,3
27,-74,57,82,-35,155,-70,-154,81,-122,552,49,15,11,0,9,10,5,3
-15,-110,97,80,-48,178,663,-285,67,-210,584,48,38,32,15,9,10,5,3
-58,-139,138,247,417,48,692,-175,30,-112,-227,-57,61,46,33,9,10,5,3
-104,-157,181,221,415,49,705,-72,-3,-117,-226,-61,87,52,46,9,10,5,3
293,-123,128,202,402,48,719,4,-20,-105,-226,-65,214,169,65,9,10,5,3
316,-72,99,193,382,44,731,109,-47,-67,-233,-75,140,161,90,9,10,5,3
339,-21,65,2157,2990,2705,148,-179,-20,73,-40,-11,123,144,96,9,10,5,3
357,35,22,-178,93,80,204,-169,18,88,-92,-62,91,128,120,9,10,5,3
-464,249,-181,-137,104,81,219,-186,32,90,-107,-88,46,105,153,9,10,5,3
-452,211,-164,-94,116,81,211,-198,50,51,-118,-116,3,60,177,9,10,5,3
-433,180,-148,-55,122,77,198,-190,73,15,-58,-177,-39,-13,24,9,10,5,3
-417,151,-126,-23,123,61,-47,41,114,-239,-594,15,-29,-15,48,9,10,5,3
-3557,-2160,1122,-93,57,80,-47,63,111,-286,-723,22,-23,-9,70,9,10,5,3
153,39,221,-91,49,46,-43,72,113,-340,-833,32,-24,-5,87,9,10,5,3
161,76,226,-88,48,14,-34,62,116,-335,-857,34,-213,232,357,9,10,5,3
175,116,226,-86,57,-9,-230,697,-186,193,-31,-99,-208,204,397,9,10,5,3
184,161,228,-310,313,-32,-804,-333,-222,134,-32,-83,-235,172,381,9,10,5,3
-105,203,-328,-302,346,-36,-860,-460,-162,84,-12,-74,-272,139,328,9,10,5,3
-132,212,-322,-302,376,-35,-879,-588,-80,52,13,-88,-14,-43,148,9,10,5,3
-172,221,-297,-311,399,-26,-856,-703,18,61,273,-36,-147,-278,-117,9,10,5,3
-249,214,-255,-328,418,-5,-831,-779,116,68,159,-60,-104,-257,-79,9,10,5,3
-322,203,-207,-240,-116,-107,167,-42,45,52,44,-106,-56,-229,-37,9,10,5,3
-124,-259,-210,-242,-116,-104,140,-14,60,-38,-20,-160,-22,-211,-3,9,10,5,3
-111,-261,-218,-238,-115,-104,117,39,76,-147,-39,-212,-5,-205,15,9,10,5,3
-94,-264,-224,-230,-116,-108,96,103,95,757,83,105,-45,25,51,9,10,5,3
-77,-265,-227,-221,-117,-111,77,143,97,775,76,82,-38,17,20,9,10,5,3
-59,-268,-220,-166,-226,112,-370,103,223,784,101,29,-31,3,-10,9,10,5,3
-256,-10,-35,-189,-260,128,-483,80,224,783,121,-10,-25,-9,-40,9,10,5,3
-267,10,-71,-203,-296,143,-579,65,232,758,131,-18,-16,-26,-63,9,10,5,3
-282,16,-115,-212,-335,159,-654,47,225,79,29,-154,-24,-347,-101,9,10,5,3
-291,3,-153,-159,-536,103,294,820,490,79,41,-166,-55,-360,-79,9,10,5,3
-319,110,504,-137,-548,134,320,917,668,104,65,-170,-75,-373,-51,9,10,5,3
-309,133,552,-101,-557,162,517,842,784,149,99,-166,-76,-376,-29,9,10,5,3
-265,122,577,-48,-562,200,692,677,700,399,-267,-295,161,54,-122,9,10,5,3
-211,84,586,218,-228,-149,-123,78,54,453,-202,-360,171,42,-145,9,10,5,3
-163,29,581,226,-233,-124,-109,9,57,501,-140,-421,178,28,-155,9,10,5,3
366,145,-407,232,-224,-104,-110,-65,60,541,-41,-426,187,16,-151,9,10,5,3
342,147,-386,238,-202,-92,-116,-124,71,-480,650,20,44,-31,-13,9,10,5,3
319,142,-360,245,-176,-79,-109,-148,91,-498,666,31,47,-10,-20,9,10,5,3
305,136,-329,487,32,235,436,-980,162,-512,579,44,63,15,-22,9,10,5,3
291,128,-299,520,82,239,874,-198,-120,-522,350,59,90,44,-12,9,10,5,3
94,-288,165,542,134,234,843,-5,-144,-621,-32,110,120,70,17,9,10,5,3
123,-255,126,548,185,215,767,193,-152,-117,72,-172,203,187,-67,9,10,5,3
150,-212,84,418,155,82,644,387,-155,-163,84,-182,184,149,-57,9,10,5,3
174,-169,26,406,189,103,-85,311,7,-217,109,-182,170,118,-40,9,10,5,3
-31,-37,426,383,226,126,31,257,20,-257,132,-182,156,114,-31,9,10,5,3
-50,-21,444,348,268,157,68,200,94,-33,395,-304,-136,47,-74,9,10,5,3
-72,5,437,31,175,-89,63,124,181,-78,455,-356,-132,46,-101,9,10,5,3
-83,34,419,31,175,-83,83,36,114,-142,495,-390,-133,51,-122,9,10,5,3
-81,58,390,30,175,-72,-62,10,104,-200,513,-414,-138,57,-134,9,10,5,3
-8,136,-102,27,179,-53,-49,9,107,122,-774,92,47,77,-9,9,10,5,3
3,108,-60,2922,2918,703,-30,-3,111,481,-785,148,23,87,13,9,10,5,3
19,78,-9,-320,376,190,-23,-27,111,604,-767,304,-1,100,52,9,10,5,3
33,47,47,-383,335,136,-324,559,-268,702,-624,385,-31,120,89,9,10,5,3
-49,193,-203,-437,286,89,-385,523,-280,64,-87,-100,-235,122,-29,9,10,5,3
-73,169,-246,-477,233,48,-434,470,-296,74,-68,-145,-217,104,-15,9,10,5,3
-85,146,-285,-360,201,192,-475,411,-256,96,-71,-158,-207,83,6,9,10,5,3
-92,125,-317,-373,164,191,611,-636,3270,114,-101,-140,-221,69,22,9,10,5,3
-324,-59,117,-376,122,201,157,198,68,-13,257,17,56,-126,93,9,10,5,3
-341,-94,86,-371,60,221,120,143,82,-151,293,-11,52,-109,79,9,10,5,3
-336,-115,60,-137,-8,-25,115,49,89,-346,248,-49,52,-96,53,9,10,5,3
-312,-116,29,-144,-3,-21,107,-37,65,-494,144,-107,49,-88,18,9,10,5,3
-283,-105,-5,-150,0,-6,110,-109,40,-546,16,-205,35,-93,-18,9,10,5,3
85,259,298,-155,0,17,8,196,165,-313,1011,-142,-99,-197,0,9,10,5,3
115,291,331,-335,-401,126,-145,222,233,-575,1142,-303,-92,-239,-15,9,10,5,3
135,322,362,-298,-436,110,-271,233,226,-719,1129,-344,-88,-285,-12,9,10,5,3
138,346,389,-249,-457,92,-343,248,197,-681,1000,-292,-81,-320,7,9,10,5,3
-237,-171,-150,-193,-467,75,391,-374,121,151,12,-83,28,-276,-32,9,10,5,3
-221,-188,-183,-141,-466,58,528,-321,164,187,-24,-80,45,-271,-33,9,10,5,3
-203,-202,-222,58,-214,163,663,-287,195,219,-51,-73,60,-260,-26,9,10,5,3
-183,-212,-257,83,-165,164,791,-247,184,246,-74,-70,68,-241,-12,9,10,5,3
-109,19,382,108,-119,168,16,235,21,494,-225,-281,199,61,-99,9,10,5,3
50,-217,40,132,-80,176,-9,242,23,541,-165,-277,175,68,-94,9,10,5,3
67,-235,-2,94,-129,83,-34,234,37,575,-132,-276,145,70,-85,9,10,5,3
84,-254,-47,98,-111,100,-53,201,53,591,-112,-247,111,64,-71,9,10,5,3
97,-270,-95,101,-99,112,-54,169,57,589,-119,-227,83,53,-58,9,10,5,3
108,-280,-141,100,-94,120,-293,-216,302,-711,-418,-66,213,-43,107,9,10,5,3
-219,2,380,430,-75,176,-329,-370,338,-747,-579,-133,237,-32,122,9,10,5,3
-234,-31,359,428,-27,145,-340,-512,342,-676,-560,-202,252,-9,142,9,10,5,3
-237,-67,328,424,20,109,-314,-637,334,-577,-366,-224,256,25,162,9,10,5,3
-226,-102,293,421,64,77,-248,-731,313,-526,-202,-175,258,67,166,9,10,5,3
-217,-134,265,420,96,51,-242,388,431,220,-3,43,130,-23,248,9,10,5,3
217,-43,211,121,38,215,-38,288,132,273,33,84,124,-52,236,9,10,5,3
221,-7,241,100,21,224,118,147,-91,256,106,120,133,-72,208,9,10,5,3
220,27,261,87,-7,226,216,-11,-55,285,228,108,157,-61,156,9,10,5,3
216,59,271,78,-34,225,275,-134,132,233,327,114,180,-46,101,9,10,5,3
207,84,274,69,-48,214,-10,11,89,-741,240,45,-40,70,29,9,10,5,3
0,284,-337,71,133,134,-15,36,90,-828,-297,105,-29,53,26,9,10,5,3
5,281,-332,67,122,129,0,48,95,-744,-395,106,-13,43,26,9,10,5,3
10,275,-327,60,113,119,24,46,102,-430,-481,107,1,36,24,9,10,5,3
20,262,-316,52,109,108,179,896,-285,15,-674,120,-284,273,44,9,10,5,3
-3323,-880,329,49,112,99,8,898,-302,158,-758,267,-279,286,19,9,10,5,3
165,174,-61,106,419,-26,-154,874,-290,-187,-90,-91,-265,295,-2,9,10,5,3
152,201,-103,118,435,3,-301,816,-239,-223,-83,-46,-248,301,-26,9,10,5,3
141,232,-143,116,452,37,212,93,81,-276,-87,-30,-110,42,-81,9,10,5,3
136,256,-182,103,471,68,297,64,-22,-344,-100,-11,-112,28,-73,9,10,5,3
-72,-74,255,-203,70,40,349,41,6,-545,-333,-347,-100,4,-45,9,10,5,3
-45,-46,263,-206,66,27,334,18,60,-514,-379,-282,-76,-32,-4,9,10,5,3
-25,-28,267,-214,56,10,-72,-44,120,-497,-398,-212,16,-31,3,9,10,5,3
-13,-21,267,-225,40,-7,-70,-69,120,-478,-390,-162,19,-11,5,9,10,5,3
-168,-83,-228,-128,23,-51,-63,-89,109,899,504,109,13,6,0,9,10,5,3
-161,-96,-204,-170,56,-30,-54,-109,101,805,710,-64,6,20,-9,9,10,5,3
-154,-107,-168,-216,89,10,-46,-125,93,646,882,-168,3,31,-25,9,10,5,3
-145,-103,-129,-260,115,64,-60,-848,-235,459,980,-168,-154,-154,-176,9,10,5,3
-131,-88,-86,-297,136,119,61,-884,-193,303,946,-147,-150,-163,-173,9,10,5,3
-242,138,-123,-326,-252,112,140,-867,-112,174,-229,-31,-155,-185,-152,9,10,5,3
-246,119,-116,-296,-273,102,176,-828,-26,-28,-125,-10,-172,-213,-116,9,10,5,3
-250,85,-107,-272,-289,105,118,178,73,-34,-50,-8,34,-9,69,9,10,5,3
-244,48,-92,-244,-304,119,85,160,73,-62,46,-14,48,-36,62,9,10,5,3
-9,-190,-28,-20,-168,-22,58,128,64,-96,143,25,66,-59,48,9,10,5,3
-20,-187,-50,-12,-177,-33,60,76,50,-163,242,24,85,-72,30,9,10,5,3
-24,-190,-70,-8,-186,-41,60,41,55,339,131,4,106,-79,13,9,10,5,3
-26,-194,-87,-9,-195,-45,85,2,106,331,171,2,-9,3,-8,9,10,5,3
-26,-197,-102,-13,-201,-44,126,43,103,332,217,20,-5,-1,-22,9,10,5,3
-67,49,256,12,-322,198,181,99,100,337,272,41,1,-9,-39,9,10,5,3
-113,60,259,20,-345,219,249,165,107,360,323,51,10,-16,-55,9,10,5,3
-151,66,260,35,-365,233,298,238,101,61,221,-137,20,-20,-66,9,10,5,3
-187,67,262,58,-380,236,776,-94,-52,81,208,-142,213,-190,-79,9,10,5,3
-221,65,260,87,-386,220,793,65,5,81,161,-142,196,-178,-67,9,10,5,3
256,-278,-455,191,-412,148,779,195,60,70,114,-149,182,-158,-52,9,10,5,3
367,114,-371,219,-386,169,771,298,105,53,97,-169,178,-135,-31,9,10,5,3
369,173,-346,245,-344,195,767,399,149,-247,-471,60,182,-114,-13,9,10,5,3
379,234,-308,263,-287,215,-43,131,37,-194,-367,30,37,192,6,9,10,5,3
380,287,-260,267,-227,220,-77,106,44,-39,-348,-15,53,210,-28,9,10,5,3
374,333,-216,212,168,-41,-103,76,43,109,-338,-86,66,229,-57,9,10,5,3
153,58,-2,191,171,-34,-117,68,44,273,-264,-188,59,241,-67,9,10,5,3
167,68,-40,169,168,-21,-122,80,54,-631,-4,31,34,244,-59,9,10,5,3
177,76,-75,151,158,-6,-401,298,156,242,-670,95,62,114,57,9,10,5,3
184,82,-109,369,175,153,-364,324,180,253,-726,-56,75,139,66,9,10,5,3
-22,-191,114,394,208,172,-271,259,162,243,-781,-191,87,161,67,9,10,5,3
-21,-236,124,410,235,197,-154,120,176,266,-829,-262,95,174,56,9,10,5,3
-16,-280,132,415,252,222,-187,550,32,-29,-170,-127,118,248,13,9,10,5,3
9,-318,146,309,322,237,-229,537,118,-58,-193,-106,128,267,33,9,10,5,3
2475,-3736,-2606,238,324,243,-294,500,213,-80,-187,-101,138,281,62,9,10,5,3
79,391,53,163,322,238,-421,434,291,-95,-158,-89,143,279,105,9,10,5,3
37,440,-2,94,317,231,-567,361,338,-116,-116,-53,136,248,152,9,10,5,3
-11,485,-55,21,310,229,24,-45,38,-206,172,-165,-62,-8,-95,9,10,5,3
-63,523,-107,97,186,-6,19,-62,52,-254,166,-196,-48,-10,-89,9,10,5,3
-116,553,-157,91,200,6,18,-87,59,-287,154,-220,-37,-7,-85,9,10,5,3
-2,-1,132,79,209,19,19,-109,67,-310,144,-230,-26,1,-73,9,10,5,3
28,-44,180,62,213,31,23,-125,69,-333,135,-233,-19,11,-59,9,10,5,3
56,-92,225,42,213,46,415,137,256,808,502,-173,-288,88,49,9,10,5,3
75,-139,264,-419,230,159,545,255,316,703,552,-139,-305,104,74,9,10,5,3
166,334,61,-425,201,141,629,380,359,639,479,-80,-318,106,116,9,10,5,3
134,330,25,-428,165,120,645,524,387,574,383,-58,-316,93,178,9,10,5,3
103,323,-20,-427,127,99,-69,-728,217,109,-234,-45,-280,-15,21,9,10,5,3
79,319,-56,-425,67,227,-25,-706,217,81,-244,-23,-282,-25,42,9,10,5,3
-121,-376,98,-405,18,266,9,-684,209,55,-254,-18,-280,-24,76,9,10,5,3
57,-487,151,-367,-31,293,22,-628,221,34,-270,-15,-274,-22,116,9,10,5,3
55,-457,157,-315,-78,299,77,-543,283,24,-298,-4,-262,-17,163,9,10,5,3
45,-413,155,-260,-116,285,118,147,75,113,-404,-112,138,-75,-63,9,10,5,3
32,-359,153,-54,-174,0,101,144,71,139,-370,-98,114,-45,-49,9,10,5,3
19,-292,155,-48,-155,20,79,121,75,178,-326,-93,90,-21,-32,9,10,5,3
-16,-255,-270,-41,-134,36,54,96,83,208,-275,-83,69,-6,-15,9,10,5,3
5,-247,-259,-36,-112,52,28,79,92,216,-223,-73,50,0,0,9,10,5,3
18,-236,-249,-36,-92,67,-659,418,458,-602,426,3,119,-292,352,9,10,5,3
25,-223,-242,192,-545,270,-746,346,446,-520,386,-33,185,-270,354,9,10,5,3
26,-207,-237,239,-529,216,-811,246,404,-469,314,-23,254,-245,332,9,10,5,3
-250,-26,140,267,-506,165,-844,141,310,-421,257,18,317,-223,295,9,10,5,3
-252,-62,106,276,-478,114,-843,43,177,-352,223,46,363,-197,250,9,10,5,3
-247,-99,66,262,-447,66,75,11,269,543,69,58,128,-102,180,9,10,5,3
-246,-128,40,183,-36,185,28,27,350,565,74,62,92,-61,209,9,10,5,3
319,59,12,156,15,170,78,84,450,557,84,78,62,-20,222,9,10,5,3
296,43,7,125,53,151,154,149,442,510,79,92,39,11,218,9,10,5,3
280,38,14,90,73,135,194,181,328,437,47,69,32,33,181,9,10,5,3
265,39,32,59,76,128,77,70,83,-40,245,71,39,-45,63,9,10,5,3
246,45,58,174,-197,109,68,92,88,-130,238,39,52,-47,69,9,10,5,3
251,22,-99,173,-219,125,35,89,95,-216,224,2,62,-54,70,9,10,5,3
243,11,-87,173,-236,137,-1,68,100,-291,205,-49,66,-65,68,9,10,5,3
233,5,-76,174,-250,145,-29,33,102,-369,204,-68,71,-73,62,9,10,5,3
228,7,-64,182,-260,154,528,-567,-115,-203,-132,-23,69,437,7,9,10,5,3
220,17,-55,350,493,25,613,-507,-114,-223,-85,-23,73,449,18,9,10,5,3
82,-63,10,336,479,36,683,-465,-109,-209,-68,-16,77,463,27,9,10,5,3
90,-54,-3,320,461,39,758,-401,-78,-151,-79,-24,81,464,35,9,10,5,3
90,-46,-14,302,441,33,816,-330,-84,-96,-104,-53,82,449,42,9,10,5,3
94,-41,-26,283,422,24,-9,-14,25,-158,146,-23,-122,53,49,9,10,5,3
108,-34,-42,-179,181,-21,75,-129,-6,14,38,-42,-125,23,-2,9,10,5,3
-386,206,-11,-177,180,-39,160,-250,24,185,-83,-60,-124,6,-43,9,10,5,3
-379,188,-41,-160,178,-51,228,-353,46,313,-200,-57,-128,5,-72,9,10,5,3
-383,167,-63,-131,177,-55,264,-424,46,378,-253,-47,-140,18,-84,9,10,5,3
-389,143,-80,-94,180,-49,-29,-4,116,-1,-945,25,-34,12,127,9,10,5,3
-385,118,-98,-220,11,160,-28,-54,122,61,-993,22,-30,8,114,9,10,5,3
-87,115,36,-225,5,141,-40,-140,117,140,-985,7,-21,0,92,9,10,5,3
-99,126,0,-231,8,125,-64,-256,111,124,-949,-21,-11,-15,68,9,10,5,3
-105,134,-39,-233,26,109,-85,-369,113,57,-845,-24,-13,-33,44,9,10,5,3
-105,136,-78,-231,62,98,-553,-523,28,100,-77,-126,-344,20,-36,9,10,5,3
42,302,198,-427,173,154,-504,-488,103,-36,-426,-93,-346,26,-18,9,10,5,3
-220,-20,292,-417,114,159,-457,-452,163,-152,-502,-169,-334,33,2,9,10,5,3
-205,-65,268,-402,63,156,-407,-442,202,-146,-550,-124,-320,31,29,9,10,5,3
-193,-97,234,-390,31,149,135,-33,50,-104,-599,-17,63,-260,-100,9,10,5,3
-195,-133,199,-391,17,154,131,-17,49,-109,-606,58,92,-256,-109,9,10,5,3
-198,-179,170,-122,-159,-10,131,-25,38,188,-296,6,118,-241,-107,9,10,5,3
-103,95,198,-110,-151,15,139,-25,16,212,-241,16,140,-217,-95,9,10,5,3
-113,118,228,-105,-140,50,155,-29,0,250,-180,30,158,-200,-84,9,10,5,3
-125,137,254,-106,-128,91,244,-141,58,285,-110,46,-26,39,-55,9,10,5,3
-134,154,282,-109,-114,133,376,-147,45,304,-37,52,-41,41,-73,9,10,5,3
-140,168,309,-331,-411,187,495,-130,50,-415,245,-43,-55,37,-94,9,10,5,3
-103,57,52,-304,-462,226,583,-95,62,-317,300,4,-54,19,-115,9,10,5,3
-119,72,68,-265,-503,251,-54,-852,-421,-232,327,34,195,-240,-117,9,10,5,3
-127,78,81,-208,-527,257,85,-856,-356,-145,317,16,176,-227,-106,9,10,5,3
-141,80,101,-129,-536,245,227,-852,-281,-58,288,-30,170,-223,-88,9,10,5,3
-146,79,109,156,-420,182,404,-841,-224,346,210,124,162,-218,-60,9,10,5,3
260,96,105,183,-396,229,567,-784,-158,311,148,153,157,-222,-28,9,10,5,3
273,139,90,218,-360,282,-130,148,31,243,54,157,71,129,-92,9,10,5,3
304,189,72,250,-310,326,-106,124,46,123,-5,151,82,139,-61,9,10,5,3
344,246,53,271,-245,347,-65,116,37,-11,-28,121,89,150,-46,9,10,5,3
380,298,32,163,-31,33,-39,112,37,-326,310,70,92,167,-36,9,10,5,3
305,-63,-10,157,-25,52,-57,115,47,-445,284,51,92,180,-31,9,10,5,3
299,-45,-37,154,-19,71,-308,561,100,-522,240,32,56,80,0,9,10,5,3
291,-32,-67,151,-17,93,-275,513,79,-568,186,10,189,233,72,9,10,5,3
288,-25,-104,517,158,227,-206,365,116,-60,-146,-36,196,251,119,9,10,5,3
-145,-213,121,478,189,207,-133,167,134,-15,-151,-66,198,260,183,9,10,5,3
-118,-245,120,439,217,174,-59,-45,188,4,-149,-102,198,265,251,9,10,5,3
-84,-277,117,407,240,136,-162,765,179,1,-147,-126,189,258,300,9,10,5,3
-52,-312,120,379,258,94,-251,642,215,-23,-136,-141,48,100,249,9,10,5,3
-27,-329,119,-139,143,52,-486,375,403,248,-142,-7,3,119,173,9,10,5,3
-96,364,-9,-95,141,27,-640,286,604,294,-135,-9,-33,149,85,9,10,5,3
-95,343,-24,-46,145,19,-118,-58,49,241,-124,-45,-61,160,5,9,10,5,3
-103,331,-39,-4,152,21,-109,-88,63,108,-132,-90,-105,-28,-70,9,10,5,3
-114,326,-54,1636,997,1892,-75,-117,65,-3,-85,-130,-94,-23,-60,9,10,5,3
-125,324,-69,-32,109,165,-57,-124,68,-353,-779,76,-78,-18,-36,9,10,5,3
115,40,98,-38,98,173,-58,-100,77,-348,-803,55,-70,-8,-18,9,10,5,3
149,43,128,-39,91,184,599,-40,311,-315,-777,-6,-63,5,-3,9,10,5,3
175,44,156,-35,86,197,790,-55,345,-359,-737,-20,-266,137,275,9,10,5,3
200,39,180,-31,83,210,945,-31,392,-374,-682,26,-394,12,-49,9,10,5,3
230,30,195,-273,340,-135,1030,40,415,163,-32,-136,-417,11,-76,9,10,5,3
-123,130,-224,-260,371,-134,1029,154,362,173,-9,-149,-420,14,-100,9,10,5,3
-148,128,-245,-253,405,-129,-451,-484,346,153,6,-172,-404,22,-117,9,10,5,3
-186,115,-266,-249,430,-117,-458,-348,273,137,-12,-157,-374,34,-121,9,10,5,3
-225,101,-286,-246,443,-99,-431,-178,196,106,-64,-113,163,-223,94,9,10,5,3
-258,94,-292,-72,-219,-34,-370,-28,128,-184,-187,-166,167,-242,86,9,10,5,3
-51,-64,95,-82,-178,-24,-3342,-1398,1667,-148,-197,-191,167,-238,54,9,10,5,3
-144,-70,-71,-100,-133,-11,148,-52,66,-135,-221,-213,157,-221,12,9,10,5,3
-150,-94,-102,-120,-87,1,114,-81,76,-130,-251,-206,126,-196,-34,9,10,5,3
-147,-118,-124,-137,-48,8,85,-116,86,-127,-272,-182,-74,-42,5,9,10,5,3
-134,-141,-138,-178,-58,96,60,-145,94,-148,407,197,-68,-40,-3,9,10,5,3
-93,170,273,-183,-84,89,-87,603,442,-71,517,274,-62,-34,-13,9,10,5,3
-132,206,310,-192,-116,86,-179,674,444,-81,556,234,-51,-32,-23,9,10,5,3
-168,239,345,-207,-149,89,-281,708,380,-172,508,141,177,-316,-54,9,10,5,3
-203,264,375,-234,-385,-55,-392,713,275,-8,50,-113,150,-298,-61,9,10,5,3
-40,-348,-315,-249,-390,-37,1082,-114,426,8,51,-113,130,-280,-67,9,10,5,3
18,-366,-317,-270,-400,-11,984,-5,482,36,79,-107,115,-271,-67,9,10,5,3
93,-376,-301,-290,-412,23,884,18,534,83,122,-91,82,64,-39,9,10,5,3
172,-378,-275,-302,-423,68,719,22,480,106,176,-67,102,74,14,9,10,5,3
236,-365,-230,151,-132,-40,433,66,283,464,276,-184,130,84,56,9,10,5,3
247,-54,-104,155,-145,-48,-37,103,72,444,325,-143,155,97,74,9,10,5,3
331,70,-300,159,-157,-52,-31,72,77,420,350,-111,174,112,65,9,10,5,3
323,97,-304,161,-167,-53,-39,36,88,403,339,-100,46,25,48,9,10,5,3
311,120,-298,163,-180,-50,-40,-1,104,377,336,-91,35,35,30,9,10,5,3
297,143,-287,435,42,235,-26,-39,115,-140,-521,-88,24,46,13,9,10,5,3
-90,-406,367,444,64,236,777,-542,-250,-28,-214,-79,18,60,3,9,10,5,3
-42,-379,330,449,77,229,838,-428,-250,-36,-213,-104,171,197,-118,9,10,5,3
7,-343,292,454,84,215,889,-277,-261,-60,-193,-117,177,180,-129,9,10,5,3
52,-304,251,434,86,186,923,-105,-288,-87,-161,-130,189,189,-135,9,10,5,3
87,-267,209,394,115,193,913,58,-245,-106,-135,-139,195,205,-130,9,10,5,3
-409,364,48,354,140,195,-210,-73,50,347,-212,-79,2477,1696,1140,9,10,5,3
-395,341,30,316,162,197,-190,-55,52,328,-136,-135,-196,88,-59,9,10,5,3
-373,322,13,281,184,201,-156,-49,35,278,16,-195,-202,73,-53,9,10,5,3
-342,305,2,-16,244,2,-138,-47,20,220,180,-251,-208,63,-38,9,10,5,3
-308,285,-2,-15,228,6,-131,-24,13,100,334,-315,-208,46,-19,9,10,5,3
-162,124,-68,-11,214,13,-333,-125,97,-242,-975,-1,-1879,1710,1866,9,10,5,3
-171,124,-92,-4,204,27,-458,-189,96,-202,-778,61,-215,120,77,9,10,5,3
-180,124,-117,0,197,52,-605,-239,104,118,-523,141,-243,133,73,9,10,5,3
-188,123,-138,-493,384,92,-657,-273,94,488,-131,247,-278,142,63,9,10,5,3
-193,120,-153,-413,301,-124,-604,-263,62,621,4,313,-329,141,54,9,10,5,3
-125,213,-88,-382,322,-131,-792,-299,98,140,-164,-169,-394,138,60,9,10,5,3
-175,208,-137,-349,346,-135,-674,-261,167,173,-194,-130,-267,-1,209,9,10,5,3
-222,202,-170,-316,373,-130,-582,-212,226,197,-234,-79,-241,11,248,9,10,5,3
-265,178,-200,-287,392,-121,-527,-144,274,197,-256,-38,-211,8,272,9,10,5,3
-307,155,-226,-173,-118,3,-491,-44,317,184,-277,1,-182,-7,271,9,10,5,3
-4,-29,284,-171,-113,-8,195,0,74,-228,-474,-124,-155,-36,243,9,10,5,3
7,-47,298,-176,-112,-27,187,16,75,-140,-482,-85,-1,-58,46,9,10,5,3
14,-69,298,-185,-114,-46,181,29,80,-33,-483,-81,-1,-41,70,9,10,5,3
15,-90,283,-196,-115,-62,162,36,89,79,-467,-82,-3,-31,89,9,10,5,3
11,-110,255,-207,-48,124,126,26,91,207,-441,-65,-6,-21,94,9,10,5,3
-81,201,272,-244,-73,135,-143,790,418,-447,492,-159,-11,-15,93,9,10,5,3
-136,258,341,-284,-99,149,-239,805,375,-389,451,-123,345,-203,48,9,10,5,3
-187,302,396,-324,-130,162,-357,774,287,-333,393,-68,347,-186,-5,9,10,5,3
-235,330,439,-355,-166,180,-480,703,193,-266,343,-25,333,-182,-40,9,10,5,3
-280,346,469,-258,-393,100,-584,598,92,-188,312,-21,308,-189,-60,9,10,5,3
224,-276,-152,-235,-393,137,588,-46,178,26,-94,167,78,27,196,9,10,5,3
236,-249,-105,-202,-386,166,294,-38,-26,-99,-141,148,85,51,106,9,10,5,3
228,-213,-59,-163,-378,187,7,-6,-83,-168,-146,107,93,69,20,9,10,5,3
211,-178,-12,104,-192,-120,-236,77,13,-188,-124,52,86,76,-40,9,10,5,3
268,100,-201,109,-198,-130,-41,103,91,262,406,-1,7,27,5,9,10,5,3
268,93,-230,118,-201,-130,4,63,92,191,439,-15,-5,21,17,9,10,5,3
273,88,-262,129,-197,-126,46,22,91,106,480,-10,-11,11,26,9,10,5,3
278,90,-291,2891,39,-3468,66,-9,89,10,492,2,-16,6,36,9,10,5,3
281,100,-314,412,-109,183,64,-36,84,-83,480,25,-14,0,46,9,10,5,3
-56,-294,336,449,-97,180,0,-757,-127,-112,-194,-82,214,293,-19,9,10,5,3
-10,-271,303,475,-81,170,82,-787,-151,-23,-72,-113,219,296,-39,9,10,5,3
31,-249,268,490,-57,159,182,-787,-217,-9,-80,-120,218,288,-52,9,10,5,3
62,-228,232,342,-102,194,289,-740,-295,-9,-101,-127,212,272,-56,9,10,5,3
78,339,-209,319,-73,228,-311,215,204,-16,-122,-132,211,248,-56,9,10,5,3
45,352,-144,292,-44,258,-282,107,61,-32,-118,-134,-195,-19,-69,9,10,5,3
4,346,-78,261,-14,278,-252,-1,-1,209,107,-241,-198,-19,-79,9,10,5,3
-42,318,-15,231,12,284,-215,-100,-19,187,187,-206,-195,-6,-60,9,10,5,3
-83,273,42,49,149,-45,-195,-172,-10,148,262,-181,-187,20,-32,9,10,5,3
-69,171,-125,49,145,-37,-72,171,78,110,314,-180,43,-43,51,9,10,5,3
-76,177,-159,50,143,-25,-79,132,84,-327,-485,50,48,-26,47,9,10,5,3
-87,186,-189,50,141,-14,-86,90,89,-142,-462,82,48,-10,44,9,10,5,3
-103,194,-213,183,412,191,-92,65,96,104,-449,159,46,-3,36,9,10,5,3
-131,200,-231,168,450,186,-103,62,107,434,-338,269,43,-4,21,9,10,5,3
228,156,145,142,478,177,-154,741,-145,587,-285,309,-187,191,-112,9,10,5,3
204,175,106,101,494,160,-277,743,-105,52,-78,-89,-166,191,-108,9,10,5,3
186,188,76,3357,-1586,2779,-411,734,-54,11,-122,-87,-155,193,-96,9,10,5,3
171,202,47,-190,1,208,-547,693,3,-39,-189,-75,-155,199,-79,9,10,5,3
-241,-237,32,-190,-20,147,-39,-242,69,-113,-263,-33,-54,-156,21,9,10,5,3
-231,-246,64,-178,-15,96,-108,-204,72,-441,-322,-255,-55,-176,0,9,10,5,3
-203,-251,98,-162,3,58,-147,-175,51,-441,-398,-206,-57,-196,-31,9,10,5,3
-166,-242,124,-197,-43,40,-148,-158,35,-421,-464,-157,-59,-216,-60,9,10,5,3
-220,-100,-175,-179,-51,52,-54,33,98,-389,-517,-118,-12,52,20,9,10,5,3
-130,-202,-248,-163,-55,66,-58,-31,103,-163,506,151,-6,62,27,9,10,5,3
-106,-188,-234,-146,-50,82,-57,-111,105,-362,653,13,-2,70,38,9,10,5,3
-79,-156,-222,-568,-45,200,-61,-212,103,-506,809,-143,-7,62,54,9,10,5,3
-54,-116,-211,-528,-114,177,-58,-335,114,-509,871,-263,-22,41,77,9,10,5,3
-33,-80,-198,-481,-183,143,-491,-548,8,-380,780,-321,-102,-259,2,9,10,5,3
-261,135,231,-434,-248,102,-384,-564,69,287,-178,-24,-99,-262,11,9,10,5,3
-285,93,227,-394,-300,57,-286,-569,135,280,-176,-10,-88,-267,19,9,10,5,3
-301,54,221,133,-191,86,-200,-578,188,276,-301,-82,-68,-268,25,9,10,5,3
-308,8,205,168,-178,41,-127,-605,219,300,-329,-84,-46,-266,32,9,10,5,3
-319,-32,186,183,-170,7,183,22,10,358,-320,-39,145,12,-91,9,10,5,3
4,-42,116,176,-162,-14,193,62,18,476,-157,-125,143,31,-91,9,10,5,3
-29,-32,158,149,-151,-22,197,73,24,470,-128,-112,146,36,-91,9,10,5,3
-56,-17,198,40,-119,154,203,70,38,462,-93,-90,147,39,-83,9,10,5,3
-79,-1,230,-87,-84,110,217,65,53,449,-47,-60,143,42,-67,9,10,5,3
-98,3,254,-104,-96,96,69,102,217,435,16,-26,207,-211,139,9,10,5,3
101,84,-62,-122,-114,86,-88,157,264,-472,-66,-35,241,-199,118,9,10,5,3
53,82,-17,-140,-139,84,-203,195,287,-442,-7,-20,275,-180,101,9,10,5,3
-2,72,29,-153,-170,95,-297,233,291,-374,30,-32,297,-149,96,9,10,5,3
-57,57,75,253,-321,-27,-386,276,287,-305,43,-59,320,-109,100,9,10,5,3
-116,30,119,238,-338,-7,890,276,328,-258,46,-81,170,31,113,9,10,5,3
634,-83,-58,227,-354,14,765,420,370,53,320,-9,160,23,154,9,10,5,3
642,-32,-78,217,-366,40,624,488,477,51,-491,-23,153,23,209,9,10,5,3
638,19,-99,209,-372,69,582,446,636,44,-499,-39,149,28,259,9,10,5,3
620,96,-124,161,-150,11,596,355,641,79,-422,-83,136,50,282,9,10,5,3
583,196,-143,180,-134,11,-164,-88,97,138,-320,-183,-48,157,41,9,10,5,3
64,-198,268,197,-115,11,-135,-100,98,180,-167,-262,-55,145,62,9,10,5,3
69,-218,288,214,-94,11,-84,-93,104,-647,-380,73,-62,127,79,9,10,5,3
67,-228,310,231,-72,15,-20,-71,106,-599,-401,22,-66,108,93,9,10,5,3
58,-235,321,340,126,149,39,-39,115,-587,-424,-11,-67,92,100,9,10,5,3
48,-241,318,366,147,168,708,-822,-284,-531,-423,-23,-210,271,67,9,10,5,3
211,108,-110,384,171,178,933,392,-262,-386,-393,-9,-223,278,34,9,10,5,3
196,103,-121,392,199,178,756,618,-211,175,-41,-96,-230,285,6,9,10,5,3
175,105,-136,390,230,168,544,814,-120,109,-62,-90,-232,297,-18,9,10,5,3
159,107,-150,-58,372,245,314,969,-31,16,-99,-86,-230,308,-43,9,10,5,3
145,109,-157,-118,338,223,69,1079,60,-86,-135,-82,-40,-127,-69,9,10,5,3
-330,-75,245,-165,305,197,-152,-4,35,-191,-151,-75,-45,-154,-76,9,10,5,3
-316,-35,201,-203,278,166,-156,-16,40,-681,-136,-290,-69,-178,-70,9,10,5,3
-316,-6,151,-235,255,133,-161,-23,38,-710,-244,-252,-94,-199,-59,9,10,5,3
-324,5,103,-3,84,132,-181,-36,47,-719,-325,-169,-103,-211,-48,9,10,5,3
-336,5,56,3,85,144,-202,-58,54,-706,-364,-86,26,50,-43,9,10,5,3
-61,36,-60,10,84,153,371,13,198,-696,-370,-67,0,28,-25,9,10,5,3
13,75,4,17,80,163,639,96,234,398,465,20,-40,6,9,9,10,5,3
81,124,72,20,76,168,852,156,219,377,370,55,-84,-11,56,9,10,5,3
127,172,138,-489,230,1092,974,230,169,346,255,51,-129,-25,90,9,10,5,3
154,229,204,-403,300,32,1004,314,114,290,162,45,-246,-161,-17,9,10,5,3
-386,-76,-176,-414,305,59,-503,-112,176,206,124,24,-275,-194,21,9,10,5,3
-383,-108,-198,-423,297,79,-252,-92,208,12,-436,186,-283,-178,64,9,10,5,3
-380,-131,-212,-434,274,101,115,-168,358,-115,-315,148,-276,-158,99,9,10,5,3
-366,-169,-235,-444,234,121,270,-343,562,-161,-188,74,-256,-143,124,9,10,5,3
-345,-222,-240,-123,-182,-106,149,-543,678,-129,-75,5,199,-56,-113,9,10,5,3
154,-76,34,-136,-188,-107,205,24,97,-46,26,-15,188,-22,-89,9,10,5,3
151,-84,18,-148,-194,-101,191,40,101,482,358,-63,178,0,-72,9,10,5,3
151,-90,1,-151,-200,-92,170,33,107,443,427,-58,168,9,-69,9,10,5,3
151,-90,-13,-143,-201,-88,135,4,105,436,524,-24,162,4,-70,9,10,5,3
148,-81,-29,-145,-279,168,93,-30,97,459,628,7,170,-240,158,9,10,5,3
-319,-71,262,-133,-298,189,-957,333,-198,457,676,24,190,-264,187,9,10,5,3
-331,-86,254,-118,-315,207,-976,216,-217,-106,31,-94,212,-260,209,9,10,5,3
-336,-102,225,-96,-341,221,-957,43,-255,-72,23,-104,240,-244,224,9,10,5,3
-338,-114,195,-71,-366,223,-895,-158,-294,-53,22,-119,275,-214,222,9,10,5,3
-328,-119,165,123,-261,261,-802,-329,-276,-54,31,-130,104,34,107,9,10,5,3
241,71,190,142,-196,228,46,272,60,-62,46,-133,101,40,50,9,10,5,3
247,104,181,158,-136,194,57,306,47,530,23,-276,97,47,-4,9,10,5,3
249,127,167,173,-85,163,59,305,40,563,136,-323,85,44,-30,9,10,5,3
250,148,145,185,-41,24,78,260,32,554,261,-340,-30,32,7,9,10,5,3
255,165,120,175,-26,47,94,221,38,518,380,-328,-28,35,0,9,10,5,3
51,224,-330,159,-11,67,3,66,113,463,488,-320,-30,38,-3,9,10,5,3
72,192,-286,142,1,82,20,87,114,53,-629,139,-32,37,1,9,10,5,3
105,137,-228,123,9,95,68,120,111,239,-656,14,-28,35,11,9,10,5,3
136,65,-161,400,87,36,104,177,117,427,-700,-134,0,295,-40,9,10,5,3
166,-88,-51,389,7,-41,833,329,-12,554,-704,-242,10,301,-59,9,10,5,3
163,-92,-66,398,-18,-25,812,399,43,-130,-41,27,22,303,-69,9,10,5,3
167,-88,-95,407,-40,-8,716,417,93,-200,205,159,34,307,-74,9,10,5,3
182,-84,-117,412,-56,10,565,412,141,-241,268,113,-28,-60,-134,9,10,5,3
-344,229,28,24,95,0,-28,69,54,-288,303,47,-166,-85,-74,9,10,5,3
-346,209,-9,28,88,-13,-54,59,53,-339,300,-18,-144,-78,-95,9,10,5,3
-334,189,-53,28,89,-24,-86,52,58,-487,-477,49,-115,-72,-100,9,10,5,3
-320,173,-98,28,93,-35,-110,61,54,-479,-524,91,-81,-71,-96,9,10,5,3
329,-102,363,36,168,155,-317,-88,179,-460,-514,103,-144,54,18,9,10,5,3
331,-140,414,56,181,160,-157,-203,187,-445,-492,93,-154,71,-16,9,10,5,3
339,-167,449,71,192,150,-19,-306,215,2327,3182,-3944,-165,80,-32,9,10,5,3
355,-185,466,75,208,129,104,-383,258,133,40,-125,-185,92,-28,9,10,5,3
0,196,-209,36,345,-57,-669,378,247,108,31,-139,-177,64,22,9,10,5,3
-44,186,-208,26,345,-56,-118,-137,463,95,16,-142,-158,76,55,9,10,5,3
-81,172,-202,18,344,-43,-100,-113,384,91,-12,-133,-131,85,94,9,10,5,3
-107,163,-200,13,346,-23,-16,-69,210,-255,258,-209,-112,89,138,9,10,5,3
425,1259,-3412,11,346,1,31,-50,65,-314,105,-277,-93,84,182,9,10,5,3
155,312,239,-31,164,-31,-3733,950,-1270,-329,-19,-288,67,-41,6,9,10,5,3
148,338,244,-36,160,-28,16,37,111,-318,-133,-252,64,-29,2,9,10,5,3
133,357,242,-45,154,-18,22,37,102,-308,-217,-240,61,-14,1,9,10,5,3
101,362,236,-54,152,-6,41,31,93,12,533,131,55,8,7,9,10,5,3
56,354,229,-58,153,7,68,13,101,-73,455,200,44,29,17,9,10,5,3
-200,-204,-196,-678,34,214,97,3,106,-296,428,154,49,-316,187,9,10,5,3
-181,-184,-174,-661,-15,228,-289,944,-328,-443,407,75,55,-326,149,9,10,5,3
-161,-168,-156,-627,-73,225,-464,835,-364,-56,120,-136,53,-358,103,9,10,5,3
-143,-154,-135,-583,-136,210,-653,661,-393,1,129,-132,48,-401,56,9,10,5,3
-92,-190,200,-250,-320,89,-776,520,-314,79,130,-144,111,-112,185,9,10,5,3
-46,-215,232,-188,-352,100,-512,2404,-2032,163,118,-162,131,-79,223,9,10,5,3
6,-243,268,-125,-380,129,129,-170,24,257,-228,-339,151,-54,242,9,10,5,3
64,-273,294,-63,-395,171,140,-216,26,319,-207,-329,174,-30,217,9,10,5,3
1059,-623,1904,-5,-391,214,146,-194,20,357,-180,-335,187,3,162,9,10,5,3
-156,-69,179,6,-157,168,157,-119,27,396,-156,-332,59,7,91,9,10,5,3
-155,-38,203,4,-155,178,186,-14,33,431,-140,-315,58,10,79,9,10,5,3
-152,-15,223,9,-150,179,434,-101,83,-651,-3,176,57,19,67,9,10,5,3
-146,-4,239,15,-142,172,521,-64,85,-609,-177,203,61,21,47,9,10,5,3
-135,-5,252,20,-136,166,566,-47,86,-524,-294,133,60,22,31,9,10,5,3
48,-240,-44,268,-265,108,550,-39,110,-450,-396,30,359,150,-15,9,10,5,3
82,-224,-74,268,-250,80,486,-24,143,-380,-514,-73,364,141,-20,9,10,5,3
111,-195,-104,262,-248,54,562,-366,-24,-200,40,-198,359,128,-23,9,10,5,3
129,-156,-122,251,-259,33,600,-261,2,-221,50,-179,347,111,-23,9,10,5,3
131,-107,-123,241,-276,20,649,-135,29,-227,66,-156,329,92,-24,9,10,5,3
-32,7,385,70,291,89,677,-48,54,-213,102,-132,-152,16,-51,9,10,5,3
0,50,356,56,273,58,-345,-929,-1309,-174,153,-95,-118,23,-27,9,10,5,3
31,96,319,47,240,31,-39,136,43,57,447,-164,-86,24,-8,9,10,5,3
55,133,279,46,200,9,-59,122,63,50,456,-144,-64,20,0,9,10,5,3
-10,325,-339,99,-34,82,-97,100,67,14,463,-125,46,-16,4,9,10,5,3
-22,327,-327,95,-47,83,-136,77,69,-33,460,-114,48,-19,-3,9,10,5,3
-29,324,-310,98,-59,90,-69,192,135,882,-16,-245,54,-20,-7,9,10,5,3
-26,316,-287,106,-71,99,-140,-9,165,821,-39,-288,60,-19,-8,9,10,5,3
-16,302,-254,113,-82,111,-203,-174,192,657,-144,-260,66,-14,-7,9,10,5,3
144,166,-27,253,328,31,-248,-293,215,473,-258,-207,-167,234,60,9,10,5,3
133,169,-55,261,333,37,-285,-385,223,351,-313,-144,-155,238,79,9,10,5,3
120,168,-79,276,330,44,-254,790,106,-58,-134,-99,-142,238,86,9,10,5,3
114,162,-92,296,322,58,-663,671,273,-113,-176,-62,-135,238,77,9,10,5,3
111,155,-99,319,313,72,-778,715,523,-154,-193,-12,-132,228,61,9,10,5,3
-68,-56,224,-179,72,44,-693,803,681,-169,-155,9,-40,-140,-69,9,10,5,3
-51,-53,217,-173,75,9,-510,811,653,-157,-116,25,-49,-131,-85,9,10,5,3
-46,-44,207,-165,79,-20,-8,-149,78,-283,-471,-85,-62,-123,-91,9,10,5,3
-51,-30,193,-152,84,-44,19,100,112,-220,-493,-51,-74,-116,-86,9,10,5,3
-216,-128,-247,-8,98,99,6,91,111,-145,-502,-17,27,36,-8,9,10,5,3
-204,-133,-249,-5,99,97,-13,66,107,-58,-504,6,26,32,-12,9,10,5,3
-195,-144,-249,-2,97,96,-48,40,103,-38,614,-132,17,26,-11,9,10,5,3
-186,-162,-243,-3,96,98,539,226,120,35,523,-92,2,18,-1,9,10,5,3
-174,-177,-231,-5,97,97,553,303,13,109,424,-55,-20,13,13,9,10,5,3
-92,225,55,-305,153,-39,559,364,-112,176,319,-32,-93,-190,-20,9,10,5,3
-103,227,38,-267,236,19,568,416,-199,101,52,-56,-77,-186,-42,9,10,5,3
-118,233,20,-271,245,49,556,475,-266,81,23,-55,-72,-187,-65,9,10,5,3
-139,234,2,-275,250,83,235,199,71,89,-36,-40,-81,-182,-80,9,10,5,3
88,-251,-26,-276,250,121,334,182,75,102,-116,-12,-102,-183,-79,9,10,5,3
98,-269,-26,-272,243,159,348,91,47,124,-191,32,154,-43,-40,9,10,5,3
104,-280,-21,-157,-97,-12,293,-37,2,416,-462,-170,179,-31,-55,9,10,5,3
106,-286,-19,-154,-107,-13,231,-160,6,451,-437,-175,194,-16,-62,9,10,5,3
102,-290,-18,-145,-115,-14,31,-167,74,477,-409,-176,201,-16,-67,9,10,5,3
203,-134,-173,-135,-121,-21,44,-167,68,490,-389,-175,195,-15,-59,9,10,5,3
222,-121,-192,-127,-120,-29,63,-162,70,499,-362,-168,76,-77,35,9,10,5,3
241,-104,-205,-286,-296,117,83,-152,75,-680,-81,-150,74,-109,59,9,10,5,3
255,-84,-216,-288,-342,152,102,-134,83,-602,-30,-118,78,-139,72,9,10,5,3
267,-62,-224,-287,-381,189,-918,-358,-262,-538,-1,-81,88,-171,85,9,10,5,3
-216,-123,223,-278,-415,226,-820,-512,-252,-495,14,-47,109,-199,100,9,10,5,3
-182,-149,203,-252,-439,253,-693,-672,-220,-432,33,-24,60,-97,95,9,10,5,3
-147,-184,179,30,-205,216,-526,-833,-158,172,135,44,55,-97,120,9,10,5,3
-119,-219,150,61,-161,220,-332,-977,-65,156,152,11,65,-84,147,9,10,5,3
-103,-248,122,90,-119,212,83,59,55,111,131,-22,68,-63,172,9,10,5,3
70,642,-338,116,-86,195,40,81,49,55,72,-40,74,-36,180,9,10,5,3
33,633,-327,138,-64,169,13,83,54,-1,-15,-50,-19,45,2,9,10,5,3
11,610,-317,95,-42,93,-7,93,73,-372,445,32,-40,-15,42,9,10,5,3
3,578,-309,93,-39,93,-26,102,84,-459,412,56,-29,-16,61,9,10,5,3
0,537,-303,92,-40,100,-40,97,84,-536,392,59,-27,-22,80,9,10,5,3
23,-134,260,95,-45,111,102,126,286,-609,376,68,-29,-25,92,9,10,5,3
39,-139,246,97,-50,125,41,123,299,-639,352,63,-33,-21,90,9,10,5,3
59,-144,231,390,-140,-11,-44,118,328,-115,-78,-29,88,312,-19,9,10,5,3
78,-155,213,396,-140,-10,-168,48,301,-126,-12,-17,98,310,-9,9,10,5,3
94,-170,189,398,-141,-9,-253,-78,243,-173,43,-11,114,303,15,9,10,5,3
-31,336,-208,396,-137,-6,180,199,47,-235,101,-25,126,290,31,9,10,5,3
-64,324,-188,53,38,121,63,-117,-63,286,-69,44,49,-57,11,9,10,5,3
-87,284,-160,75,4,139,-20,-316,48,401,25,63,27,-69,48,9,10,5,3
-101,232,-133,90,-19,162,-78,-405,166,455,116,65,-4,-61,78,9,10,5,3
-2,49,107,95,-29,179,-151,106,58,424,193,58,-44,-46,100,9,10,5,3
-17,60,97,-33,-79,256,9,49,80,353,249,21,-85,-30,109,9,10,5,3
-27,64,90,45,38,154,-1,26,83,4,-633,-52,52,18,0,9,10,5,3
-35,65,83,52,36,147,-24,4,88,56,-646,-64,41,22,-16,9,10,5,3
-46,71,76,63,34,134,-44,-14,101,92,-639,-81,26,27,-35,9,10,5,3
154,85,111,78,35,118,-53,-20,109,102,-616,-82,15,31,-44,9,10,5,3
133,101,88,91,39,104,720,271,-140,138,-585,-47,1,32,-41,9,10,5,3
115,111,66,51,363,2,609,437,-116,75,-90,-117,-256,73,-41,9,10,5,3
100,115,46,48,356,-6,483,564,-79,82,-100,-122,-217,74,-51,9,10,5,3
90,118,33,46,354,-17,328,681,-43,87,-83,-134,-184,76,-64,9,10,5,3
-172,14,256,50,356,-22,155,771,-26,90,-57,-161,-165,79,-75,9,10,5,3
-188,-25,238,59,361,-19,-60,-167,42,107,-59,-160,-163,81,-79,9,10,5,3
-205,-65,213,-156,60,49,-28,-172,46,-409,-265,-245,54,-162,-59,9,10,5,3
-219,-99,182,-181,32,40,-22,-162,35,-407,-315,-260,42,-164,-77,9,10,5,3
-234,-126,150,-201,11,33,-33,-133,34,-415,-355,-293,36,-156,-78,9,10,5,3
-158,73,37,-211,0,28,-50,-94,38,-427,-379,-299,32,-144,-71,9,10,5,3
-154,159,126,-210,-5,25,74,78,117,-419,-408,-260,30,-129,-62,9,10,5,3
-137,223,206,-112,23,28,119,76,116,-122,684,109,-84,-20,-20,9,10,5,3
-112,260,283,-99,45,17,124,63,115,-340,627,164,-89,-59,-1,9,10,5,3
-84,284,351,-94,70,13,84,33,116,-489,515,158,-89,-95,18,9,10,5,3
2,-34,-197,-97,100,22,-219,765,-339,-598,465,83,-84,-130,33,9,10,5,3
6,-8,-166,-359,-185,26,-336,690,-301,-104,114,-156,15,-291,-34,9,10,5,3
-2,8,-144,-353,-164,36,-482,581,-249,-10,141,-143,27,-272,-52,9,10,5,3
-18,29,-120,-346,-142,41,-671,414,-222,110,72,-180,45,-254,-69,9,10,5,3
84,-117,253,-340,-122,40,136,212,73,224,60,-167,65,-240,-73,9,10,5,3
146,-159,220,-332,-109,38,114,142,84,342,39,-125,81,-231,-62,9,10,5,3
203,-197,187,-95,23,134,86,90,87,565,-10,-103,-3,60,-6,9,10,5,3
253,-226,152,-106,6,111,68,52,100,554,11,-86,-12,45,-11,9,10,5,3
296,-245,114,-111,-8,93,56,41,106,537,18,-97,-20,29,-17,9,10,5,3
306,61,-83,-110,-24,80,330,-97,167,513,27,-117,-24,12,-25,9,10,5,3
276,66,-23,-103,-38,66,378,-130,182,486,54,-128,-25,-1,-36,9,10,5,3
230,77,35,97,-493,99,390,-149,204,-224,-52,-59,280,133,44,9,10,5,3
168,87,90,144,-481,78,384,-142,205,-225,15,-65,275,144,31,9,10,5,3
89,82,142,191,-459,56,292,-77,173,-229,85,-72,273,156,18,9,10,5,3
102,-259,95,235,-434,30,707,-392,95,-216,140,-77,275,167,8,9,10,5,3
383,-21,63,268,-412,8,869,-301,229,-192,157,-76,286,175,1,9,10,5,3
402,7,60,104,61,180,928,-241,435,116,-448,25,5,12,-64,9,10,5,3
394,24,58,106,60,138,880,-246,609,248,-471,45,-29,-5,-51,9,10,5,3
369,37,49,106,44,102,756,-297,643,346,-477,32,-52,-6,-30,9,10,5,3
-135,306,-149,108,19,73,-137,131,83,420,-394,-36,-59,2,-11,9,10,5,3
-126,287,-124,167,2,107,-139,83,92,-678,-84,-57,-1,51,34,9,10,5,3
-119,266,-94,166,1,108,-117,38,99,-698,-173,-29,6,41,43,9,10,5,3
-117,245,-58,167,-2,115,-75,3,108,-724,-250,0,12,35,47,9,10,5,3
302,-160,173,170,-7,123,-317,-340,182,-790,-305,52,15,32,46,9,10,5,3
318,-115,179,3751,-1107,-1920,-304,-437,124,-857,-329,132,12,37,41,9,10,5,3
326,-64,187,339,291,-23,-275,-540,78,-48,-76,-66,2180,-3875,-3845,9,10,5,3
324,-10,192,338,287,-22,-209,-630,63,-51,-93,-82,-89,247,-19,9,10,5,3
-2178,-2189,-1369,334,279,-19,-128,-701,3,-35,-111,-108,-111,252,3,9,10,5,3
-190,107,-177,323,269,-16,85,-83,88,-5,-122,-133,-134,251,33,9,10,5,3
-203,104,-183,-117,40,108,30,-18,53,-88,301,-128,-140,238,71,9,10,5,3
-224,100,-189,-102,26,87,-33,25,21,-128,351,-159,-133,217,123,9,10,5,3
-260,84,-186,-79,21,70,-89,40,9,-207,371,-194,-62,-71,-18,9,10,5,3
-292,56,-171,-44,23,57,-149,1,29,-333,340,-256,-41,-55,9,9,10,5,3
33,118,140,-3,32,47,53,103,91,-502,224,-284,-26,-41,33,9,10,5,3
27,126,140,55,186,26,32,77,113,592,-179,-25,-19,-29,48,9,10,5,3
13,126,147,58,187,9,12,49,117,504,-74,-29,1979,-1245,3426,9,10,5,3
-2,121,155,56,186,-6,-17,72,81,368,164,-20,-161,-187,182,9,10,5,3
-161,45,-135,48,184,-20,587,-8,-125,303,417,43,-132,-216,160,9,10,5,3
-157,19,-152,-343,139,-49,606,52,-166,140,-59,-85,-110,-240,131,9,10,5,3
-149,-7,-172,-337,149,-58,611,115,-207,124,-44,-88,-98,-262,97,9,10,5,3
-142,-27,-190,-335,161,-58,601,181,-246,145,-14,-74,-16,-154,50,9,10,5,3
-229,-51,353,-333,175,-53,-25,-35,4,187,14,-27,-14,-114,50,9,10,5,3
30,-378,92,-16,-250,-45,172,0,0,-268,-123,-31,-11,-103,58,9,10,5,3
72,-401,52,-19,-201,-41,260,-40,11,-204,-186,-117,-10,-107,84,9,10,5,3
110,-411,26,-26,-144,-25,247,-115,65,-132,-276,-216,53,19,5,9,10,5,3
153,-403,7,-34,-87,-4,181,-166,88,-36,-323,-290,44,5,18,9,10,5,3
81,-132,-164,-159,42,168,-4,57,109,155,532,113,38,-5,25,9,10,5,3
70,-123,-129,-171,48,175,-18,34,93,73,607,112,37,-11,27,9,10,5,3
58,-104,-96,-173,47,181,-17,-48,114,-67,687,123,174,-92,55,9,10,5,3
40,-87,-67,-168,41,184,-12,-103,121,-236,714,149,177,-70,78,9,10,5,3
-119,-251,90,36,-362,-29,-526,196,-177,-228,-77,-137,190,-46,103,9,10,5,3
-106,-267,69,1,-350,-33,-580,92,-239,-274,-89,-119,212,-29,129,9,10,5,3
-83,-273,55,-38,-338,-31,-613,-48,-287,-307,-117,-100,233,-9,142,9,10,5,3
-53,-275,46,-78,-325,-23,-608,-105,-231,-316,-142,-83,183,-79,43,9,10,5,3
1017,-160,-445,-107,-314,-13,-609,-192,-142,-304,-133,-92,192,-98,43,9,10,5,3
165,427,128,86,-48,207,-10,182,56,120,-329,58,214,-107,32,9,10,5,3
127,469,162,118,4,189,36,151,72,122,-271,66,225,-110,18,9,10,5,3
92,491,191,136,38,173,64,143,70,185,-185,59,-56,202,-61,9,10,5,3
59,493,219,138,49,168,71,159,58,311,-63,-13,-67,183,-57,9,10,5,3
257,176,-149,78,-47,40,-43,-34,116,-749,173,5,-81,156,-51,9,10,5,3
246,184,-172,54,-48,64,-36,-33,124,-796,122,-8,-88,128,-46,9,10,5,3
234,189,-181,34,-51,88,-32,-20,123,-796,74,-16,48,123,25,9,10,5,3
219,189,-182,18,-55,113,-22,4,118,-773,10,-27,67,125,23,9,10,5,3
-108,-57,9,395,0,64,-452,-665,-231,-84,-170,-74,75,119,33,9,10,5,3
-96,-78,21,394,9,51,-410,-707,-234,-95,-179,-83,72,116,52,9,10,5,3
-80,-97,38,392,12,43,-337,-750,-232,-100,-179,-87,67,118,74,9,10,5,3
-54,-125,64,388,11,41,-226,-784,-240,-88,-172,-89,-29,203,72,9,10,5,3
148,231,-3410,382,7,41,-84,-788,-243,-61,-159,-97,-31,185,54,9,10,5,3
-86,382,40,-66,190,79,-195,-56,70,285,55,35,-24,162,51,9,10,5,3
-135,410,-6,-80,178,77,-204,-61,67,311,78,36,-20,142,65,9,10,5,3
-185,433,-60,-80,156,89,-172,-47,63,317,45,3,-41,-49,-48,9,10,5,3
-239,450,-122,-69,124,110,-118,-22,67,241,53,-21,-42,-40,-40,9,10,5,3
-172,-72,-33,108,72,142,-128,102,88,-84,-902,20,-41,-32,-32,9,10,5,3
-145,-4,-58,83,73,140,-201,337,107,11,-958,34,-37,-22,-27,9,10,5,3
-116,71,-80,60,73,135,-241,382,113,87,-971,42,-165,-29,54,9,10,5,3
-81,142,-101,40,77,131,-256,409,112,149,-941,57,-192,-14,66,9,10,5,3
181,125,407,-201,379,-1,-214,363,55,196,-885,58,-212,2,76,9,10,5,3
139,157,355,-207,364,-18,-174,253,35,135,68,-57,-214,23,83,9,10,5,3
104,187,305,-199,354,-31,-55,833,22,111,84,-69,-211,36,87,9,10,5,3
70,215,260,-181,352,-39,-153,874,61,98,106,-83,-235,0,67,9,10,5,3
38,231,229,-157,355,-41,-258,848,123,103,111,-85,-223,16,115,9,10,5,3
-118,-363,-175,-157,0,0,-333,794,167,104,102,-90,-194,41,170,9,10,5,3
97,-485,-106,-144,21,-11,-362,730,196,-273,-280,-208,-150,51,210,9,10,5,3
125,-482,-89,-134,38,-10,-109,-34,49,-208,-396,-244,-112,38,225,9,10,5,3
144,-465,-74,-130,44,4,-96,-82,50,-150,-468,-290,104,-94,41,9,10,5,3
159,-437,-63,-122,38,26,-57,-141,56,-98,-517,-278,105,-90,26,9,10,5,3
169,-407,-53,-121,12,25,-18,-192,60,-62,-545,-247,105,-84,6,9,10,5,3
-57,145,245,-128,8,38,3,-221,64,-555,575,-337,101,-63,-1,9,10,5,3
-78,162,231,-134,4,55,372,125,275,-732,465,-349,96,-34,-5,9,10,5,3
-107,174,223,-139,1,73,378,244,214,-772,399,-265,120,-292,101,9,10,5,3
-142,171,223,-144,1,85,360,338,68,-701,391,-191,117,-303,85,9,10,5,3
-169,156,223,-392,-18,-77,352,428,-56,-591,397,-157,115,-304,66,9,10,5,3
16,-274,-390,-399,-21,-91,399,514,-103,184,60,-10,112,-296,49,9,10,5,3
66,-280,-361,-405,-23,-97,54,-73,41,152,62,42,101,-277,38,9,10,5,3
117,-270,-318,-406,-31,-81,194,15,35,143,11,83,22,85,-110,9,10,5,3
167,-249,-261,-396,-45,-34,299,91,38,96,-37,117,27,85,-84,9,10,5,3
206,-220,-204,-161,-105,-71,372,138,16,43,-65,145,40,83,-56,9,10,5,3
-95,-44,171,-153,-131,-93,405,141,19,366,129,-11,61,80,-33,9,10,5,3
-114,-63,181,-145,-154,-120,23,-79,57,327,197,38,78,85,-16,9,10,5,3
-127,-81,196,-141,-169,-144,46,-84,64,287,268,52,-100,-6,-11,9,10,5,3
-137,-104,207,-132,-179,-155,71,-79,84,233,359,27,-91,-22,-1,9,10,5,3
-138,-133,207,-148,-249,140,93,-66,103,161,431,10,-93,-43,18,9,10,5,3
68,20,-95,-136,-291,130,113,-46,115,-310,-72,-66,-84,-68,44,9,10,5,3
60,19,-92,-123,-329,124,-971,228,-127,-291,-77,-61,-60,-84,61,9,10,5,3
52,19,-84,-109,-363,117,-952,-31,-134,-254,-106,-50,270,-17,-35,9,10,5,3
39,16,-74,-97,-390,113,-863,-314,-110,-213,-139,-47,265,-16,-45,9,10,5,3
15,4,-59,101,-407,200,-705,-610,-80,-192,-149,-29,254,-16,-57,9,10,5,3
145,20,102,145,-372,223,-501,-869,-76,-33,-527,0,248,-16,-60,9,10,5,3
135,58,98,184,-320,234,27,38,63,-30,-746,9,244,-19,-56,9,10,5,3
123,110,94,216,-259,230,155,63,32,35,-879,31,-138,134,-62,9,10,5,3
107,166,93,240,-196,210,134,125,28,160,-857,18,-150,131,-44,9,10,5,3
88,219,91,151,42,64,109,172,30,237,-739,43,-159,120,-16,9,10,5,3
0,174,-114,132,49,70,76,213,46,-508,-462,21,-160,111,5,9,10,5,3
-15,181,-130,117,51,76,53,235,61,-556,-510,41,-157,99,15,9,10,5,3
-37,188,-134,107,46,83,27,156,161,-548,-501,34,-27,173,93,9,10,5,3
-59,186,-135,99,37,91,-120,-35,118,-546,-468,-1,-22,194,92,9,10,5,3
-78,176,-138,394,244,180,-294,-197,100,-584,-467,-30,-19,219,87,9,10,5,3
394,-36,230,360,278,144,-460,-302,132,176,-69,-95,-23,243,88,9,10,5,3
383,-22,218,323,303,104,-584,-383,167,143,-68,-87,-37,263,105,9,10,5,3
368,-5,207,290,317,61,-72,549,522,116,-47,-94,-125,240,161,9,10,5,3
351,12,199,268,316,19,-16,601,655,105,-27,-118,-85,205,217,9,10,5,3
335,32,191,-90,104,76,50,570,578,95,-22,-174,-39,153,266,9,10,5,3
-502,-333,-395,-52,103,60,48,414,326,-433,-115,-163,3,100,299,9,10,5,3
-481,-376,-395,-21,109,56,5,187,92,-423,-128,-186,21,53,303,9,10,5,3
-453,-412,-386,-12,118,55,7,78,65,-419,-123,-230,14,-67,-9,9,10,5,3
-421,-438,-367,-15,124,46,8,69,71,-432,-100,-278,17,-70,-11,9,10,5,3
-382,-441,-340,-80,41,118,-8,43,72,-453,-70,-290,15,-75,-10,9,10,5,3
129,217,311,-68,45,109,-35,16,74,645,753,-132,13,-81,-4,9,10,5,3
-90,381,313,-51,53,99,-63,-4,73,595,939,-282,15,-83,6,9,10,5,3
-126,398,279,-32,68,91,653,127,-196,449,1036,-302,-223,-157,119,9,10,5,3
-149,410,246,-14,89,83,667,206,-165,286,1062,-233,-237,-167,86,9,10,5,3
-161,423,229,-7,430,21,655,346,-129,187,996,-176,-242,-168,60,9,10,5,3
-165,427,222,-16,437,43,590,487,-145,178,-589,2,-250,-166,36,9,10,5,3
244,-313,97,-32,428,62,477,588,-142,173,-554,23,-249,-152,9,9,10,5,3
302,-300,144,-53,410,76,-70,-108,47,147,-461,18,74,-48,26,9,10,5,3
341,-296,183,-82,388,87,-82,-90,45,110,-315,-16,77,-48,27,9,10,5,3
360,-294,210,-153,-22,3,-104,-80,56,62,-126,-67,83,-56,16,9,10,5,3
358,-294,227,-152,-33,0,-132,-70,67,569,443,22,93,-64,5,9,10,5,3
38,-304,-268,-148,-41,5,-149,-73,79,553,549,15,107,-77,-8,9,10,5,3
61,-298,-299,-140,-43,13,-326,-212,182,499,598,17,3,-111,70,9,10,5,3
86,-296,-325,-127,-41,24,-356,-192,160,407,576,37,24,-120,91,9,10,5,3
121,-296,-333,-397,-275,278,-320,-128,129,317,520,55,42,-130,100,9,10,5,3
145,-293,-335,-350,-316,276,-220,-43,111,-158,98,-84,47,-128,99,9,10,5,3
-493,26,254,-297,-354,261,-62,41,140,-128,109,-124,57,-139,99,9,10,5,3
-479,-21,242,-248,-388,230,-317,-26,115,-100,114,-151,163,-157,34,9,10,5,3
-464,-69,225,-211,-407,192,-306,-29,144,-89,111,-151,154,-175,66,9,10,5,3
-441,-112,209,-97,-219,262,-327,-57,182,-91,87,-133,147,-193,91,9,10,5,3
-406,-156,186,49,-84,90,-379,-103,220,-349,-260,18,139,-205,113,9,10,5,3
425,255,-277,23,-81,87,-417,-165,250,-404,-358,18,134,-215,126,9,10,5,3
290,350,-241,-1,-85,88,79,-27,78,-400,-408,2,22,130,-60,9,10,5,3
277,374,-239,-14,-93,98,94,-33,86,-232,-447,-31,-43,21,-16,9,10,5,3
267,400,-231,9,-62,120,138,-17,94,-253,624,50,-32,23,-18,9,10,5,3
251,426,-214,14,-62,125,177,20,100,-247,576,53,-27,24,-13,9,10,5,3
-403,-390,504,27,-60,129,-181,128,223,-254,504,88,-19,24,-7,9,10,5,3
-396,-431,485,40,-56,128,-239,176,228,-251,399,140,-15,20,-2,9,10,5,3
-366,-470,457,57,-51,121,-280,222,207,-277,244,192,187,147,53,9,10,5,3
-317,-495,419,61,-291,27,-309,264,164,15,-141,-123,194,149,47,9,10,5,3
-260,-501,377,42,-308,21,-333,299,99,-10,-107,-112,201,155,43,9,10,5,3
295,144,-427,21,-327,19,609,-84,614,-51,-68,-95,204,149,33,9,10,5,3
281,215,-420,4,-345,18,450,-199,395,-75,-14,-104,205,138,24,9,10,5,3
250,273,-387,-3,-356,19,236,-213,104,-102,53,-118,-124,-25,66,9,10,5,3
206,297,-342,144,21,-6,48,-126,-42,-100,642,-358,-130,0,59,9,10,5,3
-118,51,165,173,7,-32,-16,149,70,-182,650,-345,-137,26,42,9,10,5,3
62,140,31,199,-6,-46,-35,101,75,-267,648,-316,-143,46,20,9,10,5,3
67,154,4,220,-14,-51,-59,52,83,-335,643,-287,21,-72,1,9,10,5,3
66,167,-21,112,-77,79,-74,16,85,698,-552,176,14,-66,-26,9,10,5,3
60,170,-46,151,-97,85,-72,-2,88,883,-476,54,4,-56,-50,9,10,5,3
55,166,-66,194,-120,97,-1,-532,-97,1021,-358,-59,-10,-37,-62,9,10,5,3
462,-108,214,241,-143,114,187,-505,-203,1048,-216,-129,-26,-4,-60,9,10,5,3
444,-88,189,287,-157,139,369,-406,-271,991,-136,-134,-201,219,-43,9,10,5,3
435,-65,179,365,276,126,437,-322,-220,172,-16,-31,-202,219,-7,9,10,5,3
426,-38,190,298,297,151,537,-255,-155,214,57,-50,-177,202,44,9,10,5,3
413,-16,218,231,298,164,-212,89,42,264,75,-52,-141,178,106,9,10,5,3
-455,-259,-320,168,287,159,-157,118,33,355,26,-26,-118,154,169,9,10,5,3
-424,-297,-335,107,271,139,-110,122,20,414,-36,12,-10,-46,17,9,10,5,3
-397,-333,-342,37,131,99,-89,126,13,-255,-551,-34,-2,-23,15,9,10,5,3
-372,-361,-341,28,130,104,-88,127,15,-125,-580,8,-5,-8,4,9,10,5,3
-348,-383,-338,21,132,110,-282,304,122,4,-585,42,-14,-2,-7,9,10,5,3
174,223,364,15,137,115,-359,358,136,123,-576,65,-24,-6,-11,9,10,5,3
144,249,343,10,146,124,-408,360,175,236,-562,80,-152,-184,160,9,10,5,3
120,288,324,-238,298,-40,-389,265,175,44,173,-96,-154,-210,139,9,10,5,3
94,329,314,-229,304,-36,59,799,5,17,179,-102,-156,-233,112,9,10,5,3
-353,19,-379,-207,316,-27,-92,812,59,21,176,-100,-158,-247,92,9,10,5,3
-379,-11,-404,-174,330,-17,-223,780,115,49,161,-93,-87,-78,217,9,10,5,3
-393,-55,-425,-178,-54,120,-327,711,160,-64,5,32,18,-15,6,9,10,5,3
-395,-111,-430,-163,-22,102,-385,649,198,-139,105,82,43,4,62,9,10,5,3
196,-101,186,-148,13,93,-139,-97,12,-260,213,37,83,-7,93,9,10,5,3
174,-85,187,-139,42,91,-133,-129,30,-319,318,38,119,-35,107,9,10,5,3
146,-69,189,63,-927,-359,-95,-174,55,-313,300,6,155,-64,103,9,10,5,3
109,-56,192,-81,39,137,-61,-195,50,91,529,41,-51,-10,37,9,10,5,3
216,-155,-326,-84,45,141,-154,-277,106,93,572,19,-48,-12,23,9,10,5,3
236,-126,-308,-87,47,138,-240,-384,135,103,610,3,-42,-17,6,9,10,5,3
266,-94,-285,-88,46,130,-331,-478,162,117,641,-13,-33,-21,-12,9,10,5,3
296,-58,-257,-122,-545,149,-396,-559,170,-143,66,-76,355,52,60,9,10,5,3
-302,-215,290,-61,-564,131,-828,-180,-23,-121,107,-107,342,34,60,9,10,5,3
-267,-229,277,-17,-574,110,-775,-241,-20,-143,121,-111,339,13,57,9,10,5,3
-229,-233,258,3,-571,90,-716,-296,-15,-210,122,-113,349,-4,59,9,10,5,3
-190,-238,234,109,-88,236,-642,-325,0,-125,109,-216,-126,120,107,9,10,5,3
195,554,-189,154,-45,215,103,140,71,124,218,-240,-137,132,23,9,10,5,3
159,591,-178,178,-6,182,85,53,57,156,353,-280,-140,128,-40,9,10,5,3
112,601,-169,184,24,148,83,11,43,158,415,-276,-143,111,-69,9,10,5,3
68,580,-163,185,-84,1,91,4,41,178,428,-250,10,-40,25,9,10,5,3
1671,-1504,3603,180,-76,19,95,8,49,203,422,-233,22,-49,26,9,10,5,3
127,187,-92,165,-63,35,206,1,137,57,-548,201,31,-54,24,9,10,5,3
138,191,-115,143,-51,45,280,-37,161,116,-545,187,37,-49,20,9,10,5,3
148,200,-141,379,-231,77,306,-97,168,171,-469,102,-52,325,41,9,10,5,3
151,213,-171,389,-218,75,323,-142,158,275,-378,-4,-50,331,35,9,10,5,3
111,-274,114,400,-197,67,1297,-416,129,-168,1,-195,-41,326,29,9,10,5,3
150,-288,108,413,-170,60,1355,-226,104,-192,-15,-186,-25,319,27,9,10,5,3
178,-296,112,176,-63,115,1329,-139,64,-205,-55,-129,-25,13,80,9,10,5,3
206,-288,127,155,-44,119,1191,-174,55,-212,-109,-65,-25,2,71,9,10,5,3
-248,393,91,129,-28,117,-9,99,82,-281,254,-199,-15,-7,65,9,10,5,3
-280,394,38,108,-15,116,0,94,77,-385,222,-219,5,-27,55,9,10,5,3
-299,388,-15,88,-6,116,12,97,67,-451,191,-244,27,-44,43,9,10,5,3
-304,377,-65,126,1,85,22,109,66,-490,158,-287,21,57,30,9,10,5,3
2708,-776,-3075,137,1,96,18,125,67,-514,152,-301,24,69,36,9,10,5,3
-49,-163,186,152,-2,105,-104,198,66,631,44,293,22,79,39,9,10,5,3
-26,-136,166,170,-7,117,-128,48,68,659,128,186,15,86,42,9,10,5,3
-10,-111,140,-21,480,92,-197,-99,124,711,267,54,-282,-253,55,9,10,5,3
-2,-79,113,-48,473,71,-338,-240,211,742,397,-53,-276,-248,41,9,10,5,3
209,401,288,-65,473,58,-104,547,141,287,-149,-173,-268,-234,26,9,10,5,3
181,395,304,-69,476,53,-140,453,155,284,-166,-157,-261,-217,14,9,10,5,3
146,372,321,-52,187,250,-117,378,154,248,-181,-136,14,-63,163,9,10,5,3
114,347,342,-57,134,272,-52,338,140,210,-199,-111,36,-54,118,9,10,5,3
-284,-467,-477,-62,74,264,-175,-40,49,-254,-26,-248,50,-24,72,9,10,5,3
-255,-493,-508,-62,18,231,-146,-60,46,-235,-210,-232,37,-4,23,9,10,5,3
-219,-522,-535,-105,146,116,-106,-56,33,-174,-358,-186,-18,-44,-24,9,10,5,3
-178,-547,-556,-115,137,129,-81,-46,37,-98,-450,-165,-24,-45,-24,9,10,5,3
-51,84,269,-129,128,135,76,44,170,538,495,12,-24,-47,-17,9,10,5,3
-69,98,264,-144,116,131,34,71,109,545,566,-18,-25,-46,-4,9,10,5,3
-87,106,261,-294,-4,29,-48,119,81,504,635,-70,156,-216,30,9,10,5,3
-104,104,258,-326,-22,29,-132,132,62,479,640,-96,178,-220,54,9,10,5,3
-139,-201,-93,-365,-41,39,51,671,-243,-3,152,-119,194,-204,87,9,10,5,3
-114,-213,-123,-408,-57,60,-72,672,-238,9,151,-125,206,-182,125,9,10,5,3
-78,-217,-160,-450,60,148,-190,642,-221,23,136,-127,186,-192,64,9,10,5,3
-36,-206,-189,-438,25,172,-296,590,-200,34,115,-122,192,-185,90,9,10,5,3
-204,-65,396,-417,-18,189,183,-23,79,49,-38,-32,188,-176,123,9,10,5,3
-181,-45,385,-390,-68,201,214,-337,26,30,-111,-20,181,-164,154,9,10,5,3
-153,-32,366,25,-93,-39,139,-315,32,-15,-199,-30,21,94,-23,9,10,5,3
-115,-23,345,14,-86,-26,50,-285,35,-72,-280,-53,10,92,-13,9,10,5,3
219,43,-396,0,-72,-10,-6,-236,41,90,441,0,0,88,1,9,10,5,3
225,64,-392,-14,-57,8,63,37,132,22,469,0,-15,82,15,9,10,5,3
224,80,-382,-32,-41,27,62,50,146,-28,476,0,-23,72,26,9,10,5,3
213,94,-367,-28,-171,187,50,60,152,-62,454,12,97,11,140,9,10,5,3
198,100,-348,-15,-193,190,34,66,138,-88,418,26,110,56,134,9,10,5,3
-150,-376,392,-6,-212,188,14,50,128,-179,7,-47,123,108,125,9,10,5,3
-104,-336,367,3,-229,182,-893,-317,-175,-214,29,-58,125,163,122,9,10,5,3
-59,-295,337,17,-249,177,-794,-554,-137,-224,34,-75,111,216,125,9,10,5,3
-9,-271,302,7,-453,71,-636,-780,-103,-200,23,-92,179,85,49,9,10,5,3
38,-257,270,32,-439,81,-442,-965,-49,-153,0,-98,199,91,55,9,10,5,3
76,475,-189,60,-424,86,-241,-1090,10,258,-323,21,218,99,88,9,10,5,3
3,513,-215,90,-416,94,162,17,30,357,-342,32,217,91,148,9,10,5,3
-72,539,-245,128,-407,123,198,-4,31,399,-385,42,195,83,210,9,10,5,3
-151,551,-276,187,-36,-2,235,-1,33,390,-379,22,-78,-5,20,9,10,5,3
-219,547,-302,186,-39,16,260,13,17,433,-166,-2,-72,-3,25,9,10,5,3
201,-195,328,182,-34,42,266,24,10,-514,-715,213,-70,-1,26,9,10,5,3
224,-184,356,174,-20,69,365,301,170,-393,-714,239,-72,0,25,9,10,5,3
229,-167,373,160,-1,94,170,254,155,-201,-791,277,-74,-8,26,9,10,5,3
225,-147,375,422,79,56,-95,226,162,71,-912,369,-183,145,123,9,10,5,3
219,-123,364,404,89,62,-366,194,202,393,-960,417,-202,125,85,9,10,5,3
-100,365,-67,380,107,65,-538,143,223,87,-73,-132,-222,116,41,9,10,5,3
-137,361,-96,358,127,62,208,-54,200,57,-122,-104,-236,120,1,9,10,5,3
-172,349,-122,340,144,56,249,-82,190,19,-166,-82,-238,125,-23,9,10,5,3
-206,335,-153,-27,232,184,302,-86,169,-30,-203,-68,-31,-91,-37,9,10,5,3
-57,-557,-10,-68,198,172,305,-98,149,-473,-61,-360,-14,-88,-72,9,10,5,3
-28,-546,6,-107,163,152,-128,101,46,-489,-323,-278,-7,-85,-90,9,10,5,3
-4,-527,26,-139,131,129,-161,95,48,-478,-479,-232,-1,-81,-94,9,10,5,3
11,-500,45,2405,3809,2280,-175,70,56,-447,-556,-222,0,-82,-88,9,10,5,3
24,-464,61,-8,24,180,-172,47,76,-428,-593,-214,36,21,-4,9,10,5,3
-76,34,91,-1,17,181,-144,26,95,262,236,98,21,24,-11,9,10,5,3
-81,28,93,3,18,176,-36,39,212,23,442,194,4,29,-15,9,10,5,3
-88,16,91,10,23,166,-5,-15,264,-54,456,227,-8,37,-15,9,10,5,3
-98,4,87,18,32,149,2,-104,309,-93,475,183,-9,54,-1,9,10,5,3
-107,0,79,-189,350,-20,-4,-210,357,-127,489,95,-135,-268,-46,9,10,5,3
-230,-72,-151,-195,363,-21,-4,-316,353,76,131,-108,-139,-266,-41,9,10,5,3
-223,-106,-160,-197,371,-22,-244,242,361,88,137,-70,-143,-264,-48,9,10,5,3
-207,-140,-168,-198,373,-24,-213,219,493,97,127,-33,-144,-254,-56,9,10,5,3
-182,-173,-172,-196,373,-27,-250,287,622,105,104,-2,-136,-255,-59,9,10,5,3
-151,-201,-170,-92,-88,-22,-315,378,620,106,71,17,171,79,-91,9,10,5,3
258,90,45,-81,-98,-28,-303,409,446,552,-215,-323,155,66,-96,9,10,5,3
237,88,47,-74,-111,-30,0,-96,80,590,-161,-305,143,54,-95,9,10,5,3
216,93,47,-71,-127,-30,-6,-61,91,620,-105,-268,129,45,-86,9,10,5,3
196,104,50,-70,-145,-33,-10,-28,92,628,-68,-220,120,38,-74,9,10,5,3
169,113,62,-91,-19,156,-19,0,94,625,-38,-182,72,-60,50,9,10,5,3
-49,-299,-60,-103,-29,153,-29,26,96,-651,-190,-144,105,-64,24,9,10,5,3
-10,-300,-90,-116,-39,138,462,388,0,-614,-108,-77,133,-62,-4,9,10,5,3
17,-303,-127,-132,-51,113,418,443,-31,-575,-106,2,156,-54,-28,9,10,5,3
30,-309,-164,-152,-67,87,356,493,-52,-548,-94,52,191,-49,-41,9,10,5,3
28,-319,-195,-380,-145,124,282,546,-122,-496,-50,26,259,-106,51,9,10,5,3
53,58,209,-365,-175,141,-70,-83,256,242,474,-56,260,-92,86,9,10,5,3
33,78,257,-347,-209,152,11,-6,159,-43,66,-166,255,-79,118,9,10,5,3
7,89,299,-324,-243,161,46,15,105,-136,-68,-153,239,-63,137,9,10,5,3
-24,83,316,1,-23,60,38,16,96,-178,-218,-152,-88,57,18,9,10,5,3
-3368,1255,-3257,-4,-45,55,46,11,105,-205,-359,-139,-74,48,19,9,10,5,3
113,124,103,-9,-70,52,9,-43,70,-261,-456,-106,-58,40,20,9,10,5,3
121,133,89,-12,-93,52,14,-53,77,-581,77,-3,-46,34,23,9,10,5,3
121,139,79,-9,-109,51,24,-61,84,-606,19,-13,-38,31,26,9,10,5,3
119,146,74,19,-271,145,34,-57,88,-620,-62,-31,47,170,41,9,10,5,3
121,154,72,54,-287,137,40,-46,88,-640,-98,-38,38,198,17,9,10,5,3
27,0,-105,98,-298,125,-737,-37,-131,-650,-132,-32,33,222,1,9,10,5,3
21,0,-100,146,-304,106,-686,-153,-203,-125,-49,-105,30,240,0,9,10,5,3
11,-1,-91,194,-315,83,-629,-209,-196,-135,-54,-111,25,263,13,9,10,5,3
1,-6,-78,401,-142,75,-580,-270,-140,-131,-35,-130,-93,280,20,9,10,5,3
-5,-16,-70,404,-118,95,-489,-376,-113,-132,-5,-146,-104,288,33,9,10,5,3
180,-86,313,402,-96,108,101,131,42,-129,10,-149,-103,281,62,9,10,5,3
155,-43,307,399,-78,107,110,192,30,-854,-322,1162,-104,258,116,9,10,5,3
125,0,300,401,-64,107,89,215,21,-520,180,-365,-91,201,195,9,10,5,3
97,41,292,62,93,42,38,221,29,-580,84,-356,-11,-32,-23,9,10,5,3
-267,58,-314,45,85,55,58,-28,65,-607,6,-306,2,-14,-25,9,10,5,3
-284,42,-320,27,76,70,39,-56,76,-607,-44,-247,19,0,-17,9,10,5,3
-311,6,-306,12,69,89,20,-75,96,435,40,229,37,11,-1,9,10,5,3
-304,-26,-302,152,250,109,8,-86,108,437,140,186,-221,-21,60,9,10,5,3
-273,-51,-297,142,298,119,-4,-86,111,419,292,60,-253,-34,94,9,10,5,3
425,454,309,138,338,131,769,-127,-198,486,386,-65,-272,-48,126,9,10,5,3
400,481,313,141,365,144,762,-69,-147,114,68,-140,-270,-68,151,9,10,5,3
361,500,314,148,377,154,776,14,-85,104,31,-134,-258,-95,157,9,10,5,3
319,515,312,-140,239,179,777,129,-33,101,-10,-116,-57,-72,44,9,10,5,3
275,526,315,-181,186,136,742,240,4,103,-68,-92,-31,-65,-21,9,10,5,3
-85,-659,-486,-208,137,80,-29,-13,56,92,-130,-71,-7,-56,-69,9,10,5,3
-22,-641,-462,-224,101,25,-62,-4,67,-103,-525,-256,15,-50,-95,9,10,5,3
36,-623,-428,-232,78,-16,-87,1,56,-115,-549,-229,21,-56,-102,9,10,5,3
89,-603,-385,-65,113,70,-114,26,39,-124,-573,-203,-17,22,31,9,10,5,3
138,-586,-338,-67,97,60,-152,57,52,-108,-594,-191,-20,17,24,9,10,5,3
-98,284,260,-71,88,56,133,-223,297,-63,-610,-180,-19,2,14,9,10,5,3
-122,284,234,-74,81,59,179,-327,347,-324,345,-60,-7,-17,5,9,10,5,3
-154,268,208,-73,81,66,229,-408,350,-245,361,-66,12,-24,2,9,10,5,3
-187,241,190,-313,165,27,291,-457,324,-173,347,-85,49,-262,48,9,10,5,3
-215,206,187,-310,185,31,346,-479,250,-135,312,-80,33,-248,44,9,10,5,3
18,-244,-193,-308,209,37,-410,164,399,192,35,55,24,-236,35,9,10,5,3
184,-171,-124,-304,234,44,-471,127,496,165,-13,90,23,-234,23,9,10,5,3
176,-140,-121,-25,-110,12,-524,110,488,130,-51,128,85,124,25,9,10,5,3
179,-113,-123,-30,-89,23,-459,113,331,103,-73,148,100,137,41,9,10,5,3
195,-89,-122,-30,-75,36,53,-150,58,615,74,-198,109,148,34,9,10,5,3
-28,-22,157,-24,-67,45,71,-154,62,596,128,-169,107,159,11,9,10,5,3
-56,-29,186,-65,-5,101,62,-145,74,554,220,-129,-38,-26,-2,9,10,5,3
-82,-30,219,-70,5,101,32,-125,86,489,313,-74,-27,-15,-20,9,10,5,3
-103,-34,254,-75,12,98,-11,-95,87,409,392,-15,-10,-10,-24,9,10,5,3
-120,-46,288,-80,13,90,220,582,-120,-218,-54,-35,9,-9,-9,9,10,5,3
258,-241,-189,-88,8,78,152,627,-148,-183,-26,-58,27,-18,19,9,10,5,3
251,-234,-193,-207,-353,-37,79,649,-176,-149,-8,-76,261,59,-9,9,10,5,3
246,-223,-205,-222,-363,-22,-2,656,-207,-121,7,-82,248,62,0,9,10,5,3
250,-216,-225,-233,-369,1,-94,657,-240,-102,22,-91,238,62,5,9,10,5,3
260,-218,-243,-237,-371,29,221,188,37,30,-141,-94,224,62,15,9,10,5,3
-340,352,52,-235,-369,54,212,83,63,96,-270,-71,216,61,35,9,10,5,3
-349,337,69,123,-88,18,185,-1,84,194,-347,-54,-44,46,-20,9,10,5,3
-356,308,86,140,-76,24,151,-47,110,298,-325,-74,-50,45,-26,9,10,5,3
-357,271,101,158,-57,22,116,-70,110,388,-221,-116,-60,46,-28,9,10,5,3
-352,238,113,171,-36,12,339,-88,156,-491,-380,160,-73,53,-32,9,10,5,3
206,-9,153,178,-18,3,424,-107,169,-379,-526,193,-86,61,-35,9,10,5,3
237,-25,132,287,-255,146,519,-134,191,-198,-707,283,-113,279,114,9,10,5,3
272,-46,106,326,-275,158,569,-162,209,84,-823,353,-118,290,140,9,10,5,3
299,-54,92,357,-280,165,568,-211,207,170,-849,295,-113,285,156,9,10,5,3
86,237,-245,381,-270,163,739,-373,100,-26,-61,-136,-107,272,158,9,10,5,3
61,239,-256,420,-40,129,744,-324,119,-72,-93,-130,-143,198,120,9,10,5,3
35,240,-260,426,-19,145,649,-325,148,-118,-127,-108,-150,184,140,9,10,5,3
7,239,-266,424,4,161,529,-320,175,-152,-155,-78,-157,162,158,9,10,5,3
-24,232,-268,414,35,174,413,-285,176,-179,-176,-57,-162,137,170,9,10,5,3
-23,-239,104,394,71,184,4,182,43,-559,-419,-256,-162,111,168,9,10,5,3
-7,-211,91,-23,117,25,5,193,58,-526,-460,-222,43,-47,12,9,10,5,3
8,-179,80,-14,94,42,14,189,65,-491,-497,-185,51,-37,22,9,10,5,3
19,-145,70,-4,72,59,11,178,72,-453,-518,-156,61,-26,30,9,10,5,3
24,-110,64,5,50,75,-4,161,67,-401,-526,-137,60,-20,35,9,10,5,3
-177,97,45,16,30,89,-510,-321,324,158,547,-24,56,-10,38,9,10,5,3
-171,83,49,147,421,218,-531,-419,262,184,455,-11,-245,-228,121,9,10,5,3
-156,80,50,114,420,207,-528,-520,188,201,407,8,-240,-227,109,9,10,5,3
-141,92,42,75,418,186,-517,-622,112,216,358,24,-235,-220,94,9,10,5,3
-127,114,30,37,415,161,-503,-716,18,220,302,29,-235,-212,69,9,10,5,3
-120,66,264,5,412,133,32,-412,184,107,-174,-49,-242,-196,40,9,10,5,3
-121,34,264,-181,39,9,-6,-317,142,59,-156,-68,202,-28,48,9,10,5,3
-129,-25,249,-167,38,11,-56,-243,44,21,-120,-72,198,-36,28,9,10,5,3
-123,-99,220,-156,28,14,-151,-234,4,11,-86,-17,198,-50,-2,9,10,5,3
211,-114,-125,-140,13,20,-120,76,62,488,-136,136,198,-60,-30,9,10,5,3
185,-110,-87,-123,0,29,-118,37,66,555,9,155,199,-70,-54,9,10,5,3
155,-102,-49,-41,86,195,-104,0,77,628,165,148,-45,-74,129,9,10,5,3
123,-87,-9,-43,95,202,-75,-33,82,681,295,157,-49,-112,119,9,10,5,3
86,-65,35,-49,110,206,-42,-55,85,668,355,178,-46,-138,86,9,10,5,3
-47,-354,-72,-57,129,201,514,685,-178,-78,42,-78,-31,-150,43,9,10,5,3
-33,-352,-101,-70,153,184,354,781,-125,-36,48,-100,-5,-154,3,9,10,5,3
-21,-335,-126,-421,104,39,137,842,-101,1,40,-121,160,-118,-5,9,10,5,3
-9,-306,-141,-419,72,59,-114,880,-74,23,28,-139,127,-117,125,9,10,5,3
-1,-273,-138,-407,35,75,-374,879,-55,26,17,-152,120,-81,139,9,10,5,3
                                                                                                                                                                                                                                                                                                                                                                                                                                                                                                                                                                                                                                                                                                                                                                                                                                                                                                                                                                                                                                                                                                                                                                                                                                                                                                                                                                                                                                                                                                                                                                                                                                                                                                                                                                                                                                                                                                                                                                                                                                                                                                                                                                                                                                                                                                                                                                                                                                                                                                                                                                                                                                                                                                                                                                                                                                                                                                                                                                                                                                                                                                                                                                                                