40,-67,-80,41,-31,6,-128,87,-14,125,59,-27,40,7,19,9,10,5,3
50,-77,-81,76,-53,8,-111,122,-8,87,45,-31,42,-9,18,9,10,5,3
59,-84,-80,106,-74,11,-84,152,7,41,27,-34,37,-22,15,9,10,5,3
-3653,1172,110,127,-90,14,-62,171,26,16,1,-24,27,-35,10,9,10,5,3
52,-153,-9,202,-78,-46,-152,121,62,309,-82,-60,-123,-90,20,9,10,5,3
58,-148,-16,203,-87,-41,-145,124,66,307,-94,-63,-116,-86,20,9,10,5,3
66,-145,-20,204,-96,-36,-137,124,62,287,-104,-62,-114,-81,21,9,10,5,3
72,-142,-24,204,-104,-32,-125,124,59,264,-101,-61,-117,-74,22,9,10,5,3
35,-78,-31,123,-13,-17,-125,111,63,-284,74,-43,-87,-58,34,9,10,5,3
30,-75,-31,125,-10,-11,-117,119,56,-216,15,-45,-69,-59,31,9,10,5,3
26,-69,-27,125,-10,-9,-109,132,47,-134,-49,-59,-51,-59,25,9,10,5,3
26,-63,-24,122,-8,-14,-105,130,45,-53,-88,-64,-38,-56,16,9,10,5,3
-79,0,-34,36,26,-36,-67,43,98,84,-58,-29,-65,-13,9,9,10,5,3
-76,-6,-35,46,25,-29,-74,28,91,57,-77,-28,-57,-7,12,9,10,5,3
-71,-14,-35,50,22,-21,-79,17,81,25,-87,-36,-46,-3,18,9,10,5,3
-64,-23,-33,51,17,-12,-73,23,77,1,-94,-39,-38,1,24,9,10,5,3
-55,-32,-30,49,9,-5,-64,45,74,-13,-93,-39,-32,7,31,9,10,5,3
-10,11,-31,83,10,-11,-86,37,85,-122,23,-118,-103,-7,28,9,10,5,3
-3,12,-31,92,5,-13,-84,39,77,-105,52,-113,-84,-6,21,9,10,5,3
3,14,-33,98,-1,-15,-80,40,77,-89,55,-110,-73,-3,17,9,10,5,3
9,13,-32,100,-7,-18,-85,39,83,-74,38,-106,-67,-1,14,9,10,5,3
-6,-21,16,13,-7,-5,-29,62,88,80,9,-15,-88,2,19,9,10,5,3
-6,-24,11,5,-12,-8,-21,62,97,76,-2,-17,-92,3,14,9,10,5,3
-8,-25,6,-2,-17,-9,-16,54,98,73,-9,-23,-101,2,10,9,10,5,3
-13,-24,1,-10,-20,-10,-18,42,91,68,-20,-28,-113,0,5,9,10,5,3
-20,-21,-2,-16,-21,-10,-26,37,84,64,-22,-18,-125,-4,1,9,10,5,3
48,-65,-28,88,-39,-29,11,11,80,-85,128,-52,-254,-26,4,9,10,5,3
50,-67,-26,99,-45,-26,-1,-11,84,-53,154,-49,-254,-26,7,9,10,5,3
51,-68,-24,111,-51,-22,-8,-20,85,-16,148,-53,-256,-25,9,9,10,5,3
53,-70,-23,119,-57,-18,-6,-12,91,21,107,-50,-259,-22,12,9,10,5,3
-17,-44,1,215,-63,1527,-48,-9,87,216,-131,-4,-262,4,19,9,10,5,3
-22,-43,1,70,-28,-14,-59,-7,81,204,-134,-18,-272,6,23,9,10,5,3
-28,-43,1,69,-34,-20,-61,9,82,189,-127,-29,-277,7,26,9,10,5,3
-33,-45,0,67,-39,-26,-44,31,80,179,-110,-34,-277,7,27,9,10,5,3
65,-55,-21,64,-43,-30,-13,-3,97,34,13,-65,-222,21,0,9,10,5,3
67,-52,-20,54,-32,-22,-20,-6,90,13,30,-70,-212,21,-1,9,10,5,3
69,-50,-20,50,-30,-18,-25,-1,86,-13,53,-73,-198,20,-2,9,10,5,3
71,-47,-20,43,-25,-13,-24,5,84,-39,76,-73,-183,20,-1,9,10,5,3
-34,34,-37,35,-19,-7,38,117,33,-34,-17,-100,-129,29,-72,9,10,5,3
-33,36,-51,1004,252,1205,2,82,89,-26,-20,-95,-146,33,-77,9,10,5,3
-34,37,-69,-4,2,54,-45,24,134,-8,-25,-81,-163,34,-71,9,10,5,3
-36,36,-87,-15,-2,52,-92,-36,137,10,-22,-57,-177,32,-58,9,10,5,3
-37,5,-22,-25,-4,45,-74,-5,81,-96,-113,-101,-122,63,33,9,10,5,3
-44,11,-19,-35,-4,34,-77,12,81,-79,-95,-104,-111,73,30,9,10,5,3
-52,17,-15,-156,-2,20,-69,24,86,-77,-80,-114,-102,82,26,9,10,5,3
-61,23,-13,-155,6,23,-62,27,83,-82,-75,-118,-93,87,21,9,10,5,3
-70,31,-13,-150,16,22,-57,24,79,-81,-73,-117,-88,91,17,9,10,5,3
3,8,26,-141,29,21,-62,-16,90,6,-127,-16,-227,8,31,9,10,5,3
6,9,21,35,-9,-21,0,-6,68,-9,-151,-15,-208,10,27,9,10,5,3
9,11,14,25,-11,-21,0,16,55,-17,-135,-21,-188,14,21,9,10,5,3
12,12,7,12,-11,-19,-10,48,44,-13,-79,-39,-172,19,14,9,10,5,3
129,-140,7,-1,-9,-18,-22,81,40,-11,7,-67,-161,24,8,9,10,5,3
147,-134,-3,-15,-6,-19,-30,110,42,124,36,-75,-199,22,21,9,10,5,3
162,-127,-15,7,-86,7,-95,-30,81,226,68,-101,-196,23,19,9,10,5,3
173,-118,-26,-25,-74,18,-79,-26,77,308,73,-125,-194,26,14,9,10,5,3
180,-108,-36,-55,-62,27,-57,-9,73,327,43,-129,-192,30,8,9,10,5,3
-62,11,-40,-81,-49,33,-35,3,85,279,11,-115,-186,31,2,9,10,5,3
-56,12,-41,-102,-36,39,-12,12,104,47,-21,-62,-194,24,-31,9,10,5,3
-50,14,-42,-19,-20,-50,-10,-11,75,40,-28,-56,-199,24,-25,9,10,5,3
-45,17,-42,-15,-22,-56,-25,-42,95,34,-31,-54,-200,26,-23,9,10,5,3
-42,19,-37,-10,-22,-58,-23,-71,105,27,-36,-54,-200,29,-25,9,10,5,3
39,-111,6,-4,-19,-55,-8,-79,104,1,-37,-52,-199,31,-30,9,10,5,3
42,-112,21,1,-16,-44,11,-71,103,198,-57,-11,-309,45,-16,9,10,5,3
41,-107,36,71,-53,-40,70,50,73,142,-54,-18,-328,47,-21,9,10,5,3
40,-96,48,89,-61,-48,59,41,77,86,-45,-36,-336,48,-29,9,10,5,3
42,-83,54,104,-68,-52,44,28,80,43,-41,-55,-333,48,-39,9,10,5,3
60,8,-86,114,-71,-50,35,16,70,21,-37,-67,-320,49,-50,9,10,5,3
42,8,-80,121,-75,-46,35,17,48,119,62,-48,-195,28,68,9,10,5,3
29,8,-59,-67,65,66,-104,47,93,164,55,-28,-168,38,72,9,10,5,3
22,5,-24,-74,58,46,-114,33,91,208,58,-8,-146,46,71,9,10,5,3
18,2,17,-77,53,24,-113,10,86,235,75,2,-126,47,67,9,10,5,3
-157,57,-52,-75,50,4,-108,-12,76,230,104,2,-106,43,62,9,10,5,3
-159,49,-51,-73,54,-13,-97,-32,66,-160,-384,5,-124,84,72,9,10,5,3
-158,41,-48,-101,44,7,-56,-7,78,-98,-340,11,-89,113,66,9,10,5,3
-158,34,-44,-95,40,-2,-54,15,78,-42,-279,6,-94,115,66,9,10,5,3
-78,28,-57,-90,38,-12,-58,28,87,-20,-207,-7,-100,114,64,9,10,5,3
-71,31,-59,-90,38,-21,-65,27,98,-154,-63,-31,-107,111,63,9,10,5,3
-64,36,-64,-72,30,-23,34,93,88,-143,-54,-25,-91,34,37,9,10,5,3
-57,41,-69,-79,35,-22,58,88,82,-135,-41,-8,-94,26,26,9,10,5,3
-51,43,-72,-90,40,-25,75,79,76,-129,-31,6,-102,19,11,9,10,5,3
75,30,41,-102,47,-35,76,68,77,225,0,-83,-113,12,-5,9,10,5,3
90,27,49,-112,55,-51,65,56,82,207,46,-88,-124,6,-23,9,10,5,3
102,23,53,70,-5,51,10,106,60,193,86,-89,-304,-10,36,9,10,5,3
111,20,53,72,-2,48,-3,85,53,204,85,-82,-291,-13,26,9,10,5,3
117,18,48,73,-2,40,-19,70,46,227,69,-73,-283,-14,14,9,10,5,3
87,-68,-42,71,-3,25,-20,60,48,79,-38,-55,-281,-12,0,9,10,5,3
90,-76,-39,68,-4,10,6,56,37,79,-20,-53,-284,-10,-11,9,10,5,3
92,-83,-34,77,-104,-10,1,-6,94,87,-6,-59,-351,41,-25,9,10,5,3
91,-90,-28,81,-101,-5,20,-2,84,108,-16,-62,-343,39,-19,9,10,5,3
90,-95,-22,83,-99,0,59,9,69,146,-35,-62,-328,32,-16,9,10,5,3
117,-70,28,84,-98,7,104,25,52,38,-7,-23,-311,22,-18,9,10,5,3
118,-62,12,82,-96,11,145,37,36,39,0,-35,-294,12,-24,9,10,5,3
119,-54,-2,9,65,-43,39,27,76,36,6,-52,-159,23,27,9,10,5,3
117,-47,-15,0,77,-42,39,8,92,16,21,-61,-174,20,49,9,10,5,3
114,-39,-26,-8,88,-39,29,-3,107,-19,34,-68,-160,16,43,9,10,5,3
-23,61,-27,-15,96,-34,21,0,99,-33,172,-124,-147,13,37,9,10,5,3
-24,64,-26,-87,59,-34,-2,-13,92,-26,194,-127,-137,12,31,9,10,5,3
-26,68,-25,-87,60,-43,-20,-14,93,-34,166,-127,-100,64,10,9,10,5,3
-28,71,-23,-87,60,-51,-32,-17,87,-54,108,-121,-98,65,11,9,10,5,3
-113,15,-17,-89,60,-55,-40,-23,80,-8,-77,0,-95,66,12,9,10,5,3
-113,14,-21,-94,60,-55,-48,-23,74,-70,-134,-16,-92,69,13,9,10,5,3
-114,17,-24,0,81,-4,-61,10,89,-123,-199,-26,-93,73,16,9,10,5,3
-116,22,-24,11,76,-4,-57,10,89,-142,-256,-15,-138,39,57,9,10,5,3
-117,23,-23,21,68,-6,-61,4,91,-130,-288,0,-130,40,56,9,10,5,3
-70,32,-41,29,60,-9,-65,-3,93,-65,75,-55,-128,42,54,9,10,5,3
-55,16,-54,34,52,-7,-68,-9,91,-43,87,-62,-128,43,53,9,10,5,3
-44,19,-51,27,-10,-22,4,-22,132,-19,91,-69,-133,40,54,9,10,5,3
-31,21,-48,25,-19,-15,-24,-61,134,6,97,-74,-121,8,-8,9,10,5,3
-17,25,-46,21,-28,-6,-59,-111,122,41,105,-83,-137,6,6,9,10,5,3
-4,29,-46,17,-34,2,-98,-176,97,-35,151,-42,-158,2,20,9,10,5,3
-38,20,-49,13,-40,7,-151,-224,70,-9,168,-60,-180,0,31,9,10,5,3
-25,22,-61,51,-44,29,72,9,83,21,162,-77,-198,-6,40,9,10,5,3
-10,24,-71,63,-59,28,83,4,75,47,146,-75,-314,-5,-54,9,10,5,3
3,24,-79,75,-74,25,79,4,61,69,124,-71,-380,56,-10,9,10,5,3
16,25,-85,86,-87,18,56,0,52,410,-63,-54,-365,59,0,9,10,5,3
37,-102,-20,96,-99,6,20,-1,49,286,-57,-42,-346,58,13,9,10,5,3
38,-99,-35,16,-73,-17,153,132,43,125,-51,1,-328,54,27,9,10,5,3
41,-94,-47,8,-76,-30,145,107,51,12,-63,36,-317,53,38,9,10,5,3
42,-86,-57,1,-78,-44,141,85,52,-16,-90,37,-284,42,-61,9,10,5,3
42,-76,-62,-3,-76,-59,142,81,39,-64,29,-9,-276,37,-48,9,10,5,3
137,-59,87,-8,-70,-71,142,88,22,-80,31,4,-264,32,-35,9,10,5,3
134,-53,77,91,53,-47,-43,41,94,-98,29,26,-250,25,-25,9,10,5,3
130,-45,62,93,69,-53,-17,23,100,-104,17,36,-240,20,-15,9,10,5,3
123,-35,47,94,84,-59,3,-1,101,-92,2,29,-36,13,-13,9,10,5,3
112,-23,33,93,97,-62,29,-28,94,25,166,-38,-17,14,-7,9,10,5,3
-98,-2,8,89,108,-64,55,-56,92,-66,21,-43,-7,23,-4,9,10,5,3
-115,-5,-1,-161,89,-21,-34,39,89,-95,-10,-39,-1,36,-2,9,10,5,3
-132,-3,-11,-165,78,-11,-42,53,91,-113,-61,-37,-1,48,-1,9,10,5,3
-150,2,-22,-171,66,2,-47,61,89,-119,-129,-37,-64,160,74,9,10,5,3
-167,10,-33,-178,54,21,-48,60,90,-101,-189,-31,-58,146,62,9,10,5,3
-58,37,28,-185,42,42,-49,43,101,-296,16,-144,-64,129,46,9,10,5,3
-44,38,41,26,41,-6,11,-4,65,-243,-90,-19,-77,110,31,9,10,5,3
-28,37,47,46,33,-15,22,28,80,-272,-40,-43,2906,1599,-3770,9,10,5,3
-10,35,44,65,24,-21,36,39,99,-279,44,-61,-134,39,10,9,10,5,3
0,75,-68,84,17,-26,42,29,110,-248,117,-61,-121,47,8,9,10,5,3
-26,78,-60,-170,92,-34,45,-28,95,-80,5,-71,-107,53,4,9,10,5,3
-51,78,-48,-168,117,-33,46,-59,105,-70,63,-78,-96,55,-2,9,10,5,3
-69,72,-37,-156,137,-32,43,-75,98,-45,110,-73,-195,-6,68,9,10,5,3
-3099,1260,-3707,-135,147,-24,37,-93,88,-14,130,-68,-207,-2,62,9,10,5,3
56,-53,-84,83,-70,43,-8,32,61,39,60,-31,-222,0,56,9,10,5,3
44,-58,-81,86,-73,51,10,42,62,141,44,-32,-233,3,47,9,10,5,3
36,-60,-78,85,-77,55,20,44,57,257,8,-46,-423,4,-131,9,10,5,3
33,-60,-73,80,-79,53,36,49,49,345,-18,-67,-423,8,-113,9,10,5,3
158,-125,114,81,-136,139,-76,-96,97,66,29,-20,-413,14,-91,9,10,5,3
170,-125,109,57,-131,125,-109,-62,83,13,9,-25,-393,17,-67,9,10,5,3
179,-120,101,34,-126,96,-114,-33,73,-26,-14,-25,-1437,-2483,2221,9,10,5,3
182,-114,90,14,-120,57,-104,0,63,-43,-30,-30,-178,41,31,9,10,5,3
-58,19,-11,-196,29,98,-15,-26,67,-2,-9,-31,-180,30,24,9,10,5,3
-41,21,3,-178,24,103,-8,-9,74,0,11,-36,-182,20,17,9,10,5,3
-27,26,9,-154,18,98,-5,-5,84,-1,37,-41,-187,13,10,9,10,5,3
-16,31,10,-125,10,86,-5,-7,89,2,55,-39,-171,40,-13,9,10,5,3
-8,35,5,-97,3,71,-12,-14,89,10,55,-21,-171,40,-19,9,10,5,3
-48,52,-38,-5,22,-47,-18,-50,99,-90,-212,-14,-169,42,-25,9,10,5,3
-47,57,-27,3,24,-30,-30,-67,88,-52,-230,12,-165,43,-32,9,10,5,3
-44,62,-15,11,28,-13,-40,-64,85,-48,-259,15,-130,59,9,9,10,5,3
-39,66,-5,16,33,0,-49,-56,91,-68,-277,0,-112,63,-1,9,10,5,3
-88,23,0,-96,28,31,25,6,102,-139,-11,-29,-100,63,-15,9,10,5,3
-95,23,-3,-98,24,43,19,51,81,-146,48,-15,-94,61,-28,9,10,5,3
-99,22,-7,-99,20,51,18,32,84,-124,103,-6,-1855,-583,-302,9,10,5,3
-98,23,-11,-103,19,55,18,19,89,-79,146,5,-182,-1,-38,9,10,5,3
24,0,49,6,4,3,28,18,92,-25,175,14,-189,-4,-33,9,10,5,3
24,-8,52,6,4,0,40,20,90,97,-27,-43,-195,-5,-25,9,10,5,3
23,-14,51,6,4,-3,18,9,87,95,-28,-48,-201,-6,-15,9,10,5,3
20,-20,48,6,7,-5,14,-4,95,88,-16,-46,-203,-6,-5,9,10,5,3
16,-24,43,6,10,-5,21,-10,103,72,-5,-40,-254,14,8,9,10,5,3
23,-68,-52,66,-46,-37,34,-10,102,41,1,-26,-263,18,4,9,10,5,3
23,-68,-59,79,-49,-39,47,-10,95,117,99,-116,-276,19,0,9,10,5,3
23,-71,-61,92,-53,-37,0,-30,91,100,88,-108,-293,21,-6,9,10,5,3
27,-75,-59,102,-57,-32,6,-7,78,101,53,-92,-309,23,-14,9,10,5,3
33,-80,-53,109,-61,-25,18,12,73,108,15,-67,-216,30,-14,9,10,5,3
-6,20,-8,-6,11,-7,24,22,78,123,-11,-53,-200,25,-13,9,10,5,3
-12,21,-1,-17,16,0,13,7,88,-41,-71,0,-187,22,-11,9,10,5,3
-14,20,4,-28,22,7,27,17,91,-52,-132,27,-179,26,-10,9,10,5,3
-15,20,7,-38,29,11,33,14,93,-89,-223,46,-177,34,-11,9,10,5,3
-16,19,8,-48,34,14,33,9,90,-132,-301,66,-176,17,12,9,10,5,3
-34,38,57,8,62,50,36,5,74,-206,-196,20,-177,21,28,9,10,5,3
-31,37,46,0,70,53,51,16,46,-40,-27,-34,-175,26,37,9,10,5,3
-25,35,37,-10,77,48,11,-9,92,-43,-27,-61,-176,30,42,9,10,5,3
-17,32,29,-15,81,38,7,18,100,-38,-20,-75,-180,31,45,9,10,5,3
-10,29,21,-15,82,25,-3,34,96,-53,-25,-92,-120,74,-20,9,10,5,3
-127,30,-120,-118,37,-43,-14,36,85,-66,-21,-105,-136,70,0,9,10,5,3
-124,35,-110,-101,37,-37,-21,36,76,-29,-144,101,-145,63,6,9,10,5,3
-123,42,-97,-87,37,-29,-98,-71,118,-6,-285,135,-156,55,14,9,10,5,3
-124,50,-83,-72,43,-24,-107,-48,110,4,-361,121,-165,44,26,9,10,5,3
-125,59,-66,-61,50,-21,-106,-31,108,6,-367,74,-174,32,37,9,10,5,3
-110,39,-146,-105,26,-124,-104,-14,119,1,-344,24,-145,15,-101,9,10,5,3
-120,46,-160,-98,33,-127,-101,3,121,127,187,-106,-153,15,-103,9,10,5,3
-129,55,-167,-91,40,-126,-13,-72,86,106,175,-110,-158,13,-93,9,10,5,3
-135,64,-166,-83,46,-118,-35,-80,82,68,142,-100,-166,12,-80,9,10,5,3
-138,72,-155,-74,53,-103,-58,-86,77,27,102,-74,-174,9,-62,9,10,5,3
21,-26,31,8,2,9,-68,-83,74,126,-18,-6,-251,-22,3,9,10,5,3
15,-21,19,5,1,-21,-9,3,59,115,-40,-4,-264,-16,-14,9,10,5,3
11,-17,7,19,-6,-20,-8,9,53,94,-46,-12,-277,-9,-31,9,10,5,3
7,-11,-6,33,-15,-17,-4,25,51,70,-43,-32,-287,-6,-43,9,10,5,3
52,-98,15,46,-27,-14,2,38,57,-125,23,-14,-290,31,-12,9,10,5,3
44,-91,15,43,-76,-8,3,-29,90,-157,-2,-1,-283,30,-18,9,10,5,3
38,-86,14,35,-73,0,2,-42,91,-154,-23,-8,-277,29,-25,9,10,5,3
33,-80,10,25,-70,11,-4,-51,85,-119,-33,-31,-273,28,-28,9,10,5,3
31,-77,2,15,-67,23,-7,-49,76,-71,-32,-59,-271,27,-26,9,10,5,3
64,-56,5,3,-63,30,-1,-30,64,130,-39,-10,-284,34,6,9,10,5,3
67,-59,7,57,-35,-1,23,6,81,114,-17,-3,-283,34,9,9,10,5,3
67,-59,10,55,-33,0,19,10,81,91,-10,0,-275,32,12,9,10,5,3
65,-57,11,50,-27,0,9,5,87,65,-14,-1,-263,30,14,9,10,5,3
29,33,-33,40,-18,0,-2,-1,91,-170,89,-97,-181,35,0,9,10,5,3
28,35,-35,27,-10,0,-9,-2,87,-187,33,-70,-186,38,-5,9,10,5,3
26,37,-37,10,55,-57,-13,-131,124,-182,-72,-42,-185,37,-8,9,10,5,3
26,38,-40,9,60,-36,6,-109,135,-159,-167,-49,-178,33,-11,9,10,5,3
26,39,-45,5,62,-14,23,-81,132,-118,-200,-80,-166,28,-18,9,10,5,3
-38,1,31,0,62,6,34,-64,115,-71,-4,-84,-109,59,-9,9,10,5,3
-43,7,24,-8,60,24,41,-62,101,-68,-7,-88,-107,65,-11,9,10,5,3
-48,13,18,-104,-6,22,-11,20,93,-73,-5,-86,-105,71,-12,9,10,5,3
-52,19,12,-105,-10,32,-4,26,94,-76,-15,-86,-103,75,-12,9,10,5,3
-151,63,-63,-107,-9,39,6,32,99,-93,15,-52,-185,-2,42,9,10,5,3
-158,62,-66,-109,-6,43,19,40,109,-115,24,-61,-176,-6,35,9,10,5,3
-165,59,-69,-117,124,-57,-47,19,89,-115,26,-57,-169,-9,29,9,10,5,3
-173,55,-71,-114,113,-46,45,44,78,-106,29,-51,-167,-9,23,9,10,5,3
126,49,14,-109,103,-35,62,55,89,-161,-142,9,-162,8,44,9,10,5,3
138,56,32,-102,90,-21,77,64,99,-124,-123,15,-158,4,37,9,10,5,3
145,61,48,7,-15,-98,90,60,102,-81,-117,34,-152,3,30,9,10,5,3
152,65,57,-15,-6,-99,34,42,86,-37,-128,40,-145,2,24,9,10,5,3
158,67,60,-36,1,-95,51,42,95,-4,-150,36,-139,3,19,9,10,5,3
10,19,-35,-56,8,-84,62,31,113,-77,128,-95,-203,-15,-24,9,10,5,3
12,21,-40,-72,12,-68,64,3,129,-99,112,-83,-215,-19,-23,9,10,5,3
16,23,-45,56,-22,-12,53,-20,118,-125,71,-56,-227,-20,-20,9,10,5,3
20,24,-49,55,-28,-17,63,-3,95,-139,24,-29,-239,-18,-15,9,10,5,3
25,27,-50,53,-36,-20,49,-5,87,-129,-4,-12,-248,-15,-10,9,10,5,3
53,-80,-26,52,-44,-20,35,-10,82,253,65,-193,-275,-40,-102,9,10,5,3
49,-90,-32,126,-55,21,16,-13,79,240,18,-167,-298,-32,-107,9,10,5,3
43,-100,-36,139,-67,53,7,-4,74,262,-20,-135,-330,-19,-100,9,10,5,3
34,-110,-37,145,-79,78,-32,-14,75,282,-30,-106,-365,0,-81,9,10,5,3
28,0,-42,144,-91,93,-36,10,62,-15,17,-21,-244,4,-8,9,10,5,3
10,25,-36,-9,53,46,-19,33,60,-25,15,-19,-256,10,-5,9,10,5,3
14,28,-28,-15,50,51,2,52,66,-49,12,-7,-264,13,0,9,10,5,3
18,30,-24,-16,47,53,-84,11,68,-80,0,14,-265,11,5,9,10,5,3
26,32,-23,-13,47,50,-43,7,74,-102,0,29,-260,5,13,9,10,5,3
34,35,-24,-7,48,42,-4,6,83,-77,52,-102,-86,72,-33,9,10,5,3
-135,28,-100,-135,24,-72,20,15,98,-87,31,-110,-92,64,-40,9,10,5,3
-128,28,-88,-130,23,-62,31,21,104,-67,23,-105,-96,57,-46,9,10,5,3
-119,27,-73,-123,23,-50,-34,-18,99,-29,30,-96,-100,50,-51,9,10,5,3
-110,26,-55,-114,24,-37,-39,-27,89,15,41,-83,-103,44,-54,9,10,5,3
-99,24,-36,-106,26,-26,-37,-32,76,-82,173,42,-201,5,29,9,10,5,3
-50,40,-35,32,100,-14,-30,-35,74,-3,105,66,-211,6,33,9,10,5,3
0,50,-148,48,106,-16,-23,-29,82,26,-48,80,-223,7,37,9,10,5,3
7,58,-150,63,107,-25,-6,-58,63,-5,-237,110,-238,7,45,9,10,5,3
11,64,-142,76,102,-38,4,-63,62,-67,-383,127,-256,5,54,9,10,5,3
13,70,-125,85,93,-54,6,-72,67,-102,-198,21,-169,-10,18,9,10,5,3
16,72,-102,0,36,-73,7,-63,78,-84,-202,42,-173,-19,18,9,10,5,3
-80,36,-5,-2,29,-76,13,-30,90,-64,-189,64,-173,-24,16,9,10,5,3
-84,42,-4,-8,23,-78,1,-92,84,-53,-155,72,-170,-25,11,9,10,5,3
-87,46,0,-18,18,-79,-7,-55,85,-41,-107,66,-164,-23,5,9,10,5,3
-91,51,7,-32,15,-77,-21,-21,67,-236,94,6,-378,-33,31,9,10,5,3
-101,53,23,182,-50,66,-29,5,57,-245,47,-27,-382,-18,49,9,10,5,3
234,-38,-94,174,-83,55,-35,33,68,-220,10,-72,-382,-7,62,9,10,5,3
213,-24,-72,160,-118,44,132,5,118,-168,3,-139,-370,-2,67,9,10,5,3
185,-7,-52,140,-151,40,105,-14,107,-105,36,-218,-345,0,62,9,10,5,3
153,4,-29,115,-177,41,78,-34,89,169,-420,138,-253,-18,43,9,10,5,3
120,16,-7,32,40,-66,52,-46,74,-2,-456,182,-274,-9,46,9,10,5,3
-28,31,5,49,32,-73,30,-53,75,-60,-434,214,-297,0,44,9,10,5,3
-23,16,39,63,21,-71,-35,-17,64,-35,-376,208,-317,9,38,9,10,5,3
-14,-3,67,72,9,-62,-28,-11,69,18,-289,144,-327,11,31,9,10,5,3
-1,-26,89,75,-5,-48,-16,-16,74,-232,-45,-97,-222,1,-4,9,10,5,3
13,-53,108,54,-45,30,0,-36,87,-177,-65,-85,-234,3,3,9,10,5,3
40,-32,-2,-5,-16,27,9,-53,105,-121,-63,-62,-250,11,9,9,10,5,3
39,-19,-11,2,-10,26,0,28,23,-85,-42,-20,-263,22,10,9,10,5,3
35,-3,-13,13,-9,32,-46,0,56,-91,-2,75,-269,29,9,9,10,5,3
32,10,-13,20,-11,40,-83,-38,88,120,94,-5,-186,15,-98,9,10,5,3
31,23,-10,26,-14,36,-104,-71,105,121,121,-3,-182,3,-94,9,10,5,3
49,-39,-24,-96,33,27,-36,60,103,91,134,-8,-181,-4,-85,9,10,5,3
22,-13,-34,-43,82,169,-23,53,112,33,138,-16,-182,-5,-67,9,10,5,3
-5,14,-43,-48,102,145,-14,43,113,-162,-154,-20,-168,48,24,9,10,5,3
-36,39,-46,-54,120,113,-4,34,117,-196,-158,-48,-150,31,8,9,10,5,3
-12,-58,-75,-59,134,74,2,26,120,-219,-169,-85,-137,20,-4,9,10,5,3
13,-52,-76,-65,141,29,64,-57,95,-232,-184,-114,-135,18,-18,9,10,5,3
40,-44,-73,177,-70,-162,63,-73,94,-229,-182,-129,-142,22,-31,9,10,5,3
66,-36,-64,164,-74,-170,59,-69,93,146,171,-26,-202,16,-45,9,10,5,3
91,-27,-50,145,-73,-164,54,-57,89,165,126,-18,-205,19,-51,9,10,5,3
-127,91,-34,121,-69,-150,35,-49,80,132,62,9,-207,25,-58,9,10,5,3
-128,90,-25,95,-63,-131,-34,-23,64,79,18,31,-207,31,-66,9,10,5,3
-125,79,-22,15,14,15,-13,11,59,27,1,43,-204,36,-71,9,10,5,3
-116,62,-22,15,9,22,24,48,75,97,-14,-88,-288,47,70,9,10,5,3
-108,42,-24,13,2,31,57,71,86,21,-44,-66,-283,51,80,9,10,5,3
13,-20,-28,14,-5,38,65,65,98,-55,-67,-48,-278,57,88,9,10,5,3
9,-19,-15,15,-14,47,-57,-18,99,-122,-75,-30,-270,59,94,9,10,5,3
5,-17,-3,187,-82,-41,-72,-58,88,-155,-60,-29,-258,59,97,9,10,5,3
-1,-16,1,166,-106,-26,-67,-75,78,198,14,-133,-100,22,24,9,10,5,3
-11,-16,0,136,-132,-10,-57,-74,70,164,13,-58,-107,19,8,9,10,5,3
-104,44,34,100,-156,7,-37,-72,84,97,34,-46,-123,18,-12,9,10,5,3
-88,43,15,59,-174,24,79,93,88,30,51,-42,-144,20,-38,9,10,5,3
-69,29,-1,58,-102,-43,83,87,87,-25,53,-29,-165,21,-59,9,10,5,3
-49,9,-17,67,-104,-48,72,74,82,-70,40,-1,-381,48,-4,9,10,5,3
-32,-11,-30,81,-111,-47,42,63,72,87,-108,-72,-394,49,3,9,10,5,3
87,106,-106,101,-118,-43,-12,50,61,77,-115,-80,-394,57,7,9,10,5,3
55,115,-72,127,-126,-36,55,16,110,46,-107,-113,-382,60,15,9,10,5,3
26,125,-30,-286,126,-10,80,49,106,3,-68,-147,-357,54,27,9,10,5,3
-1,137,17,-276,123,-51,89,69,102,-43,10,-168,-130,49,-38,9,10,5,3
-35,146,68,-260,119,-88,84,71,99,-50,2,-46,-118,55,-21,9,10,5,3
-46,37,56,-242,117,-120,70,55,99,-62,-16,-30,-104,65,-6,9,10,5,3
-40,38,58,-224,115,-144,-40,21,78,-80,-33,-16,-92,79,6,9,10,5,3
-35,39,54,55,55,-78,-30,19,83,-111,-45,-20,-82,93,16,9,10,5,3
-32,38,43,56,56,-77,-22,20,86,-137,-53,-38,-291,25,31,9,10,5,3
-31,36,29,58,54,-75,-17,24,90,-123,43,-144,-287,21,28,9,10,5,3
2345,2334,-2905,60,55,-71,2428,-306,3924,-194,44,-156,-282,19,25,9,10,5,3
62,11,-25,65,55,-62,-14,17,73,-273,1,-178,-275,20,23,9,10,5,3
56,12,-37,-5,10,-16,-23,-11,84,-351,-46,-198,-265,22,20,9,10,5,3
48,14,-48,5,15,-10,-27,-30,92,-405,-69,-209,-165,53,-42,9,10,5,3
37,15,-56,15,19,-4,-19,-39,95,250,504,-100,-150,50,-37,9,10,5,3
26,16,-59,22,22,-1,0,-39,98,-34,95,0,-140,46,-36,9,10,5,3
48,-115,-3,23,25,-2,25,-3,103,-191,-298,78,-133,42,-44,9,10,5,3
56,-107,18,-38,-18,122,95,-37,99,-286,-607,107,-127,33,-57,9,10,5,3
66,-92,37,-39,-19,93,141,-49,109,-275,-690,91,-167,10,27,9,10,5,3
77,-69,45,-43,-20,60,169,-45,122,102,-30,-33,-180,5,11,9,10,5,3
82,-40,44,-45,-22,29,160,-35,119,25,0,-10,-200,11,0,9,10,5,3
52,-83,-36,-43,-19,0,20,-14,89,-5,75,-18,-225,21,-5,9,10,5,3
60,-95,-34,112,-62,-90,27,-19,83,101,118,-15,-250,33,-7,9,10,5,3
66,-104,-32,107,-77,-68,36,-7,78,305,124,8,-255,6,-11,9,10,5,3
72,-110,-28,103,-89,-37,42,20,68,87,25,-50,-260,6,-21,9,10,5,3
79,-112,-23,96,-95,-2,46,48,67,49,21,-70,-262,8,-30,9,10,5,3
-16,49,-68,85,-95,30,-66,0,46,18,25,-82,-265,11,-39,9,10,5,3
-17,42,-53,-5,15,108,-76,15,38,-7,36,-85,-267,15,-45,9,10,5,3
-14,31,-35,0,22,135,-78,40,42,-25,47,-85,-324,47,91,9,10,5,3
-9,16,-16,12,28,165,-73,75,54,-32,14,-112,-280,55,80,9,10,5,3
-1,0,0,28,30,192,-63,113,64,-31,27,-105,-232,62,63,9,10,5,3
-187,41,96,52,30,207,-14,-21,87,-26,24,-89,-183,66,40,9,10,5,3
-192,-2,100,-187,92,-62,-10,-30,83,-5,12,-66,-137,66,17,9,10,5,3
-196,-37,89,-180,80,-50,-5,-43,76,27,-6,-42,-97,49,32,9,10,5,3
-200,-63,70,-176,69,-33,-1,-52,68,-29,48,-51,-93,51,37,9,10,5,3
-207,-81,45,-174,59,-15,8,-49,73,-70,14,-61,-99,55,43,9,10,5,3
-12,122,-181,-174,52,3,-64,39,83,-113,-56,-62,-109,59,53,9,10,5,3
-8,128,-177,21,-20,-90,-59,27,65,-130,-145,-48,-117,64,66,9,10,5,3
-3,127,-171,3,-15,-70,-60,-3,54,-118,-226,-37,-179,4,-36,9,10,5,3
0,122,-160,-11,-9,-50,-54,-24,60,-119,66,45,-194,0,-34,9,10,5,3
2,113,-145,-22,-1,-35,-38,-18,68,-109,81,42,-210,-1,-28,9,10,5,3
-31,54,-15,-31,8,-24,7,170,64,-88,98,27,-224,-2,-19,9,10,5,3
-44,57,-13,-188,54,60,33,184,86,-45,125,15,-234,-2,-13,9,10,5,3
-60,57,-10,-197,75,67,38,164,104,-6,156,0,-244,-4,-5,9,10,5,3
-77,54,-5,-199,97,75,44,132,109,159,29,-111,-258,-10,-9,9,10,5,3
-92,50,0,-195,113,83,56,97,116,86,26,-87,-267,-18,-8,9,10,5,3
130,-3,-85,-183,125,87,42,-19,76,53,51,-61,-274,-22,-5,9,10,5,3
115,-2,-95,124,-121,-115,16,-17,70,42,87,-67,-273,-25,0,9,10,5,3
101,-8,-101,122,-113,-105,-24,-26,60,17,127,-83,-329,51,-36,9,10,5,3
87,-15,-105,117,-107,-91,-68,-42,63,60,-177,155,-334,49,-12,9,10,5,3
75,-26,-108,110,-103,-76,-110,-56,79,78,-206,126,-343,50,11,9,10,5,3
29,-23,-114,103,-101,-61,-37,-6,70,123,-210,59,-350,47,35,9,10,5,3
31,-16,-94,-13,-52,23,-13,3,72,184,-202,2,-354,44,56,9,10,5,3
36,-11,-73,-14,-49,17,7,7,75,240,-154,-27,-193,56,-5,9,10,5,3
42,-10,-54,-12,-45,12,15,9,72,-168,0,14,-176,54,-8,9,10,5,3
47,-11,-37,-9,-39,10,6,11,66,-221,-22,69,-161,47,-11,9,10,5,3
154,-26,134,-3,-30,11,-13,45,121,-286,-40,92,-152,40,-14,9,10,5,3
170,-19,155,84,78,-95,-32,14,115,-334,-7,50,-149,30,-20,9,10,5,3
185,-10,152,67,76,-138,-53,-11,105,-321,44,-19,77,113,-40,9,10,5,3
199,2,131,49,75,-172,-76,-35,89,110,148,-111,81,135,-30,9,10,5,3
204,19,99,29,74,-194,-100,-57,78,123,143,-132,83,154,-19,9,10,5,3
-181,17,-60,5,72,-210,-58,67,87,114,135,-148,77,174,-11,9,10,5,3
-165,42,-44,23,130,129,-46,86,98,69,112,-104,69,194,-2,9,10,5,3
-149,63,-23,58,140,109,-29,78,112,7,82,14,-213,17,9,9,10,5,3
-134,80,5,88,147,84,-19,44,120,68,356,-160,-216,15,-14,9,10,5,3
-116,96,32,114,150,53,-18,-1,112,52,510,-200,-215,14,-36,9,10,5,3
34,24,-42,137,148,14,41,-20,71,8,617,-254,-212,12,-54,9,10,5,3
33,17,-49,74,-29,-16,8,-13,73,-54,658,-307,-205,8,-67,9,10,5,3
31,11,-50,81,-30,-21,-8,0,75,-150,623,-329,-262,54,32,9,10,5,3
30,6,-45,87,-30,-25,-15,16,83,399,114,-27,-237,56,46,9,10,5,3
30,0,-34,92,-28,-29,-16,30,89,610,69,65,-208,59,51,9,10,5,3
-83,-19,-63,95,-26,-29,17,14,62,730,26,107,-180,58,45,9,10,5,3
13,-67,-53,46,-18,25,11,2,62,674,31,-12,-153,57,36,9,10,5,3
32,-71,-49,63,-36,23,34,7,67,514,-15,-96,-280,71,47,9,10,5,3
50,-74,-46,80,-57,20,71,19,69,-165,-56,88,-208,70,16,9,10,5,3
68,-74,-40,96,-80,19,105,27,64,-92,-93,27,-206,63,15,9,10,5,3
85,-75,-29,108,-101,21,-57,-20,117,180,-11,-89,-210,57,11,9,10,5,3
26,-133,119,134,-107,81,54,22,129,491,70,-197,-215,57,-3,9,10,5,3
52,-140,154,104,-113,107,122,54,139,698,37,-176,-223,53,-31,9,10,5,3
76,-145,183,74,-114,124,140,67,138,77,51,1,-170,63,24,9,10,5,3
100,-148,207,46,-107,133,135,58,139,51,50,-3,-167,70,21,9,10,5,3
124,-149,224,22,-95,132,54,0,92,8,44,-2,-165,76,19,9,10,5,3
38,19,-57,51,21,-15,53,-16,87,-47,31,-1,-166,84,18,9,10,5,3
49,15,-52,65,20,-31,55,-23,77,-96,23,-11,-167,90,17,9,10,5,3
61,12,-46,75,21,-39,56,-13,71,-40,-102,-143,-40,70,-35,9,10,5,3
68,12,-36,80,26,-33,50,11,72,-24,42,-158,-29,65,-37,9,10,5,3
-170,20,0,-174,80,-6,12,-3,79,-23,181,-157,-21,59,-34,9,10,5,3
-166,3,-14,-172,80,-21,15,10,85,-19,250,-159,-21,58,-29,9,10,5,3
-160,-9,-29,-166,76,-33,22,15,84,-178,-391,111,-158,54,74,9,10,5,3
-154,-19,-42,-161,70,-42,25,15,82,-28,-362,191,-151,50,84,9,10,5,3
-148,-25,-50,-152,62,-46,25,13,83,101,-351,270,-146,47,89,9,10,5,3
-75,27,-141,-4,53,-91,67,50,77,182,-321,303,-147,46,86,9,10,5,3
-62,35,-125,-17,36,-64,83,72,94,-47,-179,53,-145,43,60,9,10,5,3
-51,42,-102,-31,16,-30,108,68,110,1,-215,62,-132,37,52,9,10,5,3
-42,48,-74,-44,-6,6,121,36,111,38,-243,92,-117,32,40,9,10,5,3
86,-99,38,-5,-7,36,63,-202,116,53,-242,178,-104,28,25,9,10,5,3
91,-83,10,-4,-20,11,39,-211,105,-14,-269,123,-242,9,-52,9,10,5,3
92,-61,-17,0,-37,-17,8,-197,84,-40,-287,170,-280,4,-41,9,10,5,3
85,-33,-41,11,-50,-44,-27,-151,55,-42,-268,163,-306,5,-32,9,10,5,3
94,20,18,-7,-59,82,96,95,97,-16,-318,177,-320,11,-26,9,10,5,3
93,39,30,8,-63,80,130,72,104,72,-100,43,-256,77,64,9,10,5,3
85,48,36,19,-64,71,166,55,112,174,-47,-21,-261,74,59,9,10,5,3
71,49,36,24,-63,59,188,39,114,414,-2,-111,-265,71,49,9,10,5,3
115,-109,0,185,-134,-47,-490,-3277,-891,671,-78,-128,-265,64,33,9,10,5,3
125,-111,22,171,-151,-26,-59,27,61,880,-174,-41,-264,53,18,9,10,5,3
132,-113,43,152,-161,-8,-68,25,72,-141,65,-16,-291,82,30,9,10,5,3
138,-113,60,130,-165,6,-70,20,88,-161,93,-28,-277,93,48,9,10,5,3
142,-114,73,105,-160,16,-64,14,103,-168,104,-38,-256,102,64,9,10,5,3
52,-48,-57,67,12,-73,-58,2,114,-166,109,-40,-230,107,77,9,10,5,3
67,-55,-52,78,7,-62,-36,-16,21,-161,101,-29,-202,108,85,9,10,5,3
83,-54,-40,91,4,-45,-28,-7,0,136,375,-266,-28,59,-168,9,10,5,3
97,-45,-24,102,2,-27,-3,12,0,82,361,-246,-71,57,-142,9,10,5,3
111,-29,-14,109,2,-18,18,35,15,32,302,-231,-109,55,-111,9,10,5,3
39,-54,84,46,47,-68,8,35,102,-3,224,-211,-139,56,-83,9,10,5,3
49,-32,72,54,43,-74,-3,36,110,-22,147,-166,-156,57,-62,9,10,5,3
53,-8,61,59,40,-77,-28,28,110,-204,-422,213,-160,93,102,9,10,5,3
54,13,48,64,36,-76,-55,1,98,-43,-657,258,-172,96,103,9,10,5,3
54,37,32,67,30,-74,-90,-31,83,44,-793,251,-178,98,97,9,10,5,3
-77,55,-6,-83,41,29,199,56,123,61,-797,171,-180,100,82,9,10,5,3
-61,54,48,-98,31,99,252,49,134,25,-703,65,-178,97,62,9,10,5,3
-39,50,93,-107,20,164,283,50,141,153,98,-58,-169,36,-42,9,10,5,3
-18,44,128,-107,8,217,294,55,155,191,88,-34,-163,20,-71,9,10,5,3
0,36,153,-100,-6,258,272,60,160,199,62,-31,-167,14,-99,9,10,5,3
7,13,40,-48,-82,275,-84,-83,98,198,16,-43,-179,12,-116,9,10,5,3
17,-20,70,-34,-96,255,-55,-71,117,183,-47,-51,-192,5,-120,9,10,5,3
34,-57,97,-14,-96,224,-42,-59,114,-281,206,-138,-241,57,6,9,10,5,3
55,-93,117,6,-85,188,-40,-50,98,-215,185,-138,-251,71,11,9,10,5,3
81,-127,128,25,-67,143,-48,-44,91,-152,151,-110,-261,84,19,9,10,5,3
-50,10,42,-46,27,-20,67,19,55,-113,163,-99,-267,90,26,9,10,5,3
-62,4,47,-36,35,-29,48,-6,53,-71,157,-89,-268,94,32,9,10,5,3
-71,-4,45,-26,41,-38,29,-36,67,-18,-202,41,-258,45,36,9,10,5,3
-77,-13,37,-18,45,-48,21,-52,86,239,-27,-61,-243,41,43,9,10,5,3
-9,14,21,-57,20,65,-44,20,53,276,4,-67,-226,36,50,9,10,5,3
-20,16,22,-48,22,55,-22,47,54,279,13,-52,-207,33,53,9,10,5,3
-31,16,20,-39,21,47,10,71,52,252,1,-30,-192,32,53,9,10,5,3
-41,16,11,-30,20,39,45,84,48,214,-14,-6,-194,84,55,9,10,5,3
-50,15,-2,-21,19,31,71,85,50,-310,-167,-20,-249,68,69,9,10,5,3
102,-25,-86,140,-22,-26,-39,8,59,-319,-123,-55,-262,68,64,9,10,5,3
104,-19,-108,-34,-85,-72,-25,0,49,-319,-41,-86,-275,71,54,9,10,5,3
106,-15,-125,-64,-75,-86,-24,0,47,-324,1,-98,-285,72,44,9,10,5,3
109,-9,-136,-85,-57,-107,-25,11,44,7,-3,-23,-214,91,-63,9,10,5,3
38,-52,166,-100,-36,-131,51,-68,86,-187,-178,-88,-204,78,-59,9,10,5,3
58,-65,172,79,-27,1,32,-89,84,-200,-227,-88,-194,64,-55,9,10,5,3
74,-76,167,69,-30,15,6,-90,89,-207,-278,-94,-187,53,-52,9,10,5,3
86,-84,155,52,-33,26,-13,-70,100,-218,-308,-106,-165,81,-23,9,10,5,3
-34,14,-119,26,-33,30,-22,-7,87,5,-376,-14,-171,74,-34,9,10,5,3
-26,3,-124,135,-9,100,-76,-55,110,-1,-372,0,-183,61,-41,9,10,5,3
-15,-7,-125,122,-20,168,-117,-74,118,9,-324,11,-202,47,-46,9,10,5,3
-6,-19,-121,104,-31,229,-144,-74,105,16,-234,22,-57,56,-38,9,10,5,3
-246,145,-189,80,-42,280,71,0,72,74,104,-67,-61,62,-62,9,10,5,3
-271,143,-209,53,-49,310,87,-13,74,69,109,-69,-66,65,-79,9,10,5,3
-291,134,-219,-186,85,150,93,-29,83,68,108,-67,-72,65,-90,9,10,5,3
-303,121,-220,-152,74,146,94,-44,91,72,112,-62,-98,35,60,9,10,5,3
-1668,1100,3512,-114,64,127,89,-52,93,82,111,-66,-110,30,55,9,10,5,3
67,-21,-95,-78,53,102,98,129,43,-5,113,-29,-129,27,47,9,10,5,3
64,-19,-91,57,-7,-6,140,151,34,-14,101,-15,-153,26,39,9,10,5,3
62,-14,-85,77,-5,-11,208,171,25,-22,78,-5,-346,80,-88,9,10,5,3
58,-7,-74,92,-7,-12,273,177,24,-24,47,2,-325,62,-108,9,10,5,3
47,-141,70,104,-13,-12,40,-27,118,90,-56,-24,-308,44,-125,9,10,5,3
52,-130,75,-8,-38,71,65,0,124,97,-71,-15,-296,31,-139,9,10,5,3
61,-117,78,-17,-30,57,67,3,127,123,-71,-7,1570,-751,-113,9,10,5,3
72,-105,76,-22,-23,40,41,0,116,166,-47,-11,-196,62,-41,9,10,5,3
-68,26,-48,-26,-19,22,7,-55,93,-137,-67,56,-204,62,-45,9,10,5,3
-57,24,-34,-27,-14,3,0,-59,93,-106,-147,81,-212,65,-49,9,10,5,3
-46,22,-19,-94,16,23,-10,-71,100,-103,-155,85,-216,68,-49,9,10,5,3
-34,21,-5,-143,25,16,-21,-83,110,-208,-29,7,-101,66,-78,9,10,5,3
-20,21,6,-173,28,11,-28,-70,108,-298,32,-26,-109,67,-85,9,10,5,3
33,39,-46,-184,32,1,28,2,93,-143,44,-108,-116,73,-91,9,10,5,3
38,45,-22,7,5,-46,22,0,95,-111,37,-93,-121,78,-94,9,10,5,3
41,50,-1,-6,10,-57,15,-16,92,-91,7,-94,-89,93,16,9,10,5,3
42,53,15,-19,12,-66,6,-41,87,-80,-36,-87,-112,93,34,9,10,5,3
-77,41,-72,-31,13,-76,-22,85,99,-255,185,-229,-138,93,50,9,10,5,3
-65,42,-68,11,15,-39,-8,66,95,-278,153,-233,-163,94,64,9,10,5,3
-53,44,-56,11,8,-31,3,50,98,-284,97,-228,1967,249,298,9,10,5,3
-43,44,-39,7,2,-26,8,33,93,-269,40,-221,-196,74,-8,9,10,5,3
-17,20,0,0,-3,-20,20,10,83,-66,-20,48,-192,80,3,9,10,5,3
0,-22,33,-39,13,-30,30,23,90,-65,25,40,-181,82,17,9,10,5,3
2,-28,29,-43,13,-31,38,26,102,4,134,10,-171,80,27,9,10,5,3
1,-30,24,-45,13,-32,29,14,107,93,225,-10,-215,32,-17,9,10,5,3
0,-33,20,-45,11,-33,8,-2,93,179,219,-2,-222,33,-14,9,10,5,3
-3,-33,19,-43,10,-34,32,-17,85,10,76,-87,-233,34,-9,9,10,5,3
23,-50,-11,11,-10,18,27,-17,82,6,82,-91,-243,38,-5,9,10,5,3
27,-54,-14,11,-14,19,14,-15,77,-3,89,-83,-251,42,-2,9,10,5,3
28,-57,-16,10,-16,19,5,-11,75,-17,94,-78,-306,58,17,9,10,5,3
27,-58,-15,11,-18,25,4,-5,71,-30,86,-75,-318,61,10,9,10,5,3
23,-56,-13,12,-20,33,-22,-25,82,242,-2,-112,-326,64,3,9,10,5,3
3,-35,-4,-33,-6,-20,-8,-13,77,285,-7,-112,-328,67,-1,9,10,5,3
-5,-9,-47,-31,-3,-25,6,-6,73,305,1,-106,-326,70,-5,9,10,5,3
-1,-6,-55,-26,0,-27,23,-5,76,297,14,-95,-227,76,-6,9,10,5,3
3,-2,-59,-20,1,-26,39,-10,79,259,29,-70,-228,74,2,9,10,5,3
9,0,-56,-10,1,-25,-60,-20,73,-61,-16,-140,-227,67,16,9,10,5,3
15,-1,-50,2,-24,-169,-56,4,50,-8,140,-187,-230,56,35,9,10,5,3
-152,212,-200,-14,-16,-179,-30,37,29,36,279,-235,-240,48,55,9,10,5,3
-162,191,-195,-29,-8,-184,8,64,12,43,353,-259,-98,46,0,9,10,5,3
-167,167,-179,-39,2,-183,41,77,6,11,344,-257,-54,95,64,9,10,5,3
-167,140,-153,-47,17,-178,-92,-30,103,-612,-34,-191,-55,104,67,9,10,5,3
-166,111,-122,-73,58,87,-164,-31,95,-586,78,-112,-54,111,69,9,10,5,3
11,13,-132,-70,53,58,-220,-24,95,-451,82,11,-56,121,67,9,10,5,3
22,22,-123,-65,47,22,-241,-9,94,-184,36,79,-54,125,66,9,10,5,3
28,34,-112,-57,42,-12,-227,5,84,81,-1,90,-192,69,0,9,10,5,3
30,50,-102,-42,38,-47,-20,26,84,-212,-19,-21,-178,67,-5,9,10,5,3
28,67,-94,-85,2,-20,-18,28,79,-178,23,6,-161,69,-7,9,10,5,3
-59,42,-11,-76,10,-20,-25,23,79,-140,47,14,-144,73,-10,9,10,5,3
-62,39,-23,-66,21,-15,-32,12,78,-105,79,10,-129,77,-10,9,10,5,3
-65,35,-30,-59,29,-9,-40,9,72,-84,93,0,-226,37,-5,9,10,5,3
-64,31,-36,-55,35,-13,9,20,90,-5,94,-8,-225,40,3,9,10,5,3
-60,27,-43,49,-39,29,5,16,88,174,164,-121,-228,43,11,9,10,5,3
26,-79,21,49,-43,32,-1,6,87,221,177,-130,-233,46,15,9,10,5,3
23,-77,28,47,-45,34,0,-1,93,262,179,-123,-314,82,-19,9,10,5,3
18,-73,34,44,-45,35,45,14,66,290,174,-118,-325,90,-39,9,10,5,3
14,-71,41,39,-43,34,40,0,62,314,163,-104,-338,97,-54,9,10,5,3
15,-75,49,23,-42,35,37,-13,62,150,91,-63,-351,101,-62,9,10,5,3
36,-51,42,24,-37,35,33,-19,63,99,108,-42,-362,106,-66,9,10,5,3
33,-44,42,25,-35,33,34,-25,69,60,113,-32,-146,67,9,9,10,5,3
30,-37,39,27,-34,32,-29,43,70,37,112,-39,-92,81,19,9,10,5,3
27,-30,36,30,-33,34,-31,41,71,24,109,-49,-87,87,19,9,10,5,3
23,-23,33,-44,16,-28,-34,33,69,-156,225,-83,-84,91,19,9,10,5,3
16,36,-82,-38,15,-26,-35,22,67,-212,150,-62,-85,95,17,9,10,5,3
17,29,-95,-33,13,-27,25,-17,122,-227,59,-53,-209,80,-10,9,10,5,3
19,24,-106,-28,10,-33,38,1,117,-201,-24,-45,-196,83,-3,9,10,5,3
20,19,-109,-4,35,5,38,8,109,-137,-476,-56,-180,88,1,9,10,5,3
-78,53,0,-9,37,-3,23,5,104,-129,-526,-65,-164,94,5,9,10,5,3
-88,58,0,-13,38,-10,-79,46,76,-128,-558,-73,-153,104,34,9,10,5,3
-99,62,2,-17,40,-15,-66,73,96,-136,-504,-82,-279,49,7,9,10,5,3
-111,63,3,148,-1,-38,-56,89,112,-181,-179,-44,-272,48,-2,9,10,5,3
57,75,49,144,-14,-41,-51,88,110,-183,-192,-38,-260,47,-10,9,10,5,3
42,70,38,137,-21,-43,2947,2717,-2002,-180,-191,-29,-239,43,-13,9,10,5,3
26,64,24,126,-24,-46,-47,-88,45,-157,-184,-1,-218,44,-10,9,10,5,3
7,58,10,110,-23,-49,-80,-54,47,-101,-181,35,-223,19,-27,9,10,5,3
-12,55,0,-69,42,155,-97,2,54,-258,150,-135,-238,22,-10,9,10,5,3
113,67,-28,-47,28,154,-99,51,62,-37,-38,-55,-250,27,12,9,10,5,3
108,68,-36,-24,11,143,18,10,83,-29,-41,-64,-256,36,38,9,10,5,3
101,70,-46,-4,-4,122,40,22,77,-19,-43,-67,-220,51,-26,9,10,5,3
90,70,-59,-42,47,-1,50,27,76,-9,-36,-76,-227,52,-26,9,10,5,3
77,69,-73,-31,39,-4,50,26,78,-4,-19,-86,-230,53,-23,9,10,5,3
39,-42,-9,-19,32,-4,50,21,82,210,-173,-22,-230,51,-18,9,10,5,3
41,-45,-26,-6,28,-6,30,-20,81,223,-143,-50,-226,48,-14,9,10,5,3
43,-47,-39,5,25,-8,31,-14,77,260,-110,-71,-287,90,-31,9,10,5,3
47,-48,-50,60,-71,-18,28,-2,75,297,-81,-78,-285,88,-38,9,10,5,3
52,-48,-56,62,-73,-21,22,2,81,303,-56,-92,-283,83,-46,9,10,5,3
130,-80,-27,68,-72,-20,14,3,89,-234,67,-44,-282,80,-55,9,10,5,3
137,-73,-26,77,-69,-15,0,20,86,-251,109,-64,-145,51,19,9,10,5,3
142,-67,-20,86,-64,-7,1,13,80,-261,235,-127,-122,53,12,9,10,5,3
147,-60,-10,-59,48,-79,1,8,72,-273,369,-190,-104,59,3,9,10,5,3
-2618,-1753,500,-62,44,-79,-3,8,68,-283,400,-183,-90,67,-4,9,10,5,3
-99,80,51,-63,41,-75,-11,9,68,-222,-236,75,-82,74,-9,9,10,5,3
-107,71,59,-65,37,-64,-13,-4,109,-205,-232,85,-182,54,44,9,10,5,3
-116,65,62,-68,33,-47,-23,-10,110,-175,-173,51,-209,65,44,9,10,5,3
-128,62,63,-34,68,-50,-51,-23,100,-189,-105,1,-226,71,48,9,10,5,3
-141,62,64,-18,56,-45,-87,-31,95,-255,-99,-28,-238,78,55,9,10,5,3
109,53,8,0,43,-39,-113,-20,95,-149,-156,-121,-246,87,59,9,10,5,3
108,37,18,18,31,-35,7,54,72,-162,-156,-108,-178,82,-11,9,10,5,3
103,25,24,36,18,-31,18,65,77,-158,-146,-89,-182,81,-16,9,10,5,3
94,13,25,-61,-25,-72,24,62,82,-149,-132,-74,-186,83,-22,9,10,5,3
85,3,24,-73,-28,-80,29,36,93,-142,-118,-70,-191,84,-27,9,10,5,3
-65,6,63,-82,-33,-81,29,3,106,0,161,-82,-195,84,-29,9,10,5,3
-57,-28,43,-90,-36,-81,-2,3,58,-34,137,-70,-322,126,-9,9,10,5,3
-46,-61,26,-99,-35,-81,7,7,50,-52,101,-80,-319,129,-9,9,10,5,3
-33,-92,10,86,-194,52,30,-1,79,-59,78,-79,-315,129,-11,9,10,5,3
-19,-118,-5,68,-183,62,31,-1,76,-47,74,-70,-309,128,-13,9,10,5,3
-49,-37,-4,54,-167,68,32,-9,77,164,0,-66,-302,90,-127,9,10,5,3
-62,-28,-22,44,-151,72,-71,27,81,194,-23,-79,-238,94,37,9,10,5,3
-72,-24,-36,31,-134,71,-31,49,79,238,-62,-89,-209,78,42,9,10,5,3
-83,-25,-43,2,-2,-38,-10,60,72,314,-105,-92,-187,61,45,9,10,5,3
-95,-27,-37,22,-10,-39,16,52,71,412,-148,-103,-175,49,45,9,10,5,3
66,-86,16,39,-16,-40,44,44,77,32,74,20,-174,44,41,9,10,5,3
69,-81,22,52,-18,-41,-53,52,79,26,74,25,-178,92,52,9,10,5,3
71,-73,26,62,-22,-44,-39,77,73,12,78,31,-177,92,60,9,10,5,3
71,-63,29,114,41,90,-9,101,83,-10,84,39,-180,92,66,9,10,5,3
69,-51,31,122,40,93,28,116,97,-36,79,42,-189,97,67,9,10,5,3
-144,252,-22,121,33,86,65,109,113,-38,121,-83,-202,101,65,9,10,5,3
-192,257,-34,116,20,67,114,-47,87,5,124,-48,-100,125,-88,9,10,5,3
-237,253,-53,107,5,36,123,-40,86,65,121,-29,-124,125,-94,9,10,5,3
-273,239,-78,62,-6,-78,121,-23,82,140,105,-18,-143,124,-99,9,10,5,3
-299,214,-103,85,-13,-62,113,-6,79,186,107,-19,-155,123,-105,9,10,5,3
69,36,107,103,-18,-49,99,2,82,-99,-511,127,-301,96,34,9,10,5,3
62,22,86,123,-32,-40,-96,35,67,-123,-591,60,-311,104,17,9,10,5,3
58,5,63,66,-19,-125,-87,27,65,-150,-634,11,-311,109,1,9,10,5,3
60,-12,38,52,-20,-102,-74,28,63,-168,-626,-18,-300,107,-14,9,10,5,3
63,-27,12,36,-20,-76,-53,38,61,-153,-582,-25,-283,102,-30,9,10,5,3
-196,29,40,18,-17,-53,-25,43,64,588,76,40,-130,42,13,9,10,5,3
-207,32,51,-1,-13,-36,101,56,69,851,190,21,-151,33,27,9,10,5,3
-217,38,62,45,84,95,80,61,78,973,315,-92,-172,29,30,9,10,5,3
-223,46,74,84,55,104,21,62,74,915,353,-160,-191,26,19,9,10,5,3
329,2,-58,126,20,108,-52,32,72,-149,-50,3,-101,89,65,9,10,5,3
295,15,-45,164,-16,104,19,30,90,-179,-66,18,-99,94,49,9,10,5,3
252,24,-31,-186,111,-8,0,31,91,-208,-55,8,-105,103,38,9,10,5,3
203,30,-19,-206,113,1,-12,16,94,-225,-28,-14,-119,119,32,9,10,5,3
-133,14,-37,-221,114,14,-9,7,87,371,-119,-116,-228,51,-72,9,10,5,3
-104,8,-44,-233,115,29,28,-138,102,317,-36,-137,-233,50,-84,9,10,5,3
-77,3,-51,105,-112,6,28,-132,94,227,31,-139,-239,57,-92,9,10,5,3
-52,-2,-60,79,-106,4,28,-126,85,149,81,-146,-246,67,-95,9,10,5,3
-33,-7,-64,60,-99,5,29,-114,78,105,108,-143,-253,73,-89,9,10,5,3
127,-1,9,48,-87,9,38,-98,75,-556,-40,161,-367,60,162,9,10,5,3
125,0,38,-3893,-3246,-948,-36,4,50,-451,-53,71,-385,82,165,9,10,5,3
127,-1,64,-87,-28,-212,-65,3,38,-390,-91,-24,-383,104,163,9,10,5,3
134,-7,80,-108,-31,-219,-80,-3,26,-281,-108,-66,-359,121,154,9,10,5,3
-244,10,-60,-127,-31,-217,-82,-13,20,-110,64,-83,-172,106,-34,9,10,5,3
-224,-31,-37,-145,-28,-206,-8,25,92,-121,3,-71,-174,111,-27,9,10,5,3
-202,-66,-14,53,30,-7,-4,28,100,-119,-48,-51,-172,109,-19,9,10,5,3
-175,-94,9,66,31,0,-10,18,105,-119,-71,-46,-169,105,-12,9,10,5,3
1270,-2985,-2979,73,35,1,-36,6,102,-120,-79,-52,-164,99,-6,9,10,5,3
-26,72,-111,76,40,0,-67,-10,103,-271,0,-135,-162,85,-11,9,10,5,3
-28,75,-105,-60,4,21,13,-40,96,-286,-20,-133,-156,78,-18,9,10,5,3
-30,73,-98,-62,2,24,0,-32,94,-283,-30,-122,-151,73,-21,9,10,5,3
-34,69,-87,-62,0,21,-7,-19,94,-276,-16,-111,-151,77,-20,9,10,5,3
-87,50,1,-65,-4,15,-15,-3,92,50,145,12,-149,30,-26,9,10,5,3
-86,47,0,-68,63,6,20,-9,84,60,160,-8,-151,25,-30,9,10,5,3
-86,45,1,-57,63,6,6,-20,82,76,150,2,-156,23,-31,9,10,5,3
-86,42,2,-45,59,7,-16,-21,79,59,142,-5,-166,22,-29,9,10,5,3
114,-105,21,-34,56,11,-37,-7,72,-97,3,36,-289,149,42,9,10,5,3
113,-106,21,-24,52,12,-53,9,71,-14,-4,6,-270,142,28,9,10,5,3
112,-106,13,45,-31,-17,-9,32,59,78,2,-29,-250,131,12,9,10,5,3
113,-105,-2,52,-17,-3,-31,59,41,162,2,-52,-232,119,-6,9,10,5,3
112,-102,-23,60,-9,5,-46,73,42,228,-40,-22,-216,106,-29,9,10,5,3
-30,-79,106,67,-5,7,-48,73,44,179,75,-32,-94,46,-10,9,10,5,3
-38,-70,97,-31,13,35,36,-38,92,96,44,6,-125,69,-2,9,10,5,3
-43,-59,82,-4,0,36,44,-35,101,14,7,44,-156,97,5,9,10,5,3
-46,-45,61,17,-17,36,31,-26,105,-42,-29,64,-183,122,10,9,10,5,3
32,-13,11,36,-36,36,18,-16,104,-348,-58,-101,-302,176,-128,9,10,5,3
43,-6,-35,0,-8,-15,-12,62,52,-259,56,-121,-300,171,-118,9,10,5,3
59,-1,-73,26,-15,-21,-24,67,47,-186,181,-137,-281,165,-110,9,10,5,3
75,5,-103,53,-25,-33,3,85,29,-198,244,-111,-256,156,-100,9,10,5,3
-115,92,148,72,-38,-51,67,109,15,-9,0,24,-61,76,14,9,10,5,3
-116,68,128,85,-49,-74,115,112,19,73,34,40,-76,66,3,9,10,5,3
-116,51,104,3,74,-13,-52,108,109,120,44,54,-93,59,-10,9,10,5,3
-114,43,78,-13,59,23,-11,174,108,120,0,67,-111,56,-21,9,10,5,3
-111,39,55,-36,48,56,33,226,99,100,-73,77,-130,57,-33,9,10,5,3
-5,69,-214,-62,45,82,80,249,92,-18,-349,-103,-254,140,-53,9,10,5,3
13,63,-202,-91,48,100,117,238,90,-57,-275,-140,-226,138,-46,9,10,5,3
32,56,-186,-38,-16,32,0,36,86,-99,-170,-164,-189,128,-35,9,10,5,3
52,47,-166,-44,-3,33,2,71,77,-128,-36,-169,-148,118,-21,9,10,5,3
-75,77,-16,-47,7,31,9,89,73,-166,58,-29,-81,86,-31,9,10,5,3
-84,85,-11,-47,11,28,-1,77,77,-143,93,-26,-98,89,-32,9,10,5,3
-92,92,-6,-42,50,0,-75,-47,85,-104,128,-27,-117,92,-32,9,10,5,3
-99,95,-2,-37,43,4,-22,-7,91,-64,166,-33,-134,95,-31,9,10,5,3
973,-3435,2662,-32,39,6,-21,9,99,-22,195,-32,-146,95,-29,9,10,5,3
-36,19,-52,-28,36,10,-40,15,100,45,233,-50,-207,108,27,9,10,5,3
-38,21,-57,-25,35,20,-52,13,95,58,170,-13,-211,113,28,9,10,5,3
-38,19,-61,99,-27,-63,-50,18,87,80,105,12,-214,117,24,9,10,5,3
-36,19,-65,109,-40,-53,39,124,56,106,44,18,-217,117,19,9,10,5,3
-35,19,-70,115,-54,-31,26,189,63,127,-4,10,-223,119,8,9,10,5,3
61,-152,-114,115,-67,-1,-7,222,55,97,222,-238,-274,161,-106,9,10,5,3
73,-150,-104,112,-80,30,-60,250,31,50,219,-241,-249,160,-97,9,10,5,3
84,-148,-88,-14,-79,67,-100,237,37,12,217,-221,-235,160,-81,9,10,5,3
91,-149,-67,-14,-66,40,22,-41,106,10,208,-186,-230,157,-56,9,10,5,3
95,-152,-39,-7,-53,15,6,-49,95,42,198,-151,-231,161,-29,9,10,5,3
39,54,1,5,-41,-7,-14,-44,70,-340,-388,77,-195,133,68,9,10,5,3
42,56,9,-35,41,-65,-32,-34,60,-184,-417,35,-162,131,66,9,10,5,3
47,59,9,-58,37,-62,-48,-20,63,-16,-371,-12,-126,131,60,9,10,5,3
49,63,3,-84,34,-53,62,-7,86,70,-268,-56,-87,126,52,9,10,5,3
-150,-647,3420,-109,32,-40,52,-11,83,97,-130,-80,-49,116,41,9,10,5,3
6,20,55,-133,33,-28,41,-15,80,-125,-74,-79,-102,122,19,9,10,5,3
19,25,56,31,-23,-15,25,-12,79,-95,-136,-68,-89,127,18,9,10,5,3
32,29,51,31,-18,-7,7,-10,74,-80,-186,-79,-75,131,19,9,10,5,3
42,33,42,29,-13,3,-22,37,92,-84,-215,-106,-64,134,20,9,10,5,3
48,38,31,26,-7,11,-31,31,94,-107,-232,-118,-61,134,22,9,10,5,3
4,6,-67,21,-1,17,-35,20,91,-168,-186,-193,-93,123,-88,9,10,5,3
3,0,-68,-74,-1,106,-35,7,79,-220,-175,-185,-92,122,-69,9,10,5,3
1,0,-67,-74,-2,125,-32,-5,69,-264,-173,-153,-94,118,-45,9,10,5,3
-4,5,-61,-75,-2,130,49,23,74,-293,-174,-113,-96,114,-20,9,10,5,3
-10,16,-47,-79,0,121,53,25,66,-300,-166,-84,-97,110,1,9,10,5,3
-23,45,-4,-87,4,102,46,29,68,3234,3356,750,-170,87,-27,9,10,5,3
-10,40,-7,47,-15,-65,46,25,74,-146,-79,2,-170,92,-37,9,10,5,3
1,30,-11,67,-20,-74,48,8,91,-126,16,-28,-169,96,-46,9,10,5,3
16,16,-18,83,-23,-75,57,-16,94,-109,93,-43,-169,97,-53,9,10,5,3
-2329,760,-2370,93,-25,-68,31,-19,89,-114,160,-48,-170,93,-57,9,10,5,3
-120,54,-55,97,-25,-58,11,-13,82,-174,241,-43,-293,155,10,9,10,5,3
-111,56,-40,140,22,81,0,-4,67,83,-368,58,-316,174,33,9,10,5,3
-99,54,-19,166,2,58,35,-107,112,57,76,-87,-336,189,50,9,10,5,3
-81,46,0,193,-20,25,49,-124,127,42,67,-99,-354,199,62,9,10,5,3
135,-128,53,218,-46,-14,42,-138,135,62,66,-113,-223,115,-32,9,10,5,3
116,-118,41,48,46,-72,33,-148,137,101,64,-123,-226,124,-34,9,10,5,3
98,-103,24,49,58,-64,36,-140,123,139,55,-131,-229,134,-35,9,10,5,3
80,-84,6,49,69,-52,-55,-38,93,-376,-354,38,-232,145,-35,9,10,5,3
63,-59,-12,48,75,-36,-85,-50,74,-111,-266,-39,-234,152,-33,9,10,5,3
-173,125,-28,47,76,-18,-109,-40,55,161,-98,-121,-8,106,-25,9,10,5,3
-182,110,-45,-173,57,-77,-111,-25,42,352,79,-171,-27,109,-42,9,10,5,3
-186,93,-62,-156,59,-67,-93,-19,49,432,225,-172,-48,110,-57,9,10,5,3
-191,74,-79,-138,60,-58,9,-14,86,-151,-4,-100,-69,107,-67,9,10,5,3
-192,52,-97,-120,61,-54,22,-1,93,-165,25,-127,-92,104,-72,9,10,5,3
-20,64,-9,-99,61,-50,25,12,101,-188,42,-139,-187,109,74,9,10,5,3
-41,73,-6,-28,91,-15,19,24,106,-204,24,-143,-205,112,67,9,10,5,3
-58,76,-9,-27,100,-38,4,30,108,-215,-23,-139,-217,117,58,9,10,5,3
-70,76,-15,-21,109,-60,-24,0,89,-69,360,-183,-224,120,50,9,10,5,3
-79,72,-23,-12,115,-78,15,6,91,-167,426,-234,-225,121,45,9,10,5,3
38,32,48,-2,122,-93,47,6,98,-255,408,-255,-87,118,78,9,10,5,3
40,25,36,-66,-21,-35,67,6,108,-323,321,-256,-74,109,62,9,10,5,3
36,20,23,-73,-15,-44,80,6,112,-380,197,-249,-62,96,45,9,10,5,3
26,16,11,-80,-10,-48,6,-15,92,84,107,37,-52,77,26,9,10,5,3
16,12,2,-87,-2,-50,27,-1,87,101,36,68,-46,58,4,9,10,5,3
6,10,3,-94,6,-51,40,5,91,109,-50,72,-204,64,-18,9,10,5,3
9,-6,2,51,20,9,39,-3,92,130,1,-27,-227,81,-16,9,10,5,3
10,-25,2,66,9,5,23,-21,89,158,195,-140,-248,94,-12,9,10,5,3
11,-42,2,79,0,-1,40,-10,84,564,107,-181,-265,104,-7,9,10,5,3
12,-57,2,90,-10,-7,55,-8,62,652,42,-172,-278,113,-2,9,10,5,3
-59,-43,-19,101,-21,-14,78,9,50,585,-10,-180,-254,197,-57,9,10,5,3
-50,-51,-25,29,-109,40,96,34,46,431,-60,-159,-241,183,-47,9,10,5,3
-36,-57,-27,16,-112,55,95,51,46,272,-97,-93,-229,165,-33,9,10,5,3
-22,-66,-23,5,-114,63,44,-49,72,-178,17,81,-219,146,-15,9,10,5,3
-6,-74,-16,0,-111,61,31,-44,63,-203,-12,82,-212,127,3,9,10,5,3
169,-73,66,0,-105,48,19,-35,60,-175,-21,74,-182,114,5,9,10,5,3
166,-68,72,19,21,61,17,-29,69,-127,-17,68,-161,109,22,9,10,5,3
162,-59,75,9,31,52,15,-10,79,-88,-15,80,-140,106,38,9,10,5,3
154,-46,75,-3,40,44,62,113,21,-28,-29,-85,-121,104,53,9,10,5,3
146,-28,70,-21,48,36,81,124,19,-82,233,-94,-103,102,65,9,10,5,3
-93,84,-7,-43,54,26,60,118,31,-111,241,-98,-76,118,8,9,10,5,3
-79,70,19,-15,24,-1,7,81,68,-148,220,-102,-68,118,18,9,10,5,3
-62,52,44,-8,25,-10,-54,24,94,-196,185,-92,-65,119,26,9,10,5,3
-46,36,66,-4,24,-17,-101,-68,94,-253,153,-88,-67,121,34,9,10,5,3
-32,22,82,-2,23,-21,-103,-81,92,328,-114,147,-75,123,41,9,10,5,3
-245,-26,-51,0,20,-23,-109,-89,91,274,-140,173,-223,76,-75,9,10,5,3
-249,-30,-51,-103,83,-73,-115,-98,88,236,-184,198,-229,94,-88,9,10,5,3
-248,-33,-55,-89,65,-44,-122,-105,82,221,-238,222,-229,111,-97,9,10,5,3
-243,-35,-64,-74,44,-5,-102,-58,68,218,-289,229,-225,130,-100,9,10,5,3
-231,-37,-72,-59,17,34,-108,-56,70,109,-141,25,-219,147,-99,9,10,5,3
13,-7,48,-42,-8,69,-107,-51,69,58,-157,42,-148,162,50,9,10,5,3
1,9,15,-98,-18,64,-98,-40,75,41,-140,55,-128,156,60,9,10,5,3
-10,26,-17,-127,-20,98,-85,-22,90,46,-95,50,-112,149,63,9,10,5,3
-22,45,-49,-154,-18,135,-75,143,43,45,-37,35,-103,141,61,9,10,5,3
-34,59,-78,-173,-10,161,-60,150,56,128,29,-60,-100,129,62,9,10,5,3
4,25,-15,-178,3,166,-38,128,66,77,4,-57,-196,115,-24,9,10,5,3
-6,23,-21,11,-12,-34,-3,94,66,56,-16,-53,-222,131,-48,9,10,5,3
-13,22,-21,5,-10,-15,-68,32,78,72,-31,-68,-230,143,-29,9,10,5,3
-16,20,-16,1,-8,6,-73,41,74,234,-306,42,-238,157,-5,9,10,5,3
35,-47,-109,0,-6,29,-75,61,71,227,-233,39,-246,166,22,9,10,5,3
41,-56,-116,-1,-5,47,-71,80,69,198,-167,19,-252,172,50,9,10,5,3
49,-61,-118,73,-90,67,-62,94,70,182,-98,-20,-190,139,-16,9,10,5,3
57,-66,-115,67,-88,81,-32,31,106,176,-23,-57,-192,141,-8,9,10,5,3
64,-69,-105,63,-85,90,-45,18,97,-356,-250,240,-199,145,-1,9,10,5,3
227,-66,-68,61,-80,93,-51,9,92,-393,-134,164,-207,152,2,9,10,5,3
249,-29,-89,59,-73,93,-50,10,83,-454,-8,120,-217,161,8,9,10,5,3
267,15,-111,-310,18,-140,-49,23,77,-565,10,127,221,109,-58,9,10,5,3
282,63,-141,-358,39,-108,166,-17,111,-26,-55,-11,180,130,-24,9,10,5,3
-302,-83,-106,-404,63,-78,150,-5,108,-37,-56,-21,140,149,1,9,10,5,3
-262,-58,-103,-444,87,-50,125,5,101,-52,-61,-29,102,167,22,9,10,5,3
-223,-38,-98,-480,104,-29,92,16,93,-68,-70,-45,66,176,39,9,10,5,3
-185,-20,-89,43,15,45,52,26,89,-80,-85,-63,-155,102,27,9,10,5,3
-147,-4,-77,36,27,24,-129,-7,78,83,-433,-30,-172,95,15,9,10,5,3
-21,-4,-46,31,40,1,-108,8,91,62,-325,-22,-193,87,4,9,10,5,3
-11,0,-41,30,53,-19,-84,21,100,58,-249,-31,-217,82,-5,9,10,5,3
0,3,-39,35,67,-37,-65,28,103,59,-194,-42,-244,80,-13,9,10,5,3
3,4,-38,-57,17,-60,-50,31,100,44,-152,-65,-154,77,-37,9,10,5,3
8,13,-38,-48,29,-68,4,-5,97,22,-5,21,-163,76,-42,9,10,5,3
13,22,40,-41,38,-71,8,-5,109,-13,8,12,-169,72,-44,9,10,5,3
14,24,42,-33,43,-71,11,0,119,-52,22,10,-175,73,-44,9,10,5,3
14,25,41,-25,44,-71,12,3,120,-73,10,58,-178,75,-44,9,10,5,3
13,23,40,4,18,43,11,0,110,-83,21,86,-231,145,30,9,10,5,3
11,20,38,16,14,41,-16,34,71,144,106,-89,-234,147,28,9,10,5,3
61,-28,-71,28,10,36,-6,21,56,115,106,-77,-237,146,26,9,10,5,3
65,-40,-68,40,5,28,19,19,52,79,107,-72,-238,143,21,9,10,5,3
66,-52,-66,49,-1,20,49,14,55,46,107,-75,-240,135,16,9,10,5,3
67,-61,-63,131,-50,-77,71,11,57,26,113,-70,-268,195,-41,9,10,5,3
22,-35,-21,130,-57,-77,35,-15,95,293,-50,-67,-256,177,-39,9,10,5,3
23,-37,-19,118,-62,-70,49,-6,94,312,-47,-54,-247,161,-34,9,10,5,3
25,-43,-17,102,-67,-60,47,-6,89,310,-31,-36,-242,156,-31,9,10,5,3
28,-49,-14,109,-32,-19,34,-5,80,293,-13,-13,-180,93,-45,9,10,5,3
124,24,-43,104,-31,-34,22,54,116,-650,-166,6,-172,88,-37,9,10,5,3
121,26,-29,100,-28,-50,6,35,81,-552,-273,18,-166,85,-26,9,10,5,3
117,28,-9,96,-23,-60,13,27,92,-384,-291,3,-161,84,-13,9,10,5,3
115,30,11,-138,63,-89,15,20,99,-269,-253,-33,-52,117,-14,9,10,5,3
-162,15,10,-136,69,-76,15,14,105,-197,-172,-93,-60,120,-12,9,10,5,3
-152,13,17,-132,73,-63,15,8,107,-191,-87,-116,-64,122,-9,9,10,5,3
-142,16,22,-128,74,-48,-37,-5,85,-247,-11,-135,-63,125,-6,9,10,5,3
-134,22,26,-125,70,-34,-52,1,96,-278,2,-128,-59,127,-2,9,10,5,3
-127,30,28,-23,124,-129,-72,7,107,-276,-34,-99,-209,65,-49,9,10,5,3
-26,-33,-64,-26,118,-124,-95,7,109,-182,265,-179,-200,69,-47,9,10,5,3
-1,-37,-76,-29,110,-120,60,43,102,-237,351,-222,-189,77,-41,9,10,5,3
19,-29,-84,-32,99,-113,56,0,116,-300,416,-267,-179,87,-33,9,10,5,3
34,-14,-86,31,-59,-76,65,-28,105,-366,417,-301,-34,73,-72,9,10,5,3
-109,25,88,2,-53,-65,74,-49,86,-134,312,-86,-35,74,-61,9,10,5,3
-127,20,88,-21,-50,-49,1614,-3890,-1289,-146,324,-108,-36,74,-48,9,10,5,3
-144,13,85,-40,-46,-33,-37,-33,38,-141,331,-126,-36,73,-33,9,10,5,3
-160,8,80,-59,-41,-18,-23,2,47,-109,357,-130,-35,72,-21,9,10,5,3
-173,5,74,182,36,81,-11,49,68,-52,398,-140,-392,186,42,9,10,5,3
253,-167,-9,212,-4,71,0,72,104,30,207,-62,-398,204,45,9,10,5,3
261,-175,-5,236,-45,60,-2,68,117,40,186,-46,-403,222,47,9,10,5,3
265,-179,-2,259,-83,48,22,89,30,-8,151,-5,-404,233,48,9,10,5,3
263,-179,-1,280,-119,29,67,97,22,-114,111,38,-400,240,46,9,10,5,3
255,-175,0,73,-50,-64,85,86,25,-230,80,103,-248,141,-47,9,10,5,3
74,-131,77,81,-80,-39,81,55,44,431,203,-253,-236,122,-43,9,10,5,3
86,-141,82,88,-107,-6,55,22,62,370,213,-224,-223,109,-41,9,10,5,3
96,-148,82,77,-110,26,-4,-1,75,285,218,-194,-213,100,-38,9,10,5,3
104,-150,78,48,-101,50,-2,3,57,186,210,-171,-203,100,-32,9,10,5,3
110,-147,72,53,96,84,5,12,57,86,188,-159,-212,62,134,9,10,5,3
52,186,-12,53,106,89,11,23,71,364,-114,-216,-228,63,154,9,10,5,3
21,208,-54,57,119,98,3257,-1839,-2359,330,36,-225,-240,70,170,9,10,5,3
-19,231,-93,58,136,109,77,22,87,245,197,-227,-240,75,175,9,10,5,3
-66,250,-128,-291,35,-41,85,22,92,178,335,-244,-77,96,-45,9,10,5,3
-76,15,42,-261,39,-36,95,25,97,-27,-305,-34,-85,94,-36,9,10,5,3
40,71,47,-234,41,-34,101,23,106,-50,-297,-59,-93,97,-25,9,10,5,3
46,79,44,-210,42,-29,-92,-17,80,-104,-227,-107,-98,99,-15,9,10,5,3
48,87,37,-185,44,-23,-88,-21,81,-184,-137,-138,-99,98,-1,9,10,5,3
47,92,29,58,49,-81,-86,-19,88,-264,-95,-127,-204,91,-27,9,10,5,3
46,94,16,47,46,-93,-82,-20,94,-317,-300,-111,-198,98,-29,9,10,5,3
74,-7,54,48,41,-99,-79,-25,91,-302,-329,-60,-189,108,-30,9,10,5,3
80,-5,46,52,38,-106,-55,-99,69,-277,-319,-9,-177,111,-28,9,10,5,3
87,-5,35,68,33,-106,-48,-74,84,-252,-284,21,-165,112,-23,9,10,5,3
93,-6,21,-222,37,-76,-35,-37,91,-220,-241,37,-78,80,-18,9,10,5,3
95,-5,6,-280,61,-28,-14,-20,94,443,582,-230,-72,65,-25,9,10,5,3
-102,35,-189,-331,73,19,-2,-12,102,498,519,-294,-65,41,-30,9,10,5,3
-77,32,-283,-375,75,57,-111,166,81,475,379,-301,-57,21,-32,9,10,5,3
-52,27,-352,-405,58,77,0,162,95,328,187,-221,-50,9,-29,9,10,5,3
-25,20,-392,-39,-41,25,79,143,108,108,-15,-83,-188,180,108,9,10,5,3
-166,15,-35,-88,-22,43,120,112,107,66,-387,29,-198,172,94,9,10,5,3
-200,29,-87,-120,-5,64,80,232,57,-34,-421,53,-211,162,73,9,10,5,3
-228,37,-134,-137,9,81,113,187,91,-49,-424,105,-226,156,43,9,10,5,3
-248,40,-163,68,-100,-24,79,124,97,6,-355,137,-190,114,-3,9,10,5,3
-260,34,-169,113,-115,-60,0,44,101,116,-241,97,-198,120,-5,9,10,5,3
77,-58,6,153,-124,-91,19,49,85,-165,-5,39,-205,128,-10,9,10,5,3
75,-55,5,180,-127,-111,7,23,79,-182,-34,48,-210,141,-15,9,10,5,3
71,-52,7,78,14,-143,-5,11,64,-228,-102,113,-103,140,-134,9,10,5,3
69,-50,7,70,5,-175,-3,22,56,-331,-23,49,-104,141,-136,9,10,5,3
-13,22,101,59,-2,-194,-18,27,85,-233,-105,-72,-111,139,-121,9,10,5,3
0,-6,110,44,-12,-197,-60,25,75,-204,-105,-88,-119,141,-97,9,10,5,3
11,-32,113,-5,14,-117,-89,20,74,-184,-92,-113,-56,96,81,9,10,5,3
23,-55,111,-16,18,-108,-91,16,79,-177,-77,-140,-50,97,92,9,10,5,3
-122,56,-139,-29,25,-83,-168,10,65,-33,-227,-33,-50,101,97,9,10,5,3
-123,51,-147,-42,31,-45,-158,44,53,-82,-203,-30,-59,106,96,9,10,5,3
-124,55,-150,-64,-37,33,-142,79,55,-105,-189,-40,-67,146,60,9,10,5,3
-115,60,-150,-79,-42,60,-123,106,72,-125,-177,-73,-70,145,64,9,10,5,3
-64,44,59,-87,-44,83,52,0,93,283,188,99,-68,141,64,9,10,5,3
-81,41,64,-90,-43,102,43,-8,96,313,129,78,-62,134,59,9,10,5,3
-96,39,66,-63,48,-31,14,-8,87,249,78,33,-172,106,4,9,10,5,3
-109,33,65,-55,41,-19,-14,-7,88,196,57,-1,-171,105,17,9,10,5,3
61,-43,17,-47,34,-4,10,-1,68,187,27,-41,-170,103,30,9,10,5,3
57,-56,15,-39,28,11,23,-23,71,127,-23,11,-171,99,41,9,10,5,3
54,-65,13,149,-59,-14,38,-30,78,21,-42,59,-333,266,-56,9,10,5,3
51,-72,10,154,-63,-35,58,-16,89,-30,46,36,-331,267,-62,9,10,5,3
125,-127,19,158,-68,-52,-73,-130,116,179,264,-186,-328,264,-69,9,10,5,3
123,-122,41,163,-76,-67,-103,-137,126,208,241,-140,-325,258,-78,9,10,5,3
117,-115,57,-108,24,97,-119,-118,129,230,221,-98,-43,107,-22,9,10,5,3
109,-107,72,-104,19,57,-123,-76,120,240,201,-66,-36,92,-50,9,10,5,3
-39,40,-170,-100,12,8,-51,-50,125,-157,141,1,-40,83,-78,9,10,5,3
-25,5,-115,-100,8,-47,-40,-81,119,-143,66,-2,-56,80,-105,9,10,5,3
-7,-29,-56,5,-62,-24,-20,-98,105,-104,-8,-36,-141,131,-19,9,10,5,3
13,-61,0,5,-45,-20,6,-92,88,-76,-71,-46,-159,143,-22,9,10,5,3
-596,-1852,-2279,6,-27,-9,15,-69,91,-68,-105,-56,-171,152,-21,9,10,5,3
-64,24,56,10,-12,0,-2,11,86,-162,-451,-108,-177,157,-19,9,10,5,3
-64,30,39,20,-5,6,-6,11,88,-183,-441,-167,-175,160,-16,9,10,5,3
-67,38,19,-98,74,-37,-12,5,94,-239,-247,-230,-123,117,-29,9,10,5,3
-69,48,-2,-91,80,-56,-18,-11,97,-249,54,-212,-116,115,-34,9,10,5,3
-92,78,-43,-79,79,-72,36,20,99,-188,258,-139,-109,116,-37,9,10,5,3
-83,73,-43,-64,76,-89,26,3,100,-155,377,-143,-104,119,-38,9,10,5,3
-73,63,-42,-10,-13,8,22,0,95,-130,451,-137,-110,121,-6,9,10,5,3
-60,53,-37,3,-19,-4,23,5,89,-124,484,-138,-114,112,-21,9,10,5,3
28,15,-34,18,-25,-12,-35,-51,88,81,-78,-56,-122,112,-30,9,10,5,3
26,6,-28,29,-28,-15,-33,-55,83,48,-109,12,-131,115,-36,9,10,5,3
24,0,-23,-74,22,19,-32,-56,79,14,-88,70,-130,118,31,9,10,5,3
21,-4,-18,-78,24,20,-28,-45,77,0,-22,47,-158,120,44,9,10,5,3
17,-6,-13,-79,24,27,-27,-30,82,11,66,-18,-156,111,34,9,10,5,3
-44,15,-84,-80,26,37,5,26,72,195,-198,114,-153,104,24,9,10,5,3
-44,18,-87,-77,27,48,29,46,78,273,-78,-17,-150,98,19,9,10,5,3
-48,24,-82,86,8,2,35,38,88,489,-10,-118,-149,100,14,9,10,5,3
-55,37,-66,103,-6,0,16,11,80,712,-77,-51,-202,160,-70,9,10,5,3
-61,52,-43,120,-22,-7,-8,-10,56,785,-184,17,-185,139,-67,9,10,5,3
-1,-37,-12,134,-40,-18,33,-30,78,-32,239,42,-167,124,-64,9,10,5,3
5,-43,-21,58,-137,55,60,-10,80,-78,232,36,-151,115,-61,9,10,5,3
13,-48,-26,78,-149,40,91,-1,87,-102,203,30,-2147,2617,-67,9,10,5,3
21,-52,-28,93,-161,26,100,0,86,-111,170,23,-211,291,-41,9,10,5,3
69,-53,-8,103,-172,11,40,41,45,-75,-195,-165,-212,297,-40,9,10,5,3
69,-41,-7,59,-70,-107,80,40,34,-73,-120,-181,-207,294,-39,9,10,5,3
73,-26,-12,66,-28,47,111,39,39,-70,-5,-181,-195,284,-39,9,10,5,3
82,-11,-26,59,-16,87,108,34,35,-62,126,-169,-80,116,12,9,10,5,3
91,4,-44,47,-5,115,78,14,23,-71,245,-178,-94,130,23,9,10,5,3
-160,172,-107,34,0,129,41,-122,74,178,-263,214,-112,144,40,9,10,5,3
-192,159,-75,20,5,130,16,-113,70,315,-574,246,-128,153,63,9,10,5,3
-220,151,-38,-59,208,-232,-18,-97,75,375,-820,252,-137,152,88,9,10,5,3
-246,142,-3,-40,195,-213,-64,-80,72,399,-893,236,-84,144,60,9,10,5,3
-272,128,21,-26,181,-193,-122,-66,66,418,-811,216,-57,156,83,9,10,5,3
87,10,-24,-15,160,-170,-78,33,68,-142,-87,-149,-36,166,107,9,10,5,3
69,-8,-15,-7,132,-144,-68,40,63,-85,-98,-110,-23,171,123,9,10,5,3
47,-24,0,-129,78,-55,-48,42,62,-41,-69,-39,-12,161,126,9,10,5,3
27,-35,19,-126,82,-62,-35,31,69,6,-8,56,-157,112,-43,9,10,5,3
7,-38,36,-122,86,-56,-23,13,71,71,66,145,-152,117,-47,9,10,5,3
88,-9,0,-116,87,-39,-10,38,98,-298,198,-56,-144,123,-48,9,10,5,3
91,1,7,14,-34,63,-5,59,75,-290,213,-54,-137,130,-48,9,10,5,3
90,10,16,4,-30,62,2,51,72,-254,226,-38,352,-1791,-3245,9,10,5,3
86,14,21,-5,-24,55,31,31,119,-200,234,-29,-253,258,-14,9,10,5,3
84,14,21,-13,-17,44,31,31,110,-134,242,-31,-263,266,-10,9,10,5,3
105,-133,-62,-20,-11,32,-8,-43,65,239,278,-191,-271,272,-6,9,10,5,3
116,-141,-58,95,-135,40,21,-34,68,239,303,-156,-277,281,-6,9,10,5,3
125,-144,-45,79,-115,71,62,-23,77,249,308,-135,-281,291,-12,9,10,5,3
133,-141,-16,72,-94,85,90,-18,81,275,293,-132,-144,129,-45,9,10,5,3
137,-139,29,75,-74,80,99,-25,96,316,265,-128,-140,140,-24,9,10,5,3
29,127,81,81,-55,62,-19,79,110,-207,-196,107,-134,148,-5,9,10,5,3
-5,155,101,-70,145,42,-55,72,107,-97,-40,98,-127,153,11,9,10,5,3
-42,177,108,-101,134,15,-70,76,99,1,26,35,-119,156,30,9,10,5,3
-78,189,95,-139,121,-4,-76,82,91,64,57,-44,-23,139,5,9,10,5,3
-119,192,70,-180,103,-14,-82,86,89,69,91,-98,-42,131,0,9,10,5,3
-36,0,61,-223,79,-13,-10,30,90,-87,-106,-79,-55,127,-3,9,10,5,3
-21,-12,68,-85,58,55,-15,29,89,-332,-98,-139,-62,122,-6,9,10,5,3
-11,-18,70,-73,69,55,-20,34,82,-380,-235,-73,-226,116,0,9,10,5,3
-8,-17,74,-60,86,48,-19,33,88,-253,-350,81,-223,119,-16,9,10,5,3
2822,1468,765,-48,104,37,-20,20,96,-75,-390,150,-215,122,-33,9,10,5,3
89,48,36,-35,118,22,108,-43,118,-199,-272,-36,-205,125,-50,9,10,5,3
107,47,27,112,-49,-65,62,-60,109,-159,-213,2,-192,128,-66,9,10,5,3
123,45,13,124,-45,-99,21,-69,107,-118,-144,31,-85,119,-28,9,10,5,3
136,43,-2,131,-42,-127,-11,-59,106,-71,-96,43,-148,97,27,9,10,5,3
147,41,-17,134,-38,-150,-44,-42,90,-11,-76,50,-168,88,15,9,10,5,3
-64,-99,1,131,-32,-165,79,274,66,-378,147,30,-190,90,0,9,10,5,3
-41,-100,16,347,-223,118,137,288,79,-505,56,-226,-214,91,-12,9,10,5,3
-15,-106,36,382,-262,64,208,306,130,-485,-59,-159,-202,106,-101,9,10,5,3
16,-118,67,408,-278,-6,272,318,185,-393,-131,-133,-177,78,-97,9,10,5,3
-520,85,89,427,-279,-79,41,12,114,-269,-166,-139,-145,50,-92,9,10,5,3
-537,-10,139,442,-267,-151,98,89,116,-164,-200,-158,-104,27,-85,9,10,5,3
-524,-88,197,-248,199,-105,158,135,120,37,-199,78,-60,11,-79,9,10,5,3
-496,-148,262,-211,192,-121,210,128,140,51,-148,65,-83,103,9,9,10,5,3
-465,-194,321,-181,173,-131,231,94,152,159,-86,4,-93,124,10,9,10,5,3
151,-46,16,-156,147,-133,61,-22,95,275,-35,-101,-101,131,14,9,10,5,3
233,-192,73,280,-181,-11,41,-21,100,-65,130,20,-108,131,16,9,10,5,3
246,-196,67,254,-172,-2,18,-25,94,-73,161,92,-238,160,-56,9,10,5,3
261,-194,62,223,-156,5,1,-28,83,-102,177,126,-253,170,-31,9,10,5,3
276,-186,58,187,-141,11,38,-59,70,-183,147,137,-268,203,-11,9,10,5,3
-52,144,4,-50,-8,-63,37,-35,74,-182,161,-202,-279,242,7,9,10,5,3
-63,123,-10,-53,0,-84,38,-2,82,-194,119,-200,-113,156,-91,9,10,5,3
-67,98,-26,-57,8,-113,59,34,77,-200,80,-202,-117,159,-64,9,10,5,3
-62,69,-41,-53,17,-141,-54,-22,91,-199,43,-196,-113,163,-38,9,10,5,3
-57,41,-51,-52,24,-159,-52,-19,101,-199,2,-188,-104,162,-11,9,10,5,3
-246,-73,-80,-165,212,-318,-54,-41,114,-85,-625,-26,-366,151,-216,9,10,5,3
-224,-53,-91,-123,213,-327,-63,-72,108,-127,-576,-90,-371,152,-257,9,10,5,3
-200,-29,-104,-82,200,-330,201,-92,107,-155,-468,-142,-363,159,-279,9,10,5,3
-170,-7,-128,-48,172,-332,171,-71,111,-182,-310,-183,-339,163,-275,9,10,5,3
104,-135,-25,-15,-26,-116,140,-48,103,336,60,-76,-171,171,-132,9,10,5,3
95,-133,-25,-2,-14,-126,107,-23,92,312,37,-37,-161,167,-118,9,10,5,3
83,-123,-22,11,-9,-132,79,1,79,287,31,9,-148,158,-107,9,10,5,3
68,-108,-17,23,-12,-136,-98,124,103,276,31,17,-137,144,-99,9,10,5,3
134,-81,-76,129,-141,25,-50,152,116,-39,-49,59,-210,278,40,9,10,5,3
143,-79,-72,141,-153,0,15,142,145,-20,-36,46,-205,267,45,9,10,5,3
145,-77,-69,149,-162,-23,32,132,117,3,-17,29,-196,258,45,9,10,5,3
140,-75,-69,153,-168,-44,54,-2,68,28,-9,0,-184,253,42,9,10,5,3
128,-71,-71,156,-171,-58,57,13,51,73,-4,-26,-173,247,39,9,10,5,3
-34,-34,2,47,-38,-39,62,25,48,140,-12,-69,-177,236,-27,9,10,5,3
-21,-44,2,50,-49,-34,50,34,49,152,32,-65,-177,229,-26,9,10,5,3
-7,-53,3,52,-61,-29,-12,18,63,162,58,-78,-178,230,-23,9,10,5,3
3,-64,0,55,-73,-24,13,27,61,179,71,-90,-180,235,-21,9,10,5,3
22,2,-41,8,0,-15,31,34,61,-55,150,9,-97,171,-32,9,10,5,3
26,5,-41,10,-5,-17,40,38,66,-104,162,-5,-95,162,-28,9,10,5,3
31,8,-41,15,-12,-18,42,45,69,-160,146,-5,-95,154,-20,9,10,5,3
36,9,-38,20,-15,-15,-154,-6,77,-220,97,4,-98,151,-8,9,10,5,3
-34,233,6,-132,-4,-102,-164,-10,69,-84,-49,-169,229,58,-68,9,10,5,3
-87,253,12,-159,6,-114,-164,-12,65,-67,-109,-142,225,76,-72,9,10,5,3
-137,267,7,-181,16,-129,-149,-13,59,-30,-155,-116,210,91,-79,9,10,5,3
-185,275,-8,-200,27,-147,-79,42,106,18,-165,-87,181,105,-86,9,10,5,3
-227,276,-35,-214,39,-166,-93,-7,91,76,-145,-64,141,114,-90,9,10,5,3
17,151,18,89,47,63,-102,-65,71,275,-757,168,-167,154,108,9,10,5,3
-2,147,3,72,66,66,-98,-97,62,269,-740,119,-179,160,92,9,10,5,3
-20,137,-15,52,80,64,-75,-91,68,263,-633,53,-190,162,73,9,10,5,3
-40,121,-32,31,95,53,96,60,95,255,-461,12,-202,159,54,9,10,5,3
4,111,-32,-91,3,130,140,33,97,-469,-162,-90,-124,137,37,9,10,5,3
12,108,-27,-69,13,117,172,9,99,-464,-138,-64,-129,132,15,9,10,5,3
20,98,-22,-47,19,97,187,-11,97,-442,-97,-42,-129,125,-6,9,10,5,3
27,85,-17,-25,20,72,-31,-61,121,-393,-35,-29,-126,119,-27,9,10,5,3
3512,384,-3678,4,12,47,-43,-58,105,-323,33,-21,-123,116,-46,9,10,5,3
-4,12,-61,-20,-2,-18,-58,-44,91,-127,121,-14,-145,156,16,9,10,5,3
-3,21,-61,-29,2,-7,-73,-23,82,63,93,-39,-155,155,15,9,10,5,3
-5,28,-53,-38,9,1,73,-17,100,106,71,-48,-162,153,13,9,10,5,3
-9,35,-41,-48,14,9,62,-12,100,164,56,-52,-170,151,13,9,10,5,3
109,-86,-8,79,-76,41,43,-8,101,212,51,-35,-171,152,10,9,10,5,3
105,-91,2,78,-72,38,19,-10,102,225,47,-22,-162,154,-9,9,10,5,3
98,-91,12,75,-67,32,-6,-19,95,221,47,-114,-162,159,-7,9,10,5,3
89,-84,21,66,-62,26,-73,19,72,260,51,-117,-162,167,-1,9,10,5,3
79,-73,28,51,-54,22,-79,12,61,294,55,-120,-163,177,6,9,10,5,3
65,0,13,49,-29,37,-67,12,56,318,64,-122,-164,188,11,9,10,5,3
70,13,11,62,-27,31,-55,12,56,332,74,-122,-144,158,1,9,10,5,3
72,24,10,73,-27,21,-46,6,57,-178,6,-118,-149,151,0,9,10,5,3
73,34,7,81,-29,8,114,53,107,-207,-12,-120,-151,144,1,9,10,5,3
69,45,1,85,-31,-5,125,84,71,-231,-14,-127,-150,138,4,9,10,5,3
-21,278,-132,-24,-62,-22,128,130,45,-235,-20,-150,-145,131,8,9,10,5,3
-19,254,-118,-7,-63,-34,111,168,42,-234,-35,-159,-86,151,-83,9,10,5,3
-13,220,-98,9,-58,-50,77,179,56,-267,-63,-207,-90,155,-72,9,10,5,3
-7,180,-70,23,-49,-66,-27,-92,116,-254,-104,-203,-92,159,-60,9,10,5,3
-2,135,-42,32,-38,-80,-43,-87,108,-238,-138,-193,-90,161,-48,9,10,5,3
-15,-49,54,-16,21,-49,-54,-84,98,-223,-166,-180,-84,162,-40,9,10,5,3
-20,-52,53,-16,23,-51,-57,-90,89,-207,-187,-161,-121,138,-37,9,10,5,3
-22,-53,52,-15,25,-50,-48,-91,84,65,-74,-9,-121,141,-33,9,10,5,3
-24,-54,48,-14,27,-45,-6,-10,87,64,-72,-7,-123,143,-30,9,10,5,3
-33,-51,42,-17,29,-38,-8,-13,85,68,-66,-4,-124,143,-26,9,10,5,3
-4,-14,0,-27,23,24,-10,-8,84,73,-56,0,-127,144,-23,9,10,5,3
-7,-11,-4,-17,4,6,-7,-6,77,75,-45,2,-107,146,1,9,10,5,3
-9,-7,-7,-15,3,3,-5,-10,74,15,75,-60,-110,152,1,9,10,5,3
-10,-3,-10,-16,5,2,11,-5,75,10,68,-69,-113,157,0,9,10,5,3
-10,-1,-12,-18,6,3,12,-8,80,4,53,-72,-117,155,1,9,10,5,3
71,-37,-24,-20,7,4,12,-11,82,2,34,-66,-121,153,2,9,10,5,3
83,-42,-38,149,-44,-78,11,-12,85,1,16,-53,-210,263,10,9,10,5,3
91,-44,-51,149,-38,-49,6,-5,84,-106,-76,25,-203,262,17,9,10,5,3
95,-41,-63,143,-31,-14,-113,-42,73,-74,-92,21,-190,253,20,9,10,5,3
92,-30,-69,131,-24,21,-127,-28,73,-27,-107,26,-172,235,19,9,10,5,3
-215,121,-16,115,-22,53,-135,-11,66,30,-115,37,-151,211,15,9,10,5,3
-214,114,-23,-163,75,30,-135,0,57,83,-108,37,-86,131,6,9,10,5,3
-212,104,-29,-156,67,43,-124,5,59,-104,17,-58,-86,133,9,9,10,5,3
-204,95,-32,-149,60,51,17,41,111,-98,28,-56,-86,136,11,9,10,5,3
-193,83,-31,-140,53,53,20,22,103,-96,44,-41,-87,138,13,9,10,5,3
28,42,-7,-127,46,50,15,0,88,-98,74,-45,-88,140,16,9,10,5,3
-10,-17,41,22,20,-26,9,-21,74,-86,85,-61,-192,212,-25,9,10,5,3
-14,-28,37,29,25,-33,12,2,79,372,90,-56,-191,221,-32,9,10,5,3
-16,-40,30,34,27,-36,27,4,77,343,115,-52,-187,225,-38,9,10,5,3
-16,-51,20,39,24,-35,37,5,73,288,130,-42,-182,223,-43,9,10,5,3
130,-92,-13,110,-74,46,40,7,72,226,136,-30,-134,225,28,9,10,5,3
134,-91,-12,104,-71,39,43,8,75,172,132,-19,-123,219,23,9,10,5,3
135,-88,-15,92,-67,31,-6,124,71,-72,-6,-67,-112,212,16,9,10,5,3
132,-79,-20,78,-63,21,-5,101,77,-43,139,-112,-101,202,8,9,10,5,3
-18,33,-52,0,-12,-120,-4,78,80,-59,157,-123,-84,164,-67,9,10,5,3
-12,38,-55,16,-10,-127,-3,61,78,-87,168,-133,-102,175,-59,9,10,5,3
-5,44,-55,31,-7,-125,-11,21,112,-124,166,-143,-121,185,-50,9,10,5,3
1,50,-52,41,-4,-110,-34,19,107,77,-367,-18,-137,193,-41,9,10,5,3
-3745,2004,387,50,-1,-86,-51,16,100,105,-428,-27,-145,197,-34,9,10,5,3
-101,72,-56,-29,85,-70,-65,15,96,130,-436,-27,-102,160,5,9,10,5,3
-107,73,-49,-35,83,-65,-74,12,93,150,-393,-22,-87,156,9,9,10,5,3
-114,72,-44,-41,78,-61,24,16,95,161,-307,-10,-73,147,16,9,10,5,3
-122,67,-37,-48,70,-56,20,21,94,-298,-180,-74,-62,140,22,9,10,5,3
-127,59,-29,-57,64,-50,18,24,91,-271,-164,-47,-57,139,24,9,10,5,3
13,11,26,26,21,-28,15,26,85,-229,-157,-18,-118,160,-19,9,10,5,3
12,8,35,24,21,-28,9,20,81,-183,-164,9,-117,158,-17,9,10,5,3
9,5,42,21,21,-29,-46,1,60,390,56,-102,-114,156,-18,9,10,5,3
5,3,46,18,21,-29,-31,22,57,279,-28,-56,-108,152,-21,9,10,5,3
-8,-20,-106,9,35,52,-8,37,60,195,-102,-11,-171,205,19,9,10,5,3
11,-18,-98,30,20,62,21,43,72,145,-144,-10,-167,201,25,9,10,5,3
33,-16,-85,51,3,66,9,-16,133,-48,99,-98,-162,196,29,9,10,5,3
54,-16,-72,69,-14,66,7,-17,134,11,122,-110,-158,194,30,9,10,5,3
-60,11,-12,-56,38,-62,10,-15,126,66,139,-110,-152,183,-77,9,10,5,3
-61,8,-32,-36,42,-83,15,-8,113,112,142,-107,-154,197,-87,9,10,5,3
-62,4,-54,-17,41,-104,1473,-2377,-3306,149,135,-101,-151,210,-97,9,10,5,3
-63,4,-75,-1,37,-124,12,-68,89,79,56,-19,-146,217,-104,9,10,5,3
-64,4,-94,12,29,-140,0,-57,89,57,46,-4,-140,216,-104,9,10,5,3
45,-43,-21,18,0,6,-8,-40,87,46,34,-2,-125,199,-15,9,10,5,3
42,-35,-27,4,0,13,-8,-21,87,42,20,-5,-120,194,-10,9,10,5,3
39,-29,-31,-7,0,21,-5,14,97,-98,-199,-52,-119,192,-5,9,10,5,3
38,-22,-34,-15,0,31,-11,18,103,-18,-157,-46,-120,190,1,9,10,5,3
-38,107,-11,-37,36,-33,-21,23,94,38,-98,-46,-32,129,-19,9,10,5,3
-51,108,-5,-45,39,-41,-33,15,81,62,-50,-47,-22,125,-23,9,10,5,3
-63,107,-2,-52,42,-50,53,-5,89,-108,-63,-103,-13,119,-30,9,10,5,3
-76,106,-2,-59,43,-58,45,-9,88,-116,-53,-105,-3,114,-38,9,10,5,3
16,22,50,1,33,40,39,-9,92,-124,-51,-100,-79,133,27,9,10,5,3
18,23,41,8,41,35,39,-5,94,-124,-54,-86,-92,125,18,9,10,5,3
19,26,29,15,49,27,42,4,98,-115,-50,-71,-107,122,8,9,10,5,3
15,31,17,21,58,20,-42,55,78,-120,38,-100,-122,121,0,9,10,5,3
6,38,7,23,66,14,-32,69,74,-123,57,-87,-134,125,-7,9,10,5,3
-22,-6,-32,-83,46,0,-27,77,72,-116,63,-73,-87,166,60,9,10,5,3
-8,0,-40,-48,48,-7,-24,79,72,-93,60,-54,-103,166,59,9,10,5,3
2,12,-47,-11,48,-10,-18,73,76,-52,55,-36,-116,164,52,9,10,5,3
11,27,-53,23,45,-12,-11,4,92,-129,42,26,-125,159,41,9,10,5,3
19,44,-58,55,39,-15,-3,1,96,-109,88,14,-130,153,28,9,10,5,3
61,-29,10,18,-30,26,10,1,101,-88,127,6,-126,166,-19,9,10,5,3
64,-34,11,20,-33,36,18,-5,98,-66,143,-2,-126,166,-17,9,10,5,3
65,-39,10,22,-35,40,63,-38,84,392,160,-139,-127,164,-17,9,10,5,3
66,-44,10,21,-40,39,60,-32,91,493,188,-182,-129,161,-17,9,10,5,3
67,-49,9,17,-42,34,45,-27,87,551,187,-155,-131,159,-17,9,10,5,3
82,-63,1,68,-106,41,27,-17,70,553,153,-91,-104,215,38,9,10,5,3
75,-54,8,52,-107,62,14,-4,65,539,102,-63,-110,217,37,9,10,5,3
69,-46,11,37,-101,77,46,5,94,50,-2,-17,-119,216,27,9,10,5,3
67,-38,7,23,-90,87,26,9,83,32,28,-17,-129,216,9,9,10,5,3
70,-32,-1,10,-78,90,1,15,73,7,64,-10,-139,217,-12,9,10,5,3
0,95,-26,11,61,-33,-20,28,67,-27,106,-11,-114,170,0,9,10,5,3
-14,98,-18,2,67,-21,-29,38,67,-73,146,-31,-105,161,-3,9,10,5,3
-27,93,-10,-3,70,-12,-50,-10,76,-135,-10,-99,-95,154,-9,9,10,5,3
-38,85,-4,-9,69,-6,-46,-11,75,-140,-12,-102,-87,145,-15,9,10,5,3
-46,76,-3,-15,66,-4,-40,-11,74,-145,-22,-102,-78,138,-18,9,10,5,3
-119,36,-11,-109,59,33,-29,-9,76,-147,-37,-100,-114,166,53,9,10,5,3
-122,39,-9,-24,100,-43,-112,-44,77,144,-21,-99,-123,160,48,9,10,5,3
-122,41,-11,-16,100,-64,-110,-35,76,78,-46,-72,-126,152,41,9,10,5,3
-122,41,-15,-10,100,-83,-102,-25,77,27,-84,-29,-125,145,32,9,10,5,3
-2922,-2583,646,-9,102,-97,-94,-16,74,-17,-129,-11,-123,140,22,9,10,5,3
-22,42,28,-9,103,-103,-89,-9,70,-50,-195,-47,-82,132,4,9,10,5,3
-16,29,23,5,37,-69,-34,40,90,-17,-42,-16,-89,130,-4,9,10,5,3
-13,19,18,10,35,-68,-29,33,94,-15,-102,0,-95,132,-10,9,10,5,3
-14,11,14,12,33,-65,-21,27,94,-19,-155,16,-101,135,-14,9,10,5,3
-14,4,10,12,31,-61,-10,19,85,-15,-184,29,-105,137,-16,9,10,5,3
18,-37,1,8,29,-55,2,10,72,-8,-173,27,-132,185,-33,9,10,5,3
21,-42,-22,98,-13,-41,12,-97,78,-140,157,-50,-134,193,-36,9,10,5,3
27,-46,-46,111,-27,-18,31,-79,94,-104,97,-29,-141,197,-35,9,10,5,3
35,-48,-71,117,-41,8,32,-75,109,-53,58,-13,-152,200,-33,9,10,5,3
41,-46,-96,118,-54,34,19,-82,106,-11,50,-8,-166,205,-31,9,10,5,3
-20,-25,-110,114,-66,58,-9,-78,100,15,45,-13,-170,202,-93,9,10,5,3
-7,-35,-121,44,-66,-57,51,-16,72,123,153,-185,-166,194,-101,9,10,5,3
2,-42,-128,35,-72,-32,50,-14,72,154,140,-176,-162,190,-105,9,10,5,3
8,-46,-129,23,-75,-6,44,-15,67,182,128,-160,-156,190,-103,9,10,5,3
56,-29,-9,10,-75,17,32,-24,67,194,116,-138,-190,216,-29,9,10,5,3
74,-8,53,141,12,31,-70,40,118,-375,-525,138,-200,226,-13,9,10,5,3
76,-8,47,141,16,33,-78,30,127,-255,-472,110,-205,244,4,9,10,5,3
80,-6,35,135,21,27,-97,25,117,-117,-379,60,-208,260,22,9,10,5,3
82,-5,20,127,26,12,-105,3,92,-7,-283,3,-209,271,36,9,10,5,3
-125,-69,0,-159,72,0,9,70,75,-43,-46,-27,-104,175,25,9,10,5,3
-105,-88,-7,-134,68,0,-7,82,77,-52,-65,-49,-106,172,12,9,10,5,3
-85,-100,-10,-105,67,0,-18,92,78,-53,-75,-74,-107,168,0,9,10,5,3
-68,-104,-12,-79,68,5,-31,93,78,-50,-82,-86,-106,163,-10,9,10,5,3
-113,3,-93,7,141,-119,-94,11,59,87,-257,-107,-157,174,-73,9,10,5,3
-119,-12,-95,3,146,-125,-94,14,57,108,-141,-82,-136,165,-72,9,10,5,3
-121,-26,-95,-3,147,-129,-96,20,60,107,-17,-85,-113,160,-71,9,10,5,3
-121,-39,-91,-10,141,-130,-96,32,66,71,92,-115,-90,158,-68,9,10,5,3
3214,-2864,-825,-18,129,-130,-87,33,73,20,180,-152,-71,156,-66,9,10,5,3
-52,-74,64,-79,37,-142,-13,50,72,-341,102,-72,-42,124,-52,9,10,5,3
-46,-76,73,-91,34,-138,-4,67,72,-350,191,-19,-36,122,-42,9,10,5,3
-40,-72,88,-101,30,-127,4,84,68,-291,264,12,-26,119,-31,9,10,5,3
-36,-65,108,-109,25,-110,4,88,73,-149,328,12,-16,115,-17,9,10,5,3
36,7,48,100,53,-45,63,43,60,104,95,21,-234,256,-5,9,10,5,3
51,-9,78,116,49,-43,54,7,79,151,82,-3,-225,271,-7,9,10,5,3
62,-26,101,131,43,-45,36,-39,97,203,77,-39,-215,288,-9,9,10,5,3
72,-44,114,147,35,-50,17,-82,108,254,78,-71,-213,298,-4,9,10,5,3
74,-82,22,126,-61,84,19,18,113,245,-8,1,-179,261,18,9,10,5,3
63,-78,51,124,-52,91,-15,16,59,15,187,-128,-169,246,12,9,10,5,3
54,-77,78,118,-45,93,-21,25,73,-42,203,-111,-157,235,6,9,10,5,3
50,-79,98,110,-40,86,-21,31,81,-95,212,-95,-148,225,-1,9,10,5,3
-23,44,-33,-17,36,-26,-17,35,78,-129,200,-84,-141,214,-9,9,10,5,3
-19,35,-37,-7,38,-25,-9,30,82,-135,165,-77,-71,154,17,9,10,5,3
-15,29,-39,1,38,-26,-27,17,75,-314,-158,-45,-76,163,26,9,10,5,3
-11,27,-36,5,38,-29,-37,20,77,-270,-82,-45,-82,174,35,9,10,5,3
-9,26,-31,7,38,-32,-46,20,77,-262,47,-69,-82,182,41,9,10,5,3
-23,36,-36,-11,44,-31,-44,24,78,-257,171,-64,-76,183,41,9,10,5,3
-21,38,-36,-13,40,-37,-32,30,84,-269,228,-47,16,126,14,9,10,5,3
-20,41,-37,-15,36,-44,-77,19,95,169,-531,34,10,130,33,9,10,5,3
-21,42,-37,-20,34,-50,-93,15,88,214,-519,23,-3,140,52,9,10,5,3
-189,-24,-58,-112,111,-123,-104,3,85,216,-449,-30,-21,155,68,9,10,5,3
-195,-22,-45,-117,110,-109,-111,-10,83,190,-327,-76,-38,168,78,9,10,5,3
-200,-22,-34,-120,108,-95,6,21,75,-254,547,-143,-46,104,30,9,10,5,3
-198,-22,-26,-124,107,-79,10,29,75,-297,549,-137,-45,104,38,9,10,5,3
-194,-25,-23,-126,103,-64,22,44,76,-328,484,-137,-47,105,46,9,10,5,3
58,60,-133,55,-40,-63,45,61,77,-338,363,-130,-53,113,54,9,10,5,3
48,67,-153,45,-38,-64,79,78,88,-320,203,-112,-63,126,62,9,10,5,3
41,73,-169,36,-34,-66,-31,-23,80,621,439,-140,-127,145,-7,9,10,5,3
34,78,-178,26,-29,-68,-15,-8,86,520,287,-77,-125,144,-16,9,10,5,3
-11,70,-86,50,-5,22,-2,-2,91,365,100,-30,-123,146,-26,9,10,5,3
7,69,-76,54,-22,46,11,0,98,181,-97,-2,-121,154,-37,9,10,5,3
19,58,-66,56,-38,63,-44,8,83,559,376,-286,-143,203,3,9,10,5,3
29,46,-56,57,-54,75,-38,26,96,728,367,-264,-150,209,5,9,10,5,3
29,-130,-44,139,-58,-40,-37,29,94,757,308,-176,-154,218,7,9,10,5,3
36,-126,-67,148,-61,-63,-33,27,84,667,247,-117,-158,230,10,9,10,5,3
43,-121,-88,155,-65,-85,2787,-572,445,529,185,-108,-158,250,13,9,10,5,3
49,-115,-103,159,-70,-100,-5,-4,93,213,118,83,-100,200,27,9,10,5,3
54,-107,-109,159,-78,-106,-21,-6,77,101,146,126,-101,200,38,9,10,5,3
50,32,-94,57,27,-30,-15,6,67,-31,236,179,-104,209,46,9,10,5,3
52,33,-98,53,24,-38,6,40,66,-217,273,199,-105,226,50,9,10,5,3
54,38,-96,47,23,-40,0,40,69,8,200,-37,40,90,-7,9,10,5,3
54,48,-87,35,21,-35,12,29,71,-37,134,-30,36,99,-17,9,10,5,3
-101,41,-82,-52,26,8,28,16,76,-76,57,-20,29,111,-25,9,10,5,3
-81,41,-67,43,-15,-1,43,6,79,-104,-2,-27,19,124,-30,9,10,5,3
-60,40,-53,53,-18,-2,-51,-4,93,-39,-293,3,-66,170,30,9,10,5,3
-38,38,-39,64,-19,-5,-67,-6,88,30,-270,21,-74,170,21,9,10,5,3
3696,3736,-1943,72,-15,-9,-84,-8,81,91,-265,22,-84,170,12,9,10,5,3
-96,-18,-13,75,-9,-9,-99,-10,75,130,-289,12,-94,172,4,9,10,5,3
-91,-17,-23,-63,-15,-5,-111,-6,73,155,-344,6,-108,178,1,9,10,5,3
-83,-14,-35,-64,-25,11,0,29,92,-72,-156,25,-49,129,35,9,10,5,3
-73,-10,-46,-65,-33,28,5,40,104,-66,-132,27,-59,135,35,9,10,5,3
-63,-5,-55,-66,-40,39,10,39,107,-55,-103,24,-67,140,34,9,10,5,3
-29,38,-31,-67,-44,46,17,23,110,-37,-74,15,-72,148,30,9,10,5,3
-27,41,-33,-62,-8,22,25,9,121,-6,-46,5,-74,160,24,9,10,5,3
-24,41,-31,-60,-5,13,-66,32,70,364,107,-34,-149,176,3,9,10,5,3
-22,39,-28,-57,0,4,-72,57,63,288,76,-32,-160,185,0,9,10,5,3
129,-70,28,-52,1,0,-72,82,52,186,-2,0,-172,197,-4,9,10,5,3
133,-62,40,41,-71,49,-65,94,59,89,-117,33,-179,214,-8,9,10,5,3
136,-55,47,33,-64,27,34,21,51,26,-60,-101,-36,134,-77,9,10,5,3
136,-47,47,24,-58,6,37,10,57,10,-54,-108,-27,121,-77,9,10,5,3
-2495,-433,-1358,14,-53,-10,38,4,57,-6,-50,-113,-23,111,-74,9,10,5,3
0,-89,-18,112,-2,-47,34,-1,56,-3,-13,-128,-24,103,-69,9,10,5,3
18,-92,-21,122,-32,-47,28,-5,53,65,96,-177,-29,99,-63,9,10,5,3
37,-91,-16,125,-60,-45,49,-31,93,49,34,-35,-113,262,-4,9,10,5,3
53,-88,-8,120,-83,-39,49,-6,87,25,91,-36,-106,257,-6,9,10,5,3
70,-85,0,109,-101,-31,51,17,78,0,127,-31,-99,252,-11,9,10,5,3
35,0,46,122,21,120,43,34,66,-26,129,-23,-97,246,-18,9,10,5,3
44,2,46,126,28,123,26,42,58,-50,105,-22,-95,242,-25,9,10,5,3
54,3,36,127,32,114,-13,13,85,98,240,-74,-9,100,-25,9,10,5,3
64,2,22,124,32,95,9,-2,92,84,261,-76,-6,107,-13,9,10,5,3
71,3,7,120,30,67,31,-15,97,69,263,-80,-3,113,0,9,10,5,3
-102,-16,-37,-92,36,-33,49,-28,94,55,254,-85,0,117,12,9,10,5,3
-85,-15,-29,-82,33,-28,64,-40,92,44,237,-85,3,122,19,9,10,5,3
-68,-12,-22,-72,25,-23,-13,-43,104,-14,-570,159,-107,229,121,9,10,5,3
-52,-11,-17,-63,15,-18,-36,-62,100,104,-563,166,-109,230,113,9,10,5,3
-63,37,-118,7,16,-86,-53,-68,97,202,-541,147,-107,227,100,9,10,5,3
-56,36,-99,-10,1,-58,-62,-59,94,248,-508,109,-104,222,83,9,10,5,3
-49,35,-75,-29,-13,-23,2,92,48,-410,-319,-30,-80,166,27,9,10,5,3
-41,35,-48,-48,-24,11,-17,151,40,-411,-310,15,-106,170,34,9,10,5,3
-32,33,-22,-64,-33,42,-27,200,60,-372,-297,74,-136,182,44,9,10,5,3
-166,249,85,-67,-73,-179,-22,212,113,-313,-275,131,-168,204,51,9,10,5,3
-257,276,61,-114,-59,-141,-27,195,159,-249,-239,170,-198,235,53,9,10,5,3
-347,287,29,-170,-36,-95,-85,354,104,-244,-30,197,-243,316,12,9,10,5,3
-436,282,-3,-238,-3,-48,-118,313,115,-128,-32,145,-235,309,4,9,10,5,3
-517,263,-36,-313,36,-7,-157,259,98,7,-16,78,-231,309,2,9,10,5,3
309,100,41,17,-195,145,-185,202,87,92,16,-41,-227,316,8,9,10,5,3
273,80,53,-30,-159,165,-186,150,98,115,73,-168,-224,325,16,9,10,5,3
230,54,60,-64,-120,171,22,-34,90,500,-234,-173,-141,264,-7,9,10,5,3
185,27,61,-90,-77,167,15,-31,76,345,-262,-90,-152,263,-18,9,10,5,3
5,14,14,-51,-41,40,9,-23,71,275,-252,-43,-160,253,-25,9,10,5,3
22,0,38,-70,-60,71,5,-14,75,293,-237,-23,-164,238,-32,9,10,5,3
38,-14,56,-72,-72,87,1,-10,88,356,-232,20,-164,221,-39,9,10,5,3
51,-29,65,-65,-78,90,-2,33,79,30,37,27,-137,266,-70,9,10,5,3
62,-43,68,-55,-76,82,26,24,83,40,75,35,-147,273,-61,9,10,5,3
226,-105,64,225,-5,75,57,20,76,-7,84,69,-155,280,-46,9,10,5,3
232,-89,38,215,-7,39,76,11,71,-95,24,159,-165,285,-25,9,10,5,3
233,-67,8,198,-15,0,91,2,85,-196,46,213,-178,291,0,9,10,5,3
225,-39,-19,175,-29,-41,16,-33,101,-107,-13,-107,-33,191,-84,9,10,5,3
207,-5,-41,146,-45,-76,15,-12,112,-80,-45,-73,-52,200,-78,9,10,5,3
47,14,92,24,0,41,19,0,118,-55,-77,-32,-68,206,-70,9,10,5,3
45,37,104,33,8,67,15,2,108,-57,-86,2,-78,209,-64,9,10,5,3
36,63,112,41,19,90,9,-9,98,-51,-74,13,-78,208,-61,9,10,5,3
22,85,111,51,28,103,-11,88,74,-269,414,-297,37,97,-46,9,10,5,3
-33,66,3,-205,-76,112,17,67,79,-383,15,-180,52,96,-27,9,10,5,3
-18,61,11,-187,-56,113,54,41,85,-368,-1,-144,60,98,-5,9,10,5,3
-4,54,13,-161,-36,104,86,22,90,-341,0,-103,60,108,16,9,10,5,3
8,46,10,-130,-20,87,24,-88,114,-305,17,-70,-148,215,36,9,10,5,3
-83,7,58,37,65,19,9,-71,107,102,-234,1,-144,211,23,9,10,5,3
-87,-5,31,37,57,-7,-10,-52,95,84,-105,-13,-142,203,8,9,10,5,3
-85,-20,2,36,50,-37,-40,-33,81,16,-2,-35,-143,194,-8,9,10,5,3
-79,-33,-26,35,46,-67,-59,79,93,-23,36,-92,-41,93,49,9,10,5,3
-70,-45,-51,32,42,-93,-41,83,85,-59,52,-122,-41,84,37,9,10,5,3
-107,41,-94,-79,59,-46,-22,84,82,694,346,-56,-37,82,29,9,10,5,3
-135,52,-97,-73,68,-35,-7,87,76,911,331,-27,-32,89,24,9,10,5,3
-159,65,-94,-63,75,-23,13,79,77,1029,208,-9,-21,102,24,9,10,5,3
-177,80,-88,-51,81,-14,37,-12,102,991,54,-34,-92,175,0,9,10,5,3
-193,95,-83,-42,88,-9,34,-14,98,810,-69,-75,-85,164,15,9,10,5,3
10,-41,-15,-1278,-906,3140,25,-16,87,-56,-22,-88,-79,150,23,9,10,5,3
7,-42,-45,68,-30,-43,20,-19,76,-51,-47,-88,-77,135,22,9,10,5,3
4,-40,-71,64,-39,-26,21,20,102,-46,-70,-53,-121,291,78,9,10,5,3
0,-36,-91,61,-46,-4,2,18,89,-59,-74,20,-108,272,79,9,10,5,3
-8,53,-44,56,-50,24,-19,21,83,-84,-63,114,-94,246,75,9,10,5,3
-22,66,-49,51,-49,54,-38,28,77,-27,-34,-73,-81,220,67,9,10,5,3
-34,77,-53,-13,6,-17,-52,30,71,-17,-30,-66,-66,197,56,9,10,5,3
-46,85,-62,1,6,1,-25,47,101,-13,-18,-70,-85,182,-16,9,10,5,3
-56,91,-73,17,6,18,-24,35,108,-12,-10,-75,-76,180,-6,9,10,5,3
-92,119,-68,29,6,29,-26,26,107,142,-625,43,-63,181,6,9,10,5,3
-117,121,-59,-37,141,-65,-24,18,112,154,-619,-7,-50,182,20,9,10,5,3
-137,119,-46,-36,145,-83,-93,49,75,160,-548,-34,-35,170,-44,9,10,5,3
-151,109,-34,-37,148,-98,-66,43,75,155,-463,-11,-20,155,-48,9,10,5,3
11,87,15,-39,149,-109,-37,31,77,-259,0,-11,-7,141,-45,9,10,5,3
13,74,17,-19,-31,-24,-10,24,84,-207,51,-6,1,130,-34,9,10,5,3
11,60,16,-17,-20,-42,15,27,90,-151,67,1,7,119,-15,9,10,5,3
9,44,13,-18,-8,-55,28,7,62,-102,49,4,-82,167,-38,9,10,5,3
5,28,7,-20,4,-62,23,15,54,-60,10,7,-83,150,-25,9,10,5,3
57,-92,11,-23,16,-64,16,27,53,-192,245,-97,-85,141,-11,9,10,5,3
67,-91,1,60,-45,73,10,28,63,-104,335,-129,-88,135,0,9,10,5,3
72,-84,-6,78,-43,74,5,-76,101,-33,380,-132,-137,340,-47,9,10,5,3
76,-72,-11,93,-40,73,9,-52,97,5,370,-122,-132,328,-57,9,10,5,3
9,-84,95,106,-37,71,-5,-36,84,201,-116,108,-129,314,-64,9,10,5,3
0,-77,98,42,-15,-11,-29,-22,75,215,-162,132,-126,295,-62,9,10,5,3
-9,-67,92,59,-26,-40,43,-17,58,239,-175,117,-105,260,-103,9,10,5,3
-16,-58,79,72,-35,-65,11,-95,93,247,-171,77,-103,270,-98,9,10,5,3
58,-60,55,83,-42,-83,1,-89,92,-20,128,29,-101,281,-88,9,10,5,3
57,-58,51,42,-11,1,-10,-79,89,-53,125,35,-100,290,-75,9,10,5,3
55,-57,48,48,-7,-1,-12,-63,86,-94,109,37,-100,292,-60,9,10,5,3
54,-55,46,52,-1,2,-5,-36,81,-140,83,38,-90,234,103,9,10,5,3
54,-53,42,54,5,15,-185,61,46,-173,50,41,-53,177,67,9,10,5,3
-289,319,-37,56,11,34,-130,63,52,86,74,-15,-13,114,25,9,10,5,3
-339,319,-38,-267,64,-25,-67,59,62,86,61,-13,28,52,-17,9,10,5,3
-379,305,-43,-267,73,-26,-4,46,68,69,32,-14,-90,183,-73,9,10,5,3
-405,280,-50,-264,80,-30,1782,1142,517,49,-10,-8,-87,181,-65,9,10,5,3
-413,243,-60,-256,84,-34,9,-30,98,27,-51,-1,-78,177,-53,9,10,5,3
-69,118,-156,-241,84,-41,5,-42,100,346,-276,-43,-67,167,-39,9,10,5,3
-84,112,-169,-47,175,-127,-6,-49,101,316,-228,0,-53,155,-25,9,10,5,3
-98,99,-178,-59,174,-94,-27,-52,105,269,-212,56,-51,165,-102,9,10,5,3
-105,83,-182,-71,169,-63,-56,-57,103,220,-200,83,-41,156,-103,9,10,5,3
-110,60,-176,-81,159,-37,57,-78,142,174,-183,82,-26,144,-101,9,10,5,3
124,56,71,-87,145,-20,51,-65,136,-96,149,-8,-11,133,-96,9,10,5,3
132,38,119,119,-24,70,40,-50,111,-87,122,-20,5,127,-87,9,10,5,3
135,21,156,122,-20,72,19,-30,90,-88,105,-38,-87,196,-54,9,10,5,3
135,4,178,118,-18,71,4,-9,82,-88,107,-57,-91,210,-56,9,10,5,3
135,-13,187,108,-19,64,1,3,103,-82,130,-71,-97,215,-51,9,10,5,3
71,-28,36,94,-22,48,-3,23,101,-57,258,-152,-105,208,-37,9,10,5,3
67,-20,23,-17,0,-99,-1,31,91,-56,214,-138,-108,200,-22,9,10,5,3
59,-12,9,-14,7,-106,0,16,80,-56,177,-120,-97,313,-80,9,10,5,3
48,-3,-6,-8,12,-108,-7,-11,81,-39,135,-115,-98,332,-67,9,10,5,3
32,3,-22,-2,16,-105,122,61,132,-12,92,-103,-99,345,-56,9,10,5,3
58,-61,7,5,17,-100,92,61,118,76,-64,-64,-100,348,-44,9,10,5,3
55,-61,-33,130,-50,-104,47,52,108,125,-32,-115,-106,337,-28,9,10,5,3
51,-63,-69,94,-53,-96,10,50,95,186,3,-180,-20,146,-18,9,10,5,3
46,-62,-100,54,-54,-81,-16,53,73,239,42,-233,-12,132,-21,9,10,5,3
41,-59,-119,13,-51,-58,1,20,97,268,74,-260,-12,144,-13,9,10,5,3
20,-15,-70,-26,-46,-30,-26,3,97,-293,-38,119,-12,159,-6,9,10,5,3
30,-15,-75,150,31,122,-59,-31,95,-426,-125,120,-16,173,-3,9,10,5,3
40,-14,-71,172,35,94,-81,-70,90,-702,-281,157,-20,186,-1,9,10,5,3
48,-12,-56,187,41,54,-78,-91,86,-1021,-465,259,84,1,-72,9,10,5,3
55,-7,-35,197,48,6,102,-37,104,-1044,-498,362,83,16,-62,9,10,5,3
-97,-70,-68,203,54,-41,108,-45,92,-42,-17,43,78,32,-49,9,10,5,3
-83,-79,-64,30,13,14,111,-47,75,-17,-2,-47,69,57,-38,9,10,5,3
-70,-83,-54,31,-1,16,112,-42,69,-26,23,-125,58,82,-26,9,10,5,3
-57,-82,-39,32,-12,22,107,-29,73,-89,44,-173,-138,196,40,9,10,5,3
-43,-75,-18,31,-20,32,-296,66,77,-191,36,-202,-151,206,22,9,10,5,3
-230,-80,-21,27,-25,47,-289,69,78,25,-292,-84,-160,213,6,9,10,5,3
-217,-82,-32,-205,-32,40,-274,65,75,18,-165,-94,-166,220,-3,9,10,5,3
-200,-83,-48,-218,-60,112,-254,53,64,-35,-24,-87,-172,224,-10,9,10,5,3
-180,-79,-64,-223,-77,172,-232,41,57,-94,123,-76,43,92,22,9,10,5,3
-160,-71,-77,-219,-83,212,81,21,70,-153,259,-112,49,66,-8,9,10,5,3
38,19,12,-208,-81,232,54,-23,66,42,145,-59,47,59,-40,9,10,5,3
26,22,24,26,-23,-28,17,-55,61,19,134,-38,33,65,-69,9,10,5,3
14,26,31,25,-24,-16,-9,-74,68,34,110,-6,14,85,-89,9,10,5,3
1,33,32,21,-23,-2,-14,-68,78,67,8,93,-55,218,-48,9,10,5,3
-5,42,31,16,-14,3,0,5,105,90,-64,249,-57,231,-25,9,10,5,3
76,17,-7,13,-3,0,-16,10,98,-23,-128,63,-61,249,-4,9,10,5,3
67,5,-11,-5,-55,40,-21,13,94,-5,-93,31,-67,270,14,9,10,5,3
58,-7,-14,-42,-49,43,-28,3,89,13,-48,17,-75,292,29,9,10,5,3
53,-22,-16,-76,-39,44,-39,-11,92,19,1,4,-74,178,-62,9,10,5,3
47,-34,-19,-107,-26,42,-40,-11,77,16,24,-26,-100,346,-61,9,10,5,3
58,-110,-45,-131,-14,37,-69,-6,82,83,141,-71,-111,357,-69,9,10,5,3
73,-118,-27,35,-106,131,-98,-3,93,37,137,-49,-118,361,-79,9,10,5,3
86,-123,-3,24,-97,129,-115,-7,113,14,135,-35,-121,360,-86,9,10,5,3
94,-127,24,17,-87,118,-116,-16,120,16,118,-19,-120,353,-86,9,10,5,3
103,-129,54,16,-79,99,-19,41,84,29,76,-7,-52,245,35,9,10,5,3
110,13,2,20,-74,76,-20,61,91,-113,-595,38,-60,261,48,9,10,5,3
139,0,7,164,22,-48,-17,51,117,0,-402,40,-65,272,63,9,10,5,3
164,-8,6,147,28,-46,-25,40,123,82,-230,35,-72,273,85,9,10,5,3
180,-9,6,119,31,-39,-33,37,103,99,-103,36,-78,269,107,9,10,5,3
185,-2,5,84,31,-28,10,0,92,54,-11,31,-14,176,-63,9,10,5,3
31,-14,97,70,0,12,4,3,89,-256,-303,-286,-19,170,-56,9,10,5,3
4,91,70,54,-10,25,-1,0,73,-247,-342,-272,-19,170,-51,9,10,5,3
-13,95,55,36,-20,37,-9,-6,66,-224,-326,-219,-19,167,-45,9,10,5,3
-31,95,41,15,-27,45,-170,58,84,-203,-107,-121,-106,218,-35,9,10,5,3
-48,91,23,-5,-32,49,-152,39,79,-192,223,-44,-77,184,-25,9,10,5,3
-57,82,1,-179,-20,177,-129,21,76,-62,-267,43,-49,147,-14,9,10,5,3
-60,22,-10,-179,-15,171,-103,-1,71,-7,-242,51,-22,117,-1,9,10,5,3
-72,23,-34,-167,-15,152,-77,-25,72,29,-206,41,1,98,11,9,10,5,3
-83,26,-53,-148,-20,126,29,-122,111,47,-166,27,88,52,-100,9,10,5,3
-93,30,-70,-126,-26,97,-3,-158,97,52,-128,18,104,35,-98,9,10,5,3
-100,32,-84,-159,114,40,-31,-184,83,107,13,412,114,15,-96,9,10,5,3
2,3,64,-134,137,83,-49,-187,62,246,-30,468,113,-7,-93,9,10,5,3
31,-38,35,-105,156,126,-56,-171,44,322,-120,466,100,-24,-89,9,10,5,3
60,-81,12,-69,170,162,-42,-134,74,383,-224,440,-61,368,-31,9,10,5,3
90,-122,-2,-28,176,186,-57,-137,50,456,-256,408,-55,362,-41,9,10,5,3
122,-160,-7,113,-150,72,-50,-121,44,127,-65,-138,-53,355,-47,9,10,5,3
90,-131,61,112,-138,57,-30,-104,60,96,-104,-122,-48,354,-51,9,10,5,3
74,-139,85,120,-126,42,-8,-85,86,27,-118,-100,-41,360,-52,9,10,5,3
57,-135,105,128,-111,30,-140,153,76,-40,-57,-147,-108,300,-40,9,10,5,3
35,-120,120,-32,0,-154,-11,-61,76,116,507,-378,-110,268,-45,9,10,5,3
-97,38,42,-57,-5,-146,13,-85,76,178,472,-353,-109,234,-47,9,10,5,3
-108,36,24,-84,-7,-133,28,-106,71,271,425,-337,-103,203,-47,9,10,5,3
-122,34,-3,-107,-4,-119,32,-120,64,351,358,-295,-115,427,147,9,10,5,3
-138,31,-39,-1905,1570,-946,23,-127,57,373,285,-217,-127,475,201,9,10,5,3
-152,27,-77,183,10,-168,-137,80,53,-151,142,-281,-134,514,239,9,10,5,3
-100,277,-31,132,-7,-177,-96,36,63,-95,204,-302,-134,540,247,9,10,5,3
-146,276,-6,81,-32,-176,-53,-13,71,-47,271,-302,62,184,58,9,10,5,3
-179,263,7,33,-63,-164,-4,-55,69,9,346,-282,38,223,39,9,10,5,3
-203,237,8,108,25,5,-52,63,85,-39,-163,-145,16,257,20,9,10,5,3
184,63,-30,121,5,-8,-60,61,82,-15,-184,-133,-9,280,7,9,10,5,3
175,69,-37,133,-17,-27,-56,54,81,-11,-195,-120,-64,178,122,9,10,5,3
155,76,-45,159,-47,-42,-49,51,78,-25,-183,-113,-89,206,123,9,10,5,3
134,82,-53,18,183,-299,-81,-19,52,44,-209,130,-119,231,123,9,10,5,3
-152,-82,-45,28,175,-329,-81,-7,47,55,-280,143,-145,260,117,9,10,5,3
-144,-72,-35,25,170,-355,-85,0,45,111,-357,135,36,112,78,9,10,5,3
-137,-51,-31,15,164,-369,-85,2,50,116,-419,98,67,93,123,9,10,5,3
-126,-23,-30,68,-82,-59,-179,-973,2346,82,-479,57,93,83,161,9,10,5,3
-110,7,-28,81,-83,-88,14,-29,86,205,-132,109,112,83,189,9,10,5,3
-35,5,-1,87,-85,-109,28,-32,88,180,-116,103,122,93,198,9,10,5,3
-143,75,12,91,-84,-128,36,-31,91,150,-79,70,-13,72,70,9,10,5,3
-158,92,32,95,-75,-141,39,-26,92,119,-21,9,-26,84,79,9,10,5,3
-173,109,52,-45,166,-164,43,-20,97,97,30,-57,-42,104,80,9,10,5,3
-191,125,71,-19,152,-174,115,-30,115,-120,203,-308,-54,137,72,9,10,5,3
-205,135,86,1,136,-173,128,-73,128,-206,151,-272,-63,169,60,9,10,5,3
274,-69,12,19,123,-163,124,-117,128,-275,89,-201,-39,193,40,9,10,5,3
277,-85,25,34,117,-144,107,-151,104,-324,13,-127,-39,198,42,9,10,5,3
273,-104,38,16,-18,-20,83,-165,70,-354,-48,-80,-36,208,44,9,10,5,3
262,-121,47,10,-7,-18,77,26,79,649,-239,197,-31,219,45,9,10,5,3
242,-136,53,5,2,-9,66,15,68,532,-208,239,-26,229,46,9,10,5,3
-26,-16,-62,2,12,4,52,16,49,387,-214,200,-30,258,-88,9,10,5,3
-16,-24,-28,0,22,21,38,22,30,255,-241,141,-22,240,-71,9,10,5,3
-7,-34,5,-104,-56,83,32,29,17,146,-237,73,-15,216,-57,9,10,5,3
3,-46,38,-95,-44,67,34,41,121,-83,83,51,-11,186,-46,9,10,5,3
15,-57,67,-80,-33,51,-1,33,127,-61,66,67,-5,156,-40,9,10,5,3
112,16,31,-62,-27,35,-39,12,128,-53,12,78,17,220,140,9,10,5,3
104,37,22,-43,-24,21,-61,-8,120,-91,-52,110,17,212,127,9,10,5,3
94,58,-1,-82,-6,-14,-56,-15,112,-156,-114,225,18,194,109,9,10,5,3
81,78,-32,-97,-3,-13,39,2,60,-145,41,-164,24,167,88,9,10,5,3
65,96,-61,-111,-1,-15,32,11,68,-154,1,-151,33,140,69,9,10,5,3
33,65,10,-122,0,-21,23,17,72,-153,-38,-140,48,163,-21,9,10,5,3
35,70,5,-129,1,-33,16,9,75,-142,-72,-137,52,164,-32,9,10,5,3
35,76,-5,-61,57,102,16,-3,79,-124,-95,-144,56,166,-41,9,10,5,3
35,81,-18,-69,68,91,-177,-78,81,427,-33,194,58,168,-47,9,10,5,3
33,83,-31,-80,80,75,-178,-79,77,363,20,203,55,168,-47,9,10,5,3
-169,-79,-5,-85,95,55,-165,-75,77,326,7,205,-4,237,-83,9,10,5,3
-153,-64,-41,-85,111,35,-143,-67,78,310,-38,189,5,228,-78,9,10,5,3
-137,-46,-77,43,-132,104,-119,-54,76,307,-97,170,10,215,-71,9,10,5,3
-119,-25,-111,48,-139,112,-40,-30,67,20,-74,40,9,202,-63,9,10,5,3
-102,-2,-137,52,-139,115,-38,-35,77,59,-33,19,9,199,-55,9,10,5,3
34,-69,58,56,-136,113,-30,-43,77,64,8,-21,-71,251,19,9,10,5,3
17,-54,62,60,-129,105,-33,-47,70,59,38,-52,-70,258,11,9,10,5,3
4,-42,67,-81,29,-19,-30,-43,69,60,46,-74,-64,257,-2,9,10,5,3
-6,-33,67,-79,29,-16,23,69,104,-82,101,-87,-54,251,-13,9,10,5,3
-12,-28,61,-75,27,-12,18,40,125,-70,105,-106,-41,244,-19,9,10,5,3
76,16,-92,-72,26,-7,9,28,130,-94,103,-134,1,199,-15,9,10,5,3
75,23,-95,-68,25,0,3,18,128,-148,114,-162,-1,207,-20,9,10,5,3
72,27,-93,0,-6,-22,6,15,115,-219,138,-180,-1,215,-19,9,10,5,3
68,30,-86,-2,0,-21,46,-62,108,738,397,-142,0,223,-16,9,10,5,3
63,29,-77,-5,2,-20,-44,56,99,770,301,-198,6,231,-18,9,10,5,3
                                                                                                                                                                                                                                                                                                                                                                                                                                                                                                                                                                                                                                                                                                                                                                                                                                                                                                                                                  