-15,-97,142,-46,-83,-72,-238,269,-19,44,49,28,-127,50,-20,9,10,5,3
-27,-97,127,-68,34,35,-277,192,-5,55,77,1,-108,77,-20,9,10,5,3
-39,-98,104,-80,49,52,-297,101,24,60,98,-31,-95,101,-24,9,10,5,3
-50,-92,72,-93,66,69,-296,3,79,56,119,-51,-89,122,-31,9,10,5,3
90,-78,105,-109,84,79,-611,431,-194,162,81,-50,-281,14,-15,9,10,5,3
57,-67,101,-124,105,82,-616,424,-189,147,103,-53,-252,11,12,9,10,5,3
21,-51,92,128,-118,9,-607,389,-163,122,106,-65,-229,12,38,9,10,5,3
-21,-36,81,132,-116,15,-573,340,-120,103,98,-72,-210,16,59,9,10,5,3
70,-52,-20,131,-110,21,37,-176,136,38,121,-61,-117,116,30,9,10,5,3
88,-52,-11,125,-103,25,39,-200,102,8,133,-57,-135,118,15,9,10,5,3
108,-53,0,-104,105,-23,39,-216,71,-25,135,-54,-146,115,0,9,10,5,3
127,-57,14,-104,117,40,46,-226,34,-60,123,-64,-150,105,-16,9,10,5,3
128,57,-86,-105,131,100,-37,-370,90,159,85,-56,-92,48,49,9,10,5,3
134,38,-66,-106,146,150,33,-371,107,140,114,-59,-103,57,48,9,10,5,3
131,14,-49,36,-133,-112,102,-381,86,117,129,-65,-120,66,45,9,10,5,3
123,-4,-37,25,-156,-121,158,-375,80,94,130,-67,-144,78,43,9,10,5,3
117,-20,-28,18,-170,-130,193,-355,93,70,119,-59,-168,87,39,9,10,5,3
-30,155,-128,16,-173,-138,177,-139,189,26,23,-57,12,172,39,9,10,5,3
7,86,-141,18,-165,-138,187,34,144,24,47,-57,59,181,56,9,10,5,3
40,1,-136,-124,61,-125,205,178,106,34,60,-69,101,186,66,9,10,5,3
76,-91,-118,-92,48,-135,215,241,84,47,60,-78,134,187,72,9,10,5,3
-157,40,-11,-66,41,-148,-283,317,224,82,44,-54,7,-73,28,9,10,5,3
-151,54,-5,-47,38,-157,-73,305,261,56,39,-40,6,-100,47,9,10,5,3
-133,66,-4,-67,352,-29,227,358,268,32,34,-40,16,-121,67,9,10,5,3
-109,73,-8,-67,378,-37,476,470,230,10,31,-43,29,-133,85,9,10,5,3
-1142,-762,-2855,-65,400,-42,575,510,204,-21,23,-48,38,-141,98,9,10,5,3
207,16,-20,-63,417,-41,518,-107,380,-135,-25,-69,63,-49,60,9,10,5,3
185,27,-16,-35,47,12,586,-75,343,-123,-44,-79,61,-37,59,9,10,5,3
163,36,-11,-19,20,-8,635,-5,288,-112,-67,-83,55,-24,57,9,10,5,3
139,41,-4,-4,-4,-31,609,108,253,-95,-86,-80,45,-7,55,9,10,5,3
-153,-60,-170,9,-29,-52,-58,-8,29,69,-39,-86,24,162,-118,9,10,5,3
-127,-55,-184,166,-1104,-286,-79,-11,-26,15,-30,-42,3,169,-102,9,10,5,3
-101,-49,-192,-27,-80,116,-94,-5,-66,-29,-14,-35,-18,171,-78,9,10,5,3
-80,-41,-190,-9,-72,97,-50,-7,-4,-40,2,-38,-30,166,-47,9,10,5,3
-65,29,51,3,-61,71,-150,-127,130,25,-90,-23,28,22,91,9,10,5,3
-65,15,54,15,-48,40,-129,-166,140,6,-72,-31,35,18,92,9,10,5,3
-59,1,56,-40,53,-38,-105,-213,125,6,-54,-47,43,12,85,9,10,5,3
-47,-13,61,-56,67,-54,-89,-279,111,40,-31,-57,46,7,74,9,10,5,3
-35,-29,65,-73,80,-74,-65,-342,94,80,-18,-66,46,4,62,9,10,5,3
43,-20,-83,-92,89,-95,301,-355,88,-25,101,16,-58,-62,59,9,10,5,3
41,-14,-96,26,-71,-43,352,-228,151,83,103,46,-67,-59,52,9,10,5,3
37,0,-104,22,-71,-61,397,-109,206,156,129,-63,-71,-53,49,9,10,5,3
29,17,-105,23,-68,-83,459,-39,252,210,122,-156,-73,-46,49,9,10,5,3
-335,-57,39,28,-63,-109,88,-56,145,39,-9,-36,-11,-46,-7,9,10,5,3
-328,-34,28,-1,-242,-34,56,-54,118,67,9,-30,-2,-38,-23,9,10,5,3
-316,-9,18,-44,-223,-33,67,-63,80,87,23,-37,-4,-25,-40,9,10,5,3
-296,17,9,-88,-200,-27,104,-121,36,97,32,-53,-6,-9,-56,9,10,5,3
294,-225,-53,-132,-172,-19,154,-46,78,73,48,-72,336,192,39,9,10,5,3
288,-261,-25,-182,-142,-13,153,-133,112,66,37,-74,317,184,15,9,10,5,3
281,-282,-5,-36,150,-53,127,-218,129,67,23,-80,296,165,0,9,10,5,3
268,-293,13,-22,141,-38,83,-276,123,75,11,-86,274,142,-10,9,10,5,3
252,-297,32,-7,126,-21,41,-286,106,86,2,-85,251,119,-16,9,10,5,3
-29,133,-47,6,107,-5,666,-273,78,-104,1,-56,129,-196,133,9,10,5,3
-35,160,-74,-26,148,-75,655,-322,106,-105,1,-59,131,-183,118,9,10,5,3
-34,185,-106,-21,157,-75,654,-321,140,-103,1,-64,127,-169,104,9,10,5,3
-26,204,-139,-17,163,-75,656,-285,169,-107,-6,-71,124,-153,85,9,10,5,3
-8,-95,123,-14,166,-72,-344,882,-189,221,-23,-72,-39,63,6,9,10,5,3
-28,-62,81,9,-127,-36,-413,748,-109,155,-42,-81,-23,94,-9,9,10,5,3
-55,-32,46,0,-122,-4,-444,520,18,90,-55,-87,-2,116,-22,9,10,5,3
-70,-9,15,-13,-118,25,-363,251,196,51,-59,-85,23,131,-26,9,10,5,3
207,-15,1,-28,-113,52,-5,326,231,144,-31,-30,-160,-84,-20,9,10,5,3
11,110,187,55,-22,24,-65,335,187,127,3,-32,-174,-109,3,9,10,5,3
-23,111,177,45,-45,18,-142,315,142,119,37,-47,-173,-123,25,9,10,5,3
-53,105,164,37,-62,13,-245,278,101,120,44,-51,-153,-130,45,9,10,5,3
-78,91,149,33,-76,10,-343,227,70,145,28,-34,-131,-123,67,9,10,5,3
-98,72,132,33,-85,8,-167,-208,-29,196,-40,-136,26,-5,65,9,10,5,3
2,47,-77,-18,-20,48,-144,-302,185,201,-60,-140,42,-18,83,9,10,5,3
0,59,-94,-15,-17,45,-69,-455,282,182,-84,-133,59,-38,97,9,10,5,3
-4,73,-114,-14,-15,38,114,-575,217,147,-97,-107,67,-62,107,9,10,5,3
-11,86,-132,-12,-13,26,356,-587,106,101,-101,-85,66,-85,110,9,10,5,3
-20,102,-150,-10,-11,13,-36,160,64,100,19,-78,-69,-3,-27,9,10,5,3
-181,11,4,113,-152,-84,2,191,127,122,20,-76,-61,3,-21,9,10,5,3
-177,8,-20,106,-150,-98,72,177,227,123,20,-69,-51,2,-14,9,10,5,3
-174,10,-43,99,-147,-97,77,90,438,100,21,-62,-42,-2,-9,9,10,5,3
-171,16,-62,88,-145,-84,-10,-13,585,82,15,-69,-41,-11,-8,9,10,5,3
-172,26,-71,77,-144,-63,40,125,107,93,-41,-75,88,80,9,9,10,5,3
36,1,-26,-106,86,-82,51,195,61,80,-42,-73,96,82,2,9,10,5,3
22,0,-26,-95,75,-67,92,242,23,67,-43,-76,105,85,-1,9,10,5,3
11,-6,-24,-81,63,-52,140,287,-4,60,-42,-77,115,86,-6,9,10,5,3
0,-15,-21,-68,52,-39,174,311,-26,60,-39,-75,123,86,-8,9,10,5,3
-10,-23,-18,-56,40,-26,505,-396,463,-47,-56,-100,207,-39,35,9,10,5,3
182,16,-54,-39,215,64,471,-336,441,137,-13,-54,5,27,9,9,10,5,3
178,-12,-24,-20,187,61,531,-266,432,152,-11,-55,-1,40,7,9,10,5,3
170,-39,0,-3,152,54,652,-217,435,156,-22,-66,-4,51,5,9,10,5,3
160,-64,23,10,113,46,-78,-14,31,161,-35,-70,0,60,6,9,10,5,3
-71,-11,-99,64,-90,43,-21,-30,32,111,-16,-75,83,-956,-1474,9,10,5,3
-50,-4,-88,48,-66,34,36,-57,57,104,-8,-69,-5,38,38,9,10,5,3
-33,-2,-71,31,-44,20,93,-84,89,76,3,-69,0,33,55,9,10,5,3
-18,0,-54,12,-24,6,-132,-2608,-259,40,8,-69,6,26,77,9,10,5,3
-2,4,-40,-5,-8,-5,-204,-170,-23,5,4,-66,12,15,97,9,10,5,3
-91,28,-23,48,-88,-60,-168,-217,-47,44,-44,-83,-21,-48,6,9,10,5,3
-89,18,-21,49,-88,-58,-142,-244,-48,66,-23,-82,-4,-49,6,9,10,5,3
-86,10,-19,49,-87,-54,-110,-270,-56,83,-3,-75,-5,-55,8,9,10,5,3
-81,5,-18,53,-86,-49,626,-519,110,91,9,-68,-11,-62,14,9,10,5,3
-89,96,-136,30,-4,-75,542,-409,117,120,50,-74,-19,-67,24,9,10,5,3
-92,97,-133,30,-5,-80,420,-315,114,97,43,-76,-24,-71,36,9,10,5,3
-92,94,-127,31,-9,-84,282,-252,81,78,33,-78,-65,-42,9,9,10,5,3
-88,86,-119,32,-17,-84,27,54,249,67,31,-79,-67,-34,10,9,10,5,3
127,-801,945,972,3519,-2000,3,99,246,61,30,-84,-63,-23,9,9,10,5,3
-91,40,-75,16,-108,-39,-11,125,268,54,-82,-125,-58,-12,8,9,10,5,3
-72,34,-82,-87,20,48,-21,132,337,-1,-103,-95,157,116,99,9,10,5,3
-50,25,-93,-99,41,84,122,-75,260,-49,-116,-68,152,105,113,9,10,5,3
-27,14,-111,-112,62,116,141,-40,270,-74,-114,-54,139,90,120,9,10,5,3
-72,4,-98,-122,82,137,161,1,260,72,-41,-69,120,76,123,9,10,5,3
-81,5,-85,-40,-2,21,181,40,226,88,-38,-61,188,61,-10,9,10,5,3
-89,1,-64,-42,5,6,-33,-245,184,97,-38,-56,190,56,-5,9,10,5,3
-92,-6,-45,-46,16,-6,-58,-405,211,94,-41,-55,190,48,3,9,10,5,3
-92,-7,-38,-52,32,-13,3,-401,235,82,-44,-57,188,40,11,9,10,5,3
28,109,-154,-58,51,-15,87,-304,221,-25,-58,-93,183,31,19,9,10,5,3
21,108,-160,98,42,28,200,-223,182,-4,-75,-97,42,35,-35,9,10,5,3
18,103,-165,105,20,24,202,546,-127,27,-87,-91,53,40,-21,9,10,5,3
16,94,-169,104,0,19,167,506,-77,52,-90,-81,65,41,-4,9,10,5,3
16,81,-171,94,-16,16,132,448,-13,59,-89,-78,76,37,15,9,10,5,3
9,4,-7,80,-29,16,98,371,53,129,-2,-76,87,28,37,9,10,5,3
13,8,7,-87,9,0,70,286,97,137,6,-77,9,39,35,9,10,5,3
17,6,20,-87,6,-3,-171,-198,66,149,14,-80,3,33,29,9,10,5,3
22,0,27,-85,4,-3,-191,-205,66,160,28,-84,0,28,23,9,10,5,3
-21,27,23,-79,1,-2,-204,-206,72,83,-28,-62,3,22,20,9,10,5,3
-21,22,22,9,-56,-75,-203,-197,65,75,-22,-64,-18,-23,-11,9,10,5,3
-19,18,15,10,-54,-84,-88,-256,-26,66,-19,-69,-15,-23,-11,9,10,5,3
-18,14,5,12,-53,-87,-102,-271,-2,62,-10,-80,-10,-26,-12,9,10,5,3
-16,11,-6,15,-51,-85,-106,-298,42,68,0,-90,-9,-29,-9,9,10,5,3
-78,38,-20,19,-48,-77,-104,-340,93,-27,-209,-72,-10,-31,-4,9,10,5,3
-70,43,-12,20,25,52,-89,-357,105,0,-195,-73,-8,-76,26,9,10,5,3
-58,46,-5,17,34,24,85,-275,153,36,-167,-73,-17,-68,12,9,10,5,3
-44,49,-5,13,38,-5,20,-387,0,64,-122,-76,-25,-62,8,9,10,5,3
-30,53,-16,9,38,-34,-8,-378,-4,97,-71,-80,-37,-60,14,9,10,5,3
-132,15,30,4,34,-61,-31,-358,-9,39,-26,-63,-55,-53,29,9,10,5,3
-122,28,13,56,-97,60,-58,-322,-16,45,-34,-72,77,32,113,9,10,5,3
-111,38,0,8,-83,72,-93,-269,-26,64,-48,-79,79,30,122,9,10,5,3
-98,46,-10,-37,-66,81,-97,-283,113,94,-59,-83,74,26,121,9,10,5,3
-85,48,-18,-77,-44,89,-193,-285,150,121,-66,-82,63,26,114,9,10,5,3
-17,-26,-27,-107,-22,91,-250,-247,177,49,-29,-73,49,29,101,9,10,5,3
-25,-31,-16,-4,-30,29,-269,-179,184,44,-29,-74,162,61,40,9,10,5,3
-28,-36,-7,-2,-26,38,557,181,-235,41,-26,-72,169,62,45,9,10,5,3
-33,-40,1,-4,-21,45,228,63,-46,37,-23,-68,171,64,52,9,10,5,3
120,104,-139,-11,-14,51,-59,-98,176,-50,-151,-120,174,64,59,9,10,5,3
117,114,-170,-21,-7,54,-222,-210,396,-15,-153,-119,177,60,65,9,10,5,3
111,120,-202,-108,4,-10,-219,-238,555,11,-151,-110,51,67,53,9,10,5,3
104,123,-232,-109,-15,-4,-167,488,-110,39,-141,-100,45,42,60,9,10,5,3
99,123,-254,-100,-34,0,-176,439,-62,69,-129,-91,41,20,65,9,10,5,3
-65,18,-58,-85,-56,1,-200,379,-15,66,-28,-78,41,5,69,9,10,5,3
-58,25,-44,-69,-78,0,-222,310,13,111,-10,-55,45,-3,72,9,10,5,3
-55,28,-29,10,-11,-1,-232,234,13,134,12,-37,-130,-42,-42,9,10,5,3
-51,34,-9,39,0,-17,-306,418,113,135,38,-29,-120,-38,-74,9,10,5,3
-51,44,22,67,12,-40,-320,363,158,124,62,-32,-99,-32,-94,9,10,5,3
-12,9,-49,87,21,-70,-335,281,175,42,34,-54,-77,-17,-93,9,10,5,3
3,14,-50,98,21,-106,-341,179,177,38,31,-72,-46,2,-75,9,10,5,3
14,21,-47,-22,-5,-43,-333,67,174,47,27,-76,-8,-17,24,9,10,5,3
23,31,-43,-28,-9,-30,351,-571,185,56,28,-76,19,-22,62,9,10,5,3
2495,-948,3360,-33,-16,-10,266,-514,184,50,33,-78,45,-36,96,9,10,5,3
-199,18,-47,-37,-25,16,191,-480,134,14,-50,-90,62,-56,120,9,10,5,3
-208,0,-36,255,-98,-11,112,-437,65,26,-38,-81,-34,-110,23,9,10,5,3
-215,-19,-29,270,-94,-7,0,-13,264,34,-35,-77,-42,-91,22,9,10,5,3
-220,-38,-27,281,-91,-1,10,2,443,34,-30,-76,-48,-73,17,9,10,5,3
1,61,-112,290,-91,2,34,92,475,113,-69,-66,-50,-59,8,9,10,5,3
30,45,-123,3955,3143,524,-51,218,303,142,-20,-77,-48,-47,0,9,10,5,3
59,24,-111,-264,129,-19,-163,201,202,158,32,-87,70,79,74,9,10,5,3
91,7,-83,-222,121,-17,183,256,-69,160,79,-93,84,73,30,9,10,5,3
-20,-15,-14,-182,118,-8,188,258,-82,81,18,-86,94,82,24,9,10,5,3
-28,-21,-5,-144,121,5,194,259,-94,60,14,-80,101,91,22,9,10,5,3
-33,-29,1,30,3,40,197,261,-105,31,8,-73,108,98,21,9,10,5,3
-37,-35,6,29,-1,34,915,-589,154,-4,-10,-71,128,-119,90,9,10,5,3
-2033,-1276,1353,26,-8,26,877,-617,155,-12,-24,-61,124,-133,102,9,10,5,3
10,-12,-158,23,-12,17,862,-673,239,-13,-154,-74,117,-139,110,9,10,5,3
0,-31,-162,5,-92,-111,872,-754,368,-14,-89,-67,103,-135,117,9,10,5,3
-16,-46,-157,8,-100,-83,835,-811,436,-28,-43,-59,87,-121,122,9,10,5,3
-42,-52,-142,11,-105,-58,55,-44,94,-67,-11,-46,131,108,-32,9,10,5,3
-71,-52,-121,14,-108,-35,59,-65,90,-109,9,-41,135,112,0,9,10,5,3
150,-61,213,16,-105,-16,65,-63,99,110,41,-73,147,114,32,9,10,5,3
143,-54,186,108,1,30,54,-49,114,115,29,-56,162,116,58,9,10,5,3
133,-44,148,104,-13,6,35,-60,162,129,1,-44,173,115,78,9,10,5,3
120,-31,108,95,-27,-23,-188,-261,-46,139,-22,-40,143,53,-39,9,10,5,3
103,-15,68,82,-40,-57,-180,-308,-48,143,-33,-45,145,69,-39,9,10,5,3
83,15,32,66,-46,-86,-152,-354,-44,123,-99,-76,143,84,-36,9,10,5,3
93,12,41,17,38,26,-123,-382,-24,162,-82,-72,136,94,-34,9,10,5,3
104,10,50,60,0,61,-105,-395,-31,197,-58,-64,125,96,-35,9,10,5,3
111,9,61,71,-10,71,201,-66,610,210,-17,-72,-5,-53,-1,9,10,5,3
2356,-1068,-3683,82,-15,88,390,-45,652,196,30,-79,-5,-35,-25,9,10,5,3
21,-135,-128,92,-19,107,472,-190,522,270,306,-104,-1,-20,-47,9,10,5,3
29,-96,-101,-36,79,41,455,-374,305,291,299,-125,3,-8,-65,9,10,5,3
38,-56,-83,34,131,50,399,-524,77,254,256,-107,6,1,-78,9,10,5,3
48,-21,-75,100,171,60,180,-144,251,166,163,-58,-2,-135,66,9,10,5,3
50,5,-77,164,189,68,173,-135,260,65,64,-25,21,-117,65,9,10,5,3
-123,18,-52,220,191,74,196,-120,292,211,-34,-97,30,-102,59,9,10,5,3
-87,47,-72,-112,31,160,234,-99,341,203,-33,-74,32,-90,44,9,10,5,3
-50,72,-86,-125,74,168,285,-70,367,179,-34,-60,33,-81,24,9,10,5,3
-16,94,-92,-132,114,160,25,55,112,149,-27,-54,116,119,39,9,10,5,3
11,111,-88,-133,143,140,49,32,110,115,-25,-54,137,125,34,9,10,5,3
-52,-40,-12,-127,158,114,77,19,99,50,-44,-52,158,129,28,9,10,5,3
-43,-37,-4,-88,91,1,100,18,86,41,-46,-50,175,131,25,9,10,5,3
-30,-38,2,-82,99,-11,129,27,76,36,-46,-55,191,131,24,9,10,5,3
-17,-41,9,-78,102,-27,719,-449,124,36,-46,-62,182,-124,163,9,10,5,3
-4,-45,11,-77,106,-40,607,-447,227,40,-49,-68,193,-139,178,9,10,5,3
77,82,-205,-81,111,-49,489,-463,316,-9,-84,-70,200,-147,182,9,10,5,3
77,78,-201,65,4,8,381,-500,371,33,-98,-73,198,-148,178,9,10,5,3
74,73,-188,53,-24,18,308,-525,381,92,-113,-72,190,-143,168,9,10,5,3
68,68,-168,44,-50,26,-174,115,-1,164,-123,-70,38,84,-99,9,10,5,3
61,65,-141,37,-72,26,-213,40,17,241,-122,-61,58,96,-103,9,10,5,3
2,-51,42,31,-92,18,-227,-22,22,143,35,-110,78,112,-100,9,10,5,3
19,-50,37,-51,73,18,-231,-55,7,169,28,-108,98,125,-91,9,10,5,3
35,-51,32,-51,77,11,-228,-76,-13,168,23,-90,116,135,-80,9,10,5,3
50,-53,26,-46,79,11,-318,-70,52,136,16,-75,38,-7,77,9,10,5,3
66,-56,23,-37,79,13,-341,-56,47,98,8,-70,49,6,62,9,10,5,3
48,-27,-31,-25,75,18,-360,-58,37,63,-23,-91,54,18,47,9,10,5,3
51,-27,-33,-61,-22,-86,-379,-73,14,63,-15,-92,58,30,31,9,10,5,3
55,-25,-35,-62,-26,-91,-380,-91,0,74,0,-100,55,41,15,9,10,5,3
61,-19,-33,-65,-29,-95,63,-487,266,94,26,-106,-50,-222,161,9,10,5,3
67,-10,-27,-68,-34,-98,113,-521,251,116,54,-109,-49,-230,157,9,10,5,3
-229,54,-147,-71,-37,-99,147,-548,216,22,7,-31,-46,-235,148,9,10,5,3
-228,48,-129,41,-141,-97,167,-555,182,31,13,-42,-41,-233,136,9,10,5,3
-223,38,-111,31,-134,-71,174,-543,160,43,6,-59,-40,-223,123,9,10,5,3
-213,27,-91,23,-124,-47,-30,55,223,53,-7,-78,-30,26,-30,9,10,5,3
-197,15,-67,17,-114,-30,14,277,106,62,-15,-91,-33,29,-13,9,10,5,3
-8,-34,44,12,-105,-22,74,499,53,53,-50,-83,-32,30,10,9,10,5,3
1,-50,24,-93,20,65,83,662,61,42,-48,-85,-27,31,36,9,10,5,3
10,-61,9,-102,33,52,68,729,60,34,-49,-83,-19,34,62,9,10,5,3
19,-66,0,-108,43,39,134,20,121,29,-50,-75,174,94,6,9,10,5,3
27,-67,-6,-110,49,26,147,75,187,28,-55,-63,164,91,0,9,10,5,3
41,-16,149,-110,55,11,133,122,225,89,-48,-61,158,90,-6,9,10,5,3
59,-13,132,-6,174,-27,135,164,217,69,-27,-55,157,92,-12,9,10,5,3
78,-12,110,-18,183,-49,189,154,152,56,-24,-24,164,93,-13,9,10,5,3
92,-12,90,-34,194,-74,786,-184,237,33,-58,-5,25,-62,67,9,10,5,3
108,-10,70,-52,205,-99,566,-152,139,-14,-87,-24,18,-38,57,9,10,5,3
-73,-134,320,-72,218,-122,289,-117,83,171,-7,-44,20,-11,55,9,10,5,3
-92,-131,326,76,-190,-94,8,-54,129,150,-7,-63,29,20,57,9,10,5,3
-108,-122,309,89,-182,-108,-228,33,192,138,-5,-75,41,51,58,9,10,5,3
-122,-110,268,100,-173,-119,-269,-577,171,131,-8,-80,9,13,57,9,10,5,3
-138,-95,215,109,-166,-124,-259,-633,167,117,-13,-77,-39,-68,34,9,10,5,3
15,100,-2,114,-161,-124,-250,-680,143,75,-36,-84,-46,-61,44,9,10,5,3
-4,102,20,125,-83,73,-223,-709,122,129,-61,-64,-51,-49,54,9,10,5,3
-27,98,46,132,-90,71,-174,-703,109,163,-81,-35,-58,-36,61,9,10,5,3
-47,91,77,135,-92,65,-59,-407,-106,171,-82,-19,-66,-26,66,9,10,5,3
-60,79,106,134,-92,55,-47,-377,-73,161,-70,-19,-77,-28,-7,9,10,5,3
5,-39,166,130,-88,44,-33,-363,-37,-20,-79,-82,-94,-36,6,9,10,5,3
-16,-33,154,130,-89,101,-12,-399,47,0,-111,-88,-107,-44,20,9,10,5,3
-40,-25,117,3,42,69,-23,-437,123,24,-139,-79,-109,-49,33,9,10,5,3
-60,-20,63,-19,70,32,115,-523,118,42,-164,-58,-97,-54,45,9,10,5,3
-74,-21,0,-38,91,-2,93,-466,110,53,-173,-43,-52,-68,-2,9,10,5,3
-144,-7,53,-54,104,-35,73,-398,106,13,-26,-102,-47,-65,-10,9,10,5,3
-166,-36,22,-63,110,-60,58,-344,104,11,-37,-116,-38,-60,-18,9,10,5,3
-176,-62,4,-54,-48,112,23,-313,99,19,-33,-121,-27,-57,-29,9,10,5,3
-171,-83,0,-83,-28,84,74,321,152,34,-16,-112,-19,-55,-41,9,10,5,3
-159,-98,2,-107,-8,49,333,-10,175,52,11,-90,79,50,76,9,10,5,3
2,-63,-125,-126,8,12,363,-21,138,-5,-81,-21,103,49,62,9,10,5,3
-4,-75,-140,-138,24,-22,354,-73,136,15,-47,-25,126,52,49,9,10,5,3
-9,-79,-144,-84,109,-52,306,-138,166,48,-15,-48,142,60,39,9,10,5,3
-12,-73,-135,-76,102,-71,234,-186,182,91,5,-69,151,72,36,9,10,5,3
-12,-64,-117,-68,95,-86,318,166,-86,131,16,-76,151,69,12,9,10,5,3
-60,-27,9,-57,89,-95,382,114,-72,31,-69,-111,143,70,25,9,10,5,3
-64,-23,21,-46,83,-100,426,73,-79,4,-67,-63,136,71,38,9,10,5,3
-65,-20,29,88,7,18,438,39,-98,-30,-52,-65,133,69,48,9,10,5,3
-61,-19,33,114,2,21,434,13,-109,-61,-40,-70,129,64,54,9,10,5,3
-57,-18,36,138,-4,16,353,488,-21,-76,-27,-76,159,11,20,9,10,5,3
-39,37,28,154,-11,-4,444,465,-70,-86,-14,-79,157,20,0,9,10,5,3
-9,-9,61,158,-20,-41,512,412,-132,55,2,-68,150,28,-21,9,10,5,3
16,-57,87,-13,138,5,561,337,-187,34,7,-41,145,36,-39,9,10,5,3
38,-101,105,-18,148,25,600,272,-218,16,-4,-22,139,43,-55,9,10,5,3
55,-142,116,-22,162,40,143,-81,235,8,-2,-68,0,7,101,9,10,5,3
106,6,15,-25,177,51,157,-20,273,45,-23,-51,5,11,94,9,10,5,3
89,13,9,26,-18,55,138,-9,304,32,-21,-66,16,14,88,9,10,5,3
75,19,3,29,-22,48,69,-16,319,24,-29,-61,32,17,86,9,10,5,3
64,24,-1,26,-25,36,-106,-30,21,13,-48,-57,-67,-31,-36,9,10,5,3
2296,1899,1280,18,-27,25,-349,57,-111,6,-72,-68,-76,-16,-48,9,10,5,3
91,94,-204,10,-29,14,-630,-23,-135,204,-262,-203,-68,-5,-70,9,10,5,3
116,112,-228,-48,96,111,-795,-200,-144,213,-374,-151,-49,0,-85,9,10,5,3
140,129,-239,-95,102,96,-787,-403,-154,250,-433,-113,-15,4,-85,9,10,5,3
172,144,-239,-123,98,82,78,-121,124,354,-245,-98,-44,-113,46,9,10,5,3
203,159,-226,-134,82,72,63,-79,100,391,-55,-29,-54,-111,29,9,10,5,3
-171,-113,22,-138,51,62,50,-33,75,107,84,-113,-59,-111,12,9,10,5,3
-157,-89,32,114,-18,93,51,1,59,55,8,-69,-62,-111,-3,9,10,5,3
-147,-67,34,110,-18,88,40,23,46,-6,-74,-85,-66,-110,-15,9,10,5,3
-140,-47,31,105,-18,84,16,82,135,-47,-99,-108,24,39,200,9,10,5,3
-137,-34,26,101,-16,85,78,94,121,-60,-63,-96,25,42,186,9,10,5,3
30,39,-223,101,-16,90,136,101,105,60,-99,-98,23,45,171,9,10,5,3
42,55,-224,-66,-10,-117,179,100,90,66,-90,-93,24,50,152,9,10,5,3
55,65,-223,-76,-15,-101,205,91,79,81,-65,-84,26,58,132,9,10,5,3
67,71,-218,-83,-26,-84,580,-648,166,103,-26,-69,144,5,68,9,10,5,3
-214,201,-110,-86,-38,-68,658,-637,150,-55,-63,-105,178,-9,89,9,10,5,3
-238,193,-161,21,36,-59,735,-628,126,-30,-81,-106,201,-36,123,9,10,5,3
-244,181,-207,27,0,-83,782,-634,120,0,-106,-99,227,-62,146,9,10,5,3
-232,165,-242,25,-41,-102,157,482,130,28,-124,-93,54,234,149,9,10,5,3
-201,147,-265,13,-79,-116,68,397,139,43,-135,-89,82,249,152,9,10,5,3
22,23,-99,-4,-109,-124,-43,301,148,113,-99,-63,96,251,136,9,10,5,3
17,25,-102,-4,7,57,-169,209,154,115,-90,-66,96,235,112,9,10,5,3
17,26,-97,-15,5,71,-243,141,141,116,-62,-60,89,207,88,9,10,5,3
21,27,-82,-25,6,71,-272,-119,-35,110,-26,-53,-31,-19,-18,9,10,5,3
31,28,-54,-31,8,62,-152,-239,-36,94,13,-48,-45,-23,-23,9,10,5,3
-74,-2,-19,-36,7,48,-146,-215,-44,8,0,-83,-54,-21,-25,9,10,5,3
-72,-8,-15,92,4,-26,-147,-240,-48,6,0,-77,-54,-14,-20,9,10,5,3
-68,-11,-14,101,17,-24,-149,-269,-44,18,4,-73,-49,-3,-13,9,10,5,3
-63,-12,-15,105,27,-16,329,-635,28,46,12,-73,97,-84,146,9,10,5,3
-27,7,-128,107,32,-4,358,-606,21,88,42,-68,88,-90,125,9,10,5,3
-34,1,-125,2268,-1554,3352,310,-607,-1,84,61,-72,76,-95,103,9,10,5,3
-44,-1,-119,155,-43,3,221,-599,-6,68,72,-78,58,-96,83,9,10,5,3
-60,-2,-109,146,-36,9,85,7,204,49,68,-79,-57,-23,-15,9,10,5,3
-76,-3,-94,137,-29,11,119,-19,263,31,56,-70,-59,-17,-18,9,10,5,3
-56,19,-57,132,-24,10,122,-48,307,45,-50,-88,-57,-14,-16,9,10,5,3
-33,16,-57,130,-23,4,55,-5,291,55,-32,-93,-53,-13,-7,9,10,5,3
-9,16,-47,-188,62,25,54,59,270,69,-14,-95,-41,-14,3,9,10,5,3
14,17,-30,-185,73,6,84,108,-65,81,1,-90,47,143,-15,9,10,5,3
36,19,-6,-180,84,-10,67,112,-61,89,8,-87,43,142,-16,9,10,5,3
-47,-31,100,-177,92,-27,53,114,-50,109,0,-34,38,138,-18,9,10,5,3
-56,-42,116,-174,96,-44,46,113,-38,104,-16,-42,34,131,-19,9,10,5,3
-59,-55,124,2,43,-81,52,116,-30,102,-26,-48,31,124,-18,9,10,5,3
-58,-68,121,-13,58,-65,333,-517,270,96,-40,-52,238,-174,162,9,10,5,3
-52,-77,109,-31,72,-46,363,-476,285,89,-53,-57,212,-149,147,9,10,5,3
75,-5,-149,-46,82,-29,420,-465,297,103,-22,-103,181,-120,128,9,10,5,3
89,-26,-91,-74,-32,-109,473,-453,288,118,19,-87,145,-90,105,9,10,5,3
98,-47,-29,-59,-37,-102,-310,257,-44,130,61,-65,70,130,30,9,10,5,3
101,-69,31,-42,-45,-95,-253,117,2,139,95,-45,64,118,13,9,10,5,3
101,-90,89,-26,-55,-90,-168,15,69,144,122,-38,53,108,-4,9,10,5,3
88,78,15,-12,-64,-84,-136,-46,99,64,-7,-44,39,100,-20,9,10,5,3
66,79,5,34,17,-60,-160,-92,100,48,5,-60,28,96,-32,9,10,5,3
40,78,-5,51,-1,-59,34,247,150,29,10,-72,59,106,36,9,10,5,3
15,75,-17,69,-20,-52,-9,185,154,13,8,-80,65,101,47,9,10,5,3
98,61,-80,88,-39,-39,-45,105,166,20,53,-86,72,92,52,9,10,5,3
92,77,-87,104,-56,-22,-73,10,164,21,55,-95,81,78,54,9,10,5,3
84,90,-91,-73,-7,31,-238,-589,19,23,71,-94,43,-74,96,9,10,5,3
78,101,-93,-55,-8,48,-161,-615,79,36,85,-94,35,-99,114,9,10,5,3
-268,-15,-43,-32,-10,63,-87,-591,146,79,12,-84,31,-119,129,9,10,5,3
-274,-40,-58,-7,-10,76,-17,-531,208,65,-1,-86,26,-136,141,9,10,5,3
-276,-65,-74,164,-132,-68,43,41,126,49,-23,-81,-58,19,-24,9,10,5,3
-276,-87,-94,134,-131,-67,62,56,125,35,-51,-80,-54,23,-12,9,10,5,3
18,78,46,105,-131,-64,57,47,136,117,-44,-96,-46,28,-1,9,10,5,3
29,75,37,80,-130,-64,37,23,161,105,-44,-111,-38,31,4,9,10,5,3
39,70,21,56,-125,-66,19,-2,188,91,-38,-121,-30,33,11,9,10,5,3
47,61,2,-191,150,-33,-18,-18,47,79,-26,-121,125,112,-1,9,10,5,3
48,-7,-95,-182,149,-50,38,2,16,69,55,-51,124,102,-4,9,10,5,3
31,3,-67,-169,145,-62,92,17,-19,84,70,-63,124,93,-4,9,10,5,3
16,11,-36,-152,140,-69,146,18,-46,94,73,-70,123,90,2,9,10,5,3
4,15,-4,37,69,-80,-35,-479,253,96,63,-66,95,-70,56,9,10,5,3
-1681,2718,2717,40,70,-96,16,-426,283,86,49,-57,113,-51,78,9,10,5,3
95,-84,5,39,77,-95,89,-409,294,176,29,-55,128,-34,95,9,10,5,3
104,-106,36,33,86,-75,150,-432,325,176,33,-70,135,-21,107,9,10,5,3
109,-119,65,-15,-40,-17,-78,-274,164,167,34,-82,130,128,39,9,10,5,3
106,-123,86,-23,-36,-26,-90,-294,178,142,19,-86,123,120,43,9,10,5,3
54,-12,49,-37,-28,-32,-109,-303,196,101,38,-82,110,109,45,9,10,5,3
61,-17,43,-52,-16,-36,-107,-290,201,106,52,-76,92,94,45,9,10,5,3
68,-20,40,-12,17,-15,3064,-1220,579,96,58,-68,70,80,43,9,10,5,3
72,-22,43,-14,7,-26,-191,-240,90,76,54,-73,-39,-10,26,9,10,5,3
76,-22,43,-18,-3,-35,-190,-292,70,61,37,-82,-46,-19,20,9,10,5,3
-102,8,-14,-24,-16,-40,-202,-325,55,143,43,-134,-44,-29,9,9,10,5,3
-97,13,-19,-26,-31,-39,-214,-327,42,152,49,-120,-38,-38,-1,9,10,5,3
-89,14,-26,38,-59,24,-212,-304,31,141,33,-74,-30,-45,-8,9,10,5,3
-78,17,-33,36,-62,33,-182,-26,49,111,3,-33,1,-106,62,9,10,5,3
-62,27,-32,28,-58,33,-179,-6,38,98,-29,-11,3,-94,67,9,10,5,3
23,-39,22,17,-51,23,-177,-35,30,36,-71,-108,7,-78,70,9,10,5,3
64,-57,13,6,-40,5,-162,-119,24,43,-116,-118,12,-62,70,9,10,5,3
100,-65,1,-58,-84,-86,-139,-237,19,64,-113,-123,16,-47,68,9,10,5,3
125,-62,-10,-44,-70,-86,32,-52,181,100,-52,-122,56,-236,35,9,10,5,3
138,-50,-17,-23,-54,-83,-29,48,172,135,35,-118,71,-236,43,9,10,5,3
-138,-229,-82,4,-38,-76,-202,160,159,-50,-58,-63,81,-229,50,9,10,5,3
-136,-195,-66,39,-23,-66,-316,222,215,-30,-51,-77,86,-218,50,9,10,5,3
-139,-161,-46,-71,-81,28,-356,332,226,5,-25,-87,87,-200,49,9,10,5,3
-145,-125,-26,-55,-64,23,402,106,-171,47,10,-87,-97,36,46,9,10,5,3
-152,-92,-3,-38,-48,18,427,156,-217,81,48,-84,-102,32,41,9,10,5,3
-103,-53,-14,-24,-34,15,426,198,-245,81,32,-45,-102,27,36,9,10,5,3
-109,-43,-3,-11,-23,12,388,237,-240,77,68,-60,-102,21,28,9,10,5,3
-106,-25,7,-170,162,121,316,271,-208,54,86,-68,-97,17,18,9,10,5,3
-89,-5,16,-163,182,118,618,-752,233,17,97,-58,73,-12,69,9,10,5,3
-59,12,20,-148,199,115,572,-686,162,-28,90,-44,59,1,60,9,10,5,3
-140,-92,24,-125,207,111,471,-652,92,142,71,-56,48,15,51,9,10,5,3
-137,-96,43,-99,206,105,386,-570,69,131,61,-57,39,27,42,9,10,5,3
-132,-97,57,-39,-31,-102,317,-447,94,120,49,-60,31,37,37,9,10,5,3
-122,-93,63,-66,-13,-98,-281,-386,81,110,43,-60,131,165,9,9,10,5,3
-111,-87,62,-94,5,-88,-246,-407,110,103,40,-58,129,150,21,9,10,5,3
167,-72,88,-117,27,-77,-183,-341,152,87,39,-50,119,137,36,9,10,5,3
167,-72,77,-137,46,-69,-104,-251,174,82,38,-31,107,124,49,9,10,5,3
161,-68,60,-25,-9,-79,-40,-183,141,76,32,-38,93,113,60,9,10,5,3
147,-61,43,-21,-43,-60,-93,-160,0,76,29,-57,172,96,-47,9,10,5,3
-86,-181,91,-11,-90,-15,-106,-85,-47,177,60,-75,210,116,-24,9,10,5,3
245,242,69,10,-148,57,-104,3,-58,169,73,-78,233,139,-3,9,10,5,3
248,291,31,59,629,-2965,-77,93,-3,160,73,-85,232,165,8,9,10,5,3
240,323,-13,-91,47,-68,-123,-224,115,149,60,-86,66,69,-5,9,10,5,3
228,336,-58,-112,31,-89,-19,-244,148,138,46,-80,78,57,9,9,10,5,3
223,205,-60,-130,21,-103,68,-264,172,-26,-131,3,91,49,27,9,10,5,3
183,238,-55,-145,16,-104,129,-307,170,-33,-105,-26,110,48,48,9,10,5,3
117,265,-46,541,-263,-38,93,234,303,-19,-47,-58,33,-40,-12,9,10,5,3
36,292,-42,515,-275,-63,138,255,325,4,10,-89,25,-36,-10,9,10,5,3
-154,29,68,473,-277,-90,171,278,253,112,17,-65,10,-42,-5,9,10,5,3
-128,30,32,418,-270,-118,171,283,141,116,25,-54,-9,-55,0,9,10,5,3
-102,27,-2,-96,-33,-20,234,-32,97,116,39,-53,33,96,28,9,10,5,3
-78,25,-34,-87,-30,-27,320,-22,17,112,50,-61,29,89,24,9,10,5,3
270,-3675,3401,-77,-24,-33,393,-12,-56,102,53,-72,25,87,19,9,10,5,3
3,-5,34,-64,-19,-38,450,-5,-106,47,46,-61,22,87,17,9,10,5,3
4,-1,37,-74,90,-21,261,-758,120,35,49,-68,211,-41,94,9,10,5,3
9,0,37,-64,107,2,165,-675,59,22,54,-65,203,-63,95,9,10,5,3
18,2,34,-55,126,22,45,-619,82,12,57,-62,189,-78,92,9,10,5,3
21,-48,29,-47,145,34,-49,-616,168,159,46,-19,175,-88,85,9,10,5,3
6,-80,61,-39,160,42,-92,-635,258,156,44,-39,157,-92,78,9,10,5,3
-7,-109,93,-4,26,-112,88,302,-54,147,43,-58,-64,57,-74,9,10,5,3
-20,-134,122,-11,44,-123,69,242,-11,143,39,-66,-66,60,-78,9,10,5,3
-61,-31,47,-5,57,-123,41,183,27,-15,85,-54,-61,61,-77,9,10,5,3
-70,-28,36,5,60,-117,0,131,42,-7,70,-54,-51,65,-75,9,10,5,3
-81,-26,18,-105,139,17,253,-70,132,-6,40,-47,68,0,101,9,10,5,3
-86,-26,0,-93,157,43,-262,210,-67,-21,0,-56,32,-24,118,9,10,5,3
-3090,-3347,-1705,-75,171,68,-277,220,-115,-39,-39,-77,-2,-44,126,9,10,5,3
-50,-54,-96,-46,180,89,-242,259,-121,55,65,-80,-32,-65,121,9,10,5,3
-59,-62,-91,-3,-10,-74,-196,303,-77,60,79,-84,-48,-84,106,9,10,5,3
-65,-67,-84,12,-11,-69,-158,324,-30,58,86,-83,10,-17,30,9,10,5,3
-70,-68,-75,25,-12,-67,-18,-183,206,49,84,-74,-4,-24,24,9,10,5,3
-72,-64,-63,38,-14,-62,38,-244,191,40,76,-63,-21,-28,21,9,10,5,3
-74,66,-46,50,-14,-52,-22,-378,222,17,94,-86,-28,-34,19,9,10,5,3
-54,54,-55,1,25,-100,-123,-567,219,16,109,-63,-29,-39,19,9,10,5,3
-30,38,-58,-12,30,-110,-184,-737,213,23,119,-72,59,31,0,9,10,5,3
-2,24,-55,-26,35,-115,-152,-384,191,21,124,-92,62,31,10,9,10,5,3
23,12,-52,-36,40,-117,-216,-322,192,20,107,-100,65,31,24,9,10,5,3
-11,-37,17,-44,42,-114,-265,-269,170,123,-18,-73,65,32,40,9,10,5,3
-9,-34,3,59,-25,39,-291,-211,149,120,-34,-73,68,34,56,9,10,5,3
-6,-30,-7,4,2,15,-290,-143,133,114,-41,-78,87,112,36,9,10,5,3
-2,-26,-14,-14,15,1,100,-98,131,109,-39,-85,87,113,39,9,10,5,3
0,-22,-19,-32,29,-14,122,-79,111,102,-31,-96,84,113,39,9,10,5,3
5,-72,-29,-48,40,-30,153,-66,87,-3711,-3304,19,80,110,36,9,10,5,3
12,-71,-18,-31,77,107,176,-64,49,75,12,-60,143,-5,116,9,10,5,3
19,-66,0,-23,85,114,-2427,3617,-2881,72,0,-57,127,-29,120,9,10,5,3
25,-59,22,-13,93,111,283,-765,54,63,-18,-57,114,-49,123,9,10,5,3
30,-49,44,-4,97,103,212,-520,102,51,-36,-57,102,-65,127,9,10,5,3
-10,-119,54,5,95,96,132,-339,177,36,-47,-59,95,-78,131,9,10,5,3
-9,-122,95,-49,-11,3,51,-229,223,103,43,-56,27,33,48,9,10,5,3
-9,-115,134,-45,-3,-14,-17,-136,242,93,22,-65,14,28,26,9,10,5,3
-10,-101,166,-36,0,-29,-1103,-341,62,75,6,-77,0,26,3,9,10,5,3
-13,-84,187,-24,4,-39,-706,-186,-92,53,-7,-91,-15,30,-18,9,10,5,3
34,-17,-37,-10,6,-43,-226,-90,-182,34,-26,-97,-19,35,-41,9,10,5,3
30,-21,-1,8,-6,38,272,-84,-237,47,-64,-48,91,16,131,9,10,5,3
26,-25,36,18,-13,57,657,-129,-170,63,-62,-56,96,23,122,9,10,5,3
22,-30,69,28,-13,72,-151,-158,45,85,-41,-56,98,30,104,9,10,5,3
19,-35,95,35,-7,82,-152,-138,69,102,-16,-56,92,36,87,9,10,5,3
-61,45,141,38,3,85,-193,-94,75,109,12,-54,85,45,69,9,10,5,3
-66,26,131,142,-89,104,-237,-77,55,219,-12,-156,102,-44,37,9,10,5,3
-65,0,113,132,-71,90,-351,-211,-41,246,33,-136,83,-48,13,9,10,5,3
-59,-24,97,114,-52,63,-284,-119,-17,244,76,-91,66,-53,-8,9,10,5,3
3630,-1958,942,91,-34,28,-219,-62,3,217,113,-59,46,-47,-24,9,10,5,3
-117,57,-20,102,-54,4,-182,-47,3,10,37,-17,-21,-70,73,9,10,5,3
-134,65,-12,93,-61,6,-164,-66,-11,21,62,-31,-19,-74,78,9,10,5,3
-147,66,-7,89,-67,7,-90,-22,193,35,81,-45,-17,-75,82,9,10,5,3
-157,60,-5,90,-73,4,-52,30,175,45,85,-53,-17,-72,83,9,10,5,3
-4,-20,-90,-7,-79,11,-3,70,156,61,59,-57,21,81,16,9,10,5,3
-17,-15,-76,-10,-78,17,46,91,146,27,48,-57,24,80,16,9,10,5,3
-32,-8,-59,-13,-73,18,533,31,-65,5,33,-53,24,83,19,9,10,5,3
-46,-5,-42,-15,-67,14,585,-63,-46,-3,17,-51,27,88,24,9,10,5,3
98,19,-5,-60,117,-19,658,-181,-50,44,54,-72,99,-7,25,9,10,5,3
109,26,-14,-56,123,-1,612,-198,-67,43,87,-78,106,-25,35,9,10,5,3
117,37,-23,-52,127,17,-133,-3201,2949,29,96,-81,121,-44,40,9,10,5,3
116,57,-32,-48,129,28,206,-118,281,4,80,-84,136,-63,41,9,10,5,3
104,82,-38,-45,130,23,107,-26,324,-17,48,-84,143,-73,37,9,10,5,3
-7,-50,233,56,-60,126,-34,18,384,142,1,-49,-18,-19,74,9,10,5,3
-10,-52,205,63,-60,102,-184,77,410,143,22,-61,-31,-5,39,9,10,5,3
-11,-59,165,72,-56,74,-139,-102,-159,148,36,-62,-37,6,6,9,10,5,3
-10,-68,118,84,-51,43,-104,-94,-146,157,51,-77,-37,14,-24,9,10,5,3
36,-30,128,43,-1,191,-86,-91,-119,82,139,-81,22,-13,79,9,10,5,3
40,-38,127,59,-3,180,-97,-84,-88,84,123,-59,16,-24,74,9,10,5,3
41,-40,122,72,-11,166,-503,-117,-232,81,112,-38,17,-38,72,9,10,5,3
41,-35,116,83,-23,150,-312,-47,-257,80,120,-30,13,-49,70,9,10,5,3
-63,19,-176,41,-49,-43,-167,71,-212,87,34,-57,49,79,7,9,10,5,3
-53,24,-156,24,-47,-36,-102,142,-135,59,30,-46,62,87,20,9,10,5,3
-42,27,-131,4,-45,-30,-73,150,-68,41,23,-49,81,87,36,9,10,5,3
-33,29,-101,-15,-41,-22,-345,-110,-211,31,18,-56,96,80,56,9,10,5,3
-24,32,-68,-35,-38,-11,-306,-48,-228,26,21,-58,101,73,74,9,10,5,3
-57,57,55,93,-9,148,-255,22,-235,207,102,-55,37,-98,85,9,10,5,3
-81,57,51,113,2,170,-221,90,-231,220,75,-30,26,-97,78,9,10,5,3
-104,59,53,130,9,182,-130,4,-43,218,39,-7,21,-93,70,9,10,5,3
-127,68,59,143,6,187,-173,171,-30,212,-5,7,17,-87,65,9,10,5,3
151,-34,96,21,29,-11,-163,301,-33,35,132,-36,-8,-103,23,9,10,5,3
135,-13,70,46,33,-10,-101,347,-55,38,105,-45,-9,-103,26,9,10,5,3
110,8,42,70,32,-7,110,46,128,42,78,-54,-12,-97,27,9,10,5,3
78,28,14,89,28,-6,183,130,125,43,56,-66,-15,-87,23,9,10,5,3
83,-24,-2,-24,16,31,234,195,109,103,72,-85,-9,46,21,9,10,5,3
93,-20,-11,-36,26,21,265,219,87,100,80,-79,-18,38,19,9,10,5,3
98,-16,-21,-47,34,9,269,210,85,101,84,-79,-24,34,19,9,10,5,3
98,-12,-29,-54,39,-3,363,-57,-35,99,89,-83,-26,33,18,9,10,5,3
95,-8,-34,-59,42,-18,393,-80,-43,99,91,-88,-22,35,18,9,10,5,3
-21,16,-8,-63,-4,-11,419,-102,-54,61,13,-59,91,78,50,9,10,5,3
-15,13,-15,-75,3,-17,446,-117,-66,60,17,-62,97,81,51,9,10,5,3
-9,8,-20,-85,10,-19,-74,-576,113,60,24,-64,101,82,51,9,10,5,3
-3,5,-21,-90,16,-17,-130,-587,139,61,28,-68,105,79,48,9,10,5,3
40,70,4,-7,82,53,-186,-586,159,-7,-103,-61,126,-21,88,9,10,5,3
36,74,5,-4,73,55,-223,-581,176,9,-123,-70,112,-24,71,9,10,5,3
30,78,-1,1,67,54,-3301,-706,870,32,-137,-80,96,-26,50,9,10,5,3
24,79,-17,11,64,50,148,253,25,61,-140,-89,79,-26,21,9,10,5,3
-73,-53,52,47,-72,-27,86,223,50,71,0,-84,24,25,29,9,10,5,3
-67,-49,30,55,-66,-23,31,186,58,72,-1,-81,19,25,20,9,10,5,3
-61,-46,6,63,-60,-15,-15,148,69,81,-3,-75,16,27,10,9,10,5,3
-59,-42,-19,75,-54,-2,-206,-52,112,94,1,-69,13,31,1,9,10,5,3
-55,-37,-44,89,-49,11,-197,-48,127,104,5,-64,10,38,-4,9,10,5,3
-135,50,-47,139,-57,-33,-182,-33,157,23,-81,-57,12,-8,26,9,10,5,3
-150,41,-53,138,-84,-36,-157,-21,178,30,-105,-75,31,26,26,9,10,5,3
-158,31,-56,133,-110,-39,-137,-23,183,37,-120,-90,51,59,25,9,10,5,3
-162,16,-62,125,-131,-42,-198,-84,86,40,-127,-96,67,85,25,9,10,5,3
-162,0,-68,113,-144,-47,-219,-97,82,41,-137,-94,81,105,24,9,10,5,3
93,55,0,-34,1,17,-228,-106,71,54,27,-84,25,14,8,9,10,5,3
78,49,-17,33,-56,17,-232,-113,64,60,25,-82,28,11,10,9,10,5,3
63,43,-30,39,-57,19,-1259,-3197,156,66,30,-81,32,7,14,9,10,5,3
49,39,-39,44,-56,21,-121,-793,92,67,30,-80,32,0,18,9,10,5,3
-201,-11,-97,48,-53,22,-120,-718,147,68,27,-82,31,-6,22,9,10,5,3
-186,-13,-88,54,-49,20,-163,-589,201,18,44,-66,10,-32,-4,9,10,5,3
-168,-16,-82,43,-62,14,-148,-424,155,23,51,-72,15,-31,0,9,10,5,3
-151,-23,-78,50,-52,32,-84,-318,88,19,60,-90,19,-29,8,9,10,5,3
-134,-28,-74,58,-40,44,-226,-141,211,14,76,-101,21,-27,18,9,10,5,3
-17,-31,-18,67,-25,48,-254,-173,97,17,86,-100,20,-26,27,9,10,5,3
-12,-34,-27,71,-11,47,-309,-193,9,72,39,-73,-7,127,-40,9,10,5,3
-2,-33,-35,-91,83,-23,-382,-208,-15,84,67,-100,-8,133,-59,9,10,5,3
13,-30,-39,-94,77,-27,-456,-188,-17,98,93,-90,-3,139,-70,9,10,5,3
35,-28,-39,-92,68,-24,225,-104,119,105,98,-75,4,142,-70,9,10,5,3
-42,3,-51,-87,60,-17,165,-140,140,101,93,-84,12,146,-60,9,10,5,3
-39,2,-42,-82,52,-8,120,-185,153,16,31,-66,62,122,6,9,10,5,3
-33,-2,-29,-32,-16,-44,92,-233,170,14,31,-61,64,117,7,9,10,5,3
-29,-10,-19,-34,-13,-36,93,-272,182,15,40,-55,66,114,7,9,10,5,3
-30,-16,-13,-37,-8,-25,-199,-226,202,22,47,-60,71,109,6,9,10,5,3
-22,14,-2,-36,-2,-13,-190,-204,178,36,53,-67,80,107,8,9,10,5,3
-19,19,-9,-32,6,-3,-164,-192,161,-38,3,-65,170,-34,62,9,10,5,3
-11,25,-18,-16,165,48,-152,-202,178,-38,-23,-66,168,-36,62,9,10,5,3
-2,30,-29,-17,169,30,-136,-232,208,-36,-56,-78,161,-38,57,9,10,5,3
7,37,-40,-18,169,9,279,354,-32,-30,-78,-89,148,-38,50,9,10,5,3
-43,-72,115,-20,164,-12,349,302,-30,-19,-93,-95,132,-35,40,9,10,5,3
-47,-63,75,-22,157,-32,401,260,-51,76,0,-92,-13,53,-56,9,10,5,3
-50,-51,37,11,-46,-82,426,252,-76,62,9,-90,-17,64,-59,9,10,5,3
-54,-40,3,-2,-46,-72,432,255,-83,50,20,-83,-16,79,-59,9,10,5,3
-58,-29,-29,-15,-46,-61,-154,-219,155,46,27,-76,-14,94,-57,9,10,5,3
-57,11,0,-26,-46,-50,-140,-138,139,42,30,-76,-15,107,-50,9,10,5,3
-51,6,11,-33,-45,-41,-121,-65,122,72,-14,-64,24,-19,45,9,10,5,3
-41,-1,17,1,8,30,-102,-15,121,74,-20,-63,26,-18,51,9,10,5,3
-27,-9,20,-35,17,-11,-86,23,126,84,-25,-68,20,-17,61,9,10,5,3
-12,-17,19,-44,7,-18,-37,-35,230,93,-26,-80,14,-16,68,9,10,5,3
-212,5,-55,-50,-5,-21,-207,-166,222,99,-30,-89,10,-14,65,9,10,5,3
-226,-4,-61,-53,-18,-18,-340,-313,201,81,-34,-47,-16,-30,-63,9,10,5,3
-231,-12,-67,-50,-33,-12,-416,-448,135,75,-13,-58,-13,-15,-67,9,10,5,3
-228,-15,-75,-109,-24,-6,-406,-524,98,71,-1,-74,-8,4,-68,9,10,5,3
-217,-13,-82,-113,-18,-5,-326,81,-119,75,-7,-84,-1,27,-65,9,10,5,3
55,53,47,-111,-11,-3,-288,137,-107,72,-23,-90,5,49,-58,9,10,5,3
59,47,59,-106,-5,0,-275,155,-84,120,85,-50,87,-79,100,9,10,5,3
64,40,68,-98,0,0,-279,141,-58,106,111,-53,90,-90,96,9,10,5,3
70,33,76,16,-37,14,-301,110,-27,87,124,-58,89,-90,89,9,10,5,3
77,26,80,30,-37,33,-84,-182,132,68,121,-63,87,-83,82,9,10,5,3
-93,-33,14,46,-35,43,-70,-60,144,55,102,-67,79,-69,74,9,10,5,3
-99,-33,25,60,-32,47,-49,-38,153,67,46,-57,-18,-45,44,9,10,5,3
-105,-36,34,75,-29,48,-36,-22,161,69,18,-67,-15,-34,41,9,10,5,3
-112,-40,39,-7,-69,-28,-32,-15,177,63,-1,-71,-11,-24,40,9,10,5,3
-117,-42,41,-18,-64,-29,-27,-18,195,74,-10,-68,-11,-14,43,9,10,5,3
98,-52,0,-30,-56,-29,138,-195,53,45,97,-53,60,160,42,9,10,5,3
103,-56,0,-45,-47,-30,127,-215,44,44,98,-66,65,158,42,9,10,5,3
103,-57,-1,-6,13,30,108,-213,34,40,94,-70,69,156,42,9,10,5,3
101,-56,-2,7,12,36,95,-201,17,40,86,-62,73,153,43,9,10,5,3
87,-20,66,19,13,38,-119,-554,479,-19,68,-72,212,-39,119,9,10,5,3
92,-5,37,29,15,39,-9,-829,323,-14,56,-79,203,-55,118,9,10,5,3
96,13,5,661,3878,1736,66,-910,141,-14,36,-89,198,-69,108,9,10,5,3
99,37,-21,31,-8,-92,87,-849,16,-21,19,-91,192,-79,92,9,10,5,3
102,64,-43,32,-40,-51,59,-763,-23,-42,5,-85,182,-86,71,9,10,5,3
-36,-92,1,32,-69,-3,237,172,-165,171,-29,-105,-10,84,-117,9,10,5,3
-28,-76,-44,28,-95,48,188,145,-130,154,-17,-93,-2,107,-130,9,10,5,3
-12,-61,-79,-246,68,-20,120,106,-108,128,-12,-90,-1,129,-140,9,10,5,3
8,-50,-98,-252,60,-15,45,62,-117,100,-6,-91,-3,148,-148,9,10,5,3
55,38,-113,-252,49,-10,211,458,4,86,82,-86,-27,-35,17,9,10,5,3
41,41,-124,-241,36,-6,345,445,44,83,104,-79,-27,-38,13,9,10,5,3
24,47,-130,107,-109,1,379,444,52,78,105,-73,-26,-41,9,9,10,5,3
9,57,-131,113,-107,6,349,446,55,71,97,-66,-27,-43,10,9,10,5,3
-9,5,-46,118,-108,7,-309,4,43,-27,43,-74,948,2564,164,9,10,5,3
4,12,-42,122,-105,4,-263,47,57,-28,64,-80,47,-50,61,9,10,5,3
15,18,-37,72,-6,49,-182,91,67,-24,82,-83,49,-63,73,9,10,5,3
21,25,-31,82,0,72,-93,107,90,-14,88,-86,45,-78,78,9,10,5,3
-12,163,-75,87,6,100,-327,-106,-3,-22,134,-64,43,-87,75,9,10,5,3
-36,150,-39,86,18,129,-181,54,37,-10,133,-42,5,-67,-28,9,10,5,3
-57,128,-7,363,-53,14,-77,139,65,2,123,-32,15,-42,-24,9,10,5,3
-73,104,21,371,-57,15,-67,142,50,-4,109,-43,23,-23,-24,9,10,5,3
-151,15,32,363,-65,17,404,149,412,73,50,-57,23,-15,-26,9,10,5,3
-141,25,26,346,-73,18,445,149,340,88,42,-60,-50,70,42,9,10,5,3
-130,36,15,-107,-104,1,462,91,224,102,28,-65,-46,95,40,9,10,5,3
-120,46,0,-131,-97,-15,473,25,170,114,14,-74,-42,119,39,9,10,5,3
405,2241,-2114,-149,-90,-31,470,-28,177,131,4,-90,-36,141,35,9,10,5,3
32,14,-18,-165,-78,-43,199,-285,5,114,11,-57,126,154,69,9,10,5,3
20,16,-12,-47,75,103,165,-198,33,112,0,-61,145,149,79,9,10,5,3
13,17,6,-44,83,87,96,-72,78,112,-3,-68,159,142,86,9,10,5,3
10,19,30,-43,92,66,23,55,130,109,5,-67,163,136,87,9,10,5,3
119,147,-180,-43,97,42,60,-851,1,41,-139,-130,65,74,-64,9,10,5,3
120,142,-214,-2330,967,-3299,138,-796,45,64,-102,-126,43,95,-85,9,10,5,3
121,137,-242,-52,-100,1,158,-750,129,84,-53,-113,26,110,-96,9,10,5,3
123,129,-262,-19,-114,14,179,-669,221,99,9,-95,13,121,-101,9,10,5,3
-117,-22,-86,17,-122,19,206,-212,-95,103,100,-79,-35,125,-96,9,10,5,3
-115,-25,-70,57,-126,22,229,-291,-5,93,126,-71,-12,121,-74,9,10,5,3
-113,-32,-58,-65,-45,10,237,-342,103,71,139,-77,9,115,-53,9,10,5,3
-114,-40,-40,-55,-32,26,210,-391,226,49,136,-81,28,109,-31,9,10,5,3
-114,-49,-16,-39,-18,54,134,-499,360,44,121,-87,38,104,-7,9,10,5,3
21,56,-53,-19,5,98,-424,199,89,83,238,-96,40,-15,54,9,10,5,3
-7,49,-56,75,-54,-20,-545,109,69,54,237,-74,55,-17,61,9,10,5,3
-34,42,-60,90,-58,-22,-646,-2,52,27,204,-51,59,-23,64,9,10,5,3
-59,34,-66,103,-61,-22,-719,-115,9,11,135,-38,70,-27,58,9,10,5,3
76,50,93,113,-63,-21,-504,143,203,73,41,-34,109,-43,142,9,10,5,3
66,62,92,-24,16,13,-398,-406,108,93,77,-96,106,-43,138,9,10,5,3
51,76,92,-21,17,-15,-373,-240,89,77,100,-101,100,-40,129,9,10,5,3
35,89,90,-20,15,-45,-350,-141,13,62,122,-109,90,-35,116,9,10,5,3
-81,-44,45,-20,9,-75,-320,-85,-58,46,142,-110,10,-107,64,9,10,5,3
-90,-43,31,220,-27,35,-112,90,175,77,46,-70,4,-98,54,9,10,5,3
-99,-39,19,204,-38,12,-156,107,188,62,51,-75,0,-87,43,9,10,5,3
-106,-36,10,184,-50,-5,-161,152,216,54,56,-81,-6,-76,31,9,10,5,3
-22,-9,-13,162,-61,-18,-126,193,238,56,57,-87,11,150,45,9,10,5,3
1,-14,2,-76,4,33,106,-192,56,65,50,-77,15,154,46,9,10,5,3
23,-18,14,-79,14,18,141,-209,23,75,53,-77,19,157,49,9,10,5,3
43,-22,24,-82,25,2,171,-226,-7,83,56,-75,22,156,54,9,10,5,3
44,-61,59,-84,36,-13,192,-238,-28,87,56,-67,70,60,70,9,10,5,3
44,-52,74,-82,41,-25,202,-244,-40,96,47,-60,75,40,80,9,10,5,3
44,-42,80,45,83,21,-768,-778,152,25,-93,-78,78,21,89,9,10,5,3
43,-31,77,37,77,0,-709,-815,265,31,-90,-89,82,4,94,9,10,5,3
130,-111,-16,26,72,-21,-593,-875,362,31,-81,-94,11,186,-131,9,10,5,3
135,-130,49,15,66,-40,-509,-915,351,23,-66,-94,41,175,-84,9,10,5,3
137,-142,114,-7,20,-100,-300,-268,162,0,-67,-40,72,160,-31,9,10,5,3
135,-149,175,-22,11,-119,-363,-283,152,0,-41,-52,91,141,21,9,10,5,3
5,17,58,-37,7,-121,-382,-253,187,17,-18,-57,30,-23,113,9,10,5,3
19,11,45,-53,5,-111,-377,-225,228,49,0,-55,6,-36,84,9,10,5,3
28,7,24,82,-54,-60,-499,113,-10,29,94,-63,-14,-50,47,9,10,5,3
31,3,0,69,-57,-50,-471,53,10,11,102,-49,-34,-65,13,9,10,5,3
74,-12,-43,53,-54,-39,-417,20,-4,8,106,-39,72,87,29,9,10,5,3
82,-4,-34,36,-46,-33,-339,-3,-20,5,112,-34,70,72,45,9,10,5,3
89,5,-24,30,62,133,-347,-38,127,110,98,-64,63,55,55,9,10,5,3
95,16,-10,35,55,125,-339,43,40,126,94,-61,50,39,60,9,10,5,3
-286,22,-237,37,49,115,-403,288,-65,129,91,-46,61,-63,-60,9,10,5,3
-303,30,-248,39,40,107,-608,553,-38,130,73,-39,64,-35,-32,9,10,5,3
-315,39,-247,-22,14,78,-426,-59,-88,7,72,-94,68,-4,-3,9,10,5,3
-319,42,-239,17,59,95,-321,-43,-31,3,114,-94,71,25,23,9,10,5,3
-158,35,-68,59,98,107,-217,-22,21,-1,140,-89,37,-21,42,9,10,5,3
-178,8,-75,94,124,112,-143,-17,66,-5,148,-79,47,-20,52,9,10,5,3
-194,-17,-74,106,-114,-119,-376,73,-138,23,3,-57,62,-22,67,9,10,5,3
-208,-38,-60,74,-103,-131,-265,202,-145,-8,7,-43,74,-22,85,9,10,5,3
248,-63,58,36,-88,-126,-142,314,-123,-38,6,-24,-5,9,56,9,10,5,3
254,-59,44,-5,-68,-105,-49,396,-96,-58,8,-9,-5,12,47,9,10,5,3
251,-51,29,25,-26,-22,158,-164,42,120,5,-71,-5,18,40,9,10,5,3
237,-38,17,21,-44,-41,141,-245,19,116,8,-71,-2,26,33,9,10,5,3
-9,67,-25,15,-57,-57,130,-319,-35,104,16,-67,162,3,70,9,10,5,3
-10,93,-52,10,-66,-70,129,-345,-108,83,26,-57,158,-9,74,9,10,5,3
-11,116,-74,-32,98,-67,-146,-299,-23,91,-38,-87,156,-14,82,9,10,5,3
-10,139,-93,-30,76,-95,-70,-170,53,96,-30,-80,154,-13,95,9,10,5,3
-2959,-1943,490,-31,56,-115,-6,-79,150,95,-14,-79,156,-9,103,9,10,5,3
-63,-3,-47,-37,37,-125,49,33,221,80,17,-67,-17,62,-36,9,10,5,3
-80,1,-55,33,-47,-51,3657,1974,-166,74,48,-61,-11,68,-43,9,10,5,3
-94,4,-60,23,-42,-41,-462,-151,383,27,63,-53,0,73,-48,9,10,5,3
-106,-1,-64,11,-37,-34,-321,167,116,21,61,-46,12,76,-48,9,10,5,3
88,19,-25,-3,-32,-29,-243,162,49,23,54,-53,-20,-12,-20,9,10,5,3
74,15,-26,22,-35,1,-119,180,43,32,51,-65,-18,3,-20,9,10,5,3
62,9,-27,14,-40,11,44,232,70,45,53,-75,-18,20,-16,9,10,5,3
48,2,-27,7,-45,19,189,295,74,11,85,-106,-5,35,-5,9,10,5,3
35,-5,-24,2,-48,27,-193,17,60,2,74,-72,8,49,6,9,10,5,3
13,17,14,-1,-50,32,-245,-28,-7,-14,77,-75,50,25,29,9,10,5,3
17,12,20,15,-25,89,-277,-66,-76,-29,84,-86,47,36,34,9,10,5,3
21,12,28,32,-13,119,-283,-95,-135,-41,94,-95,47,42,42,9,10,5,3
26,15,37,50,-3,137,-274,-123,-159,-46,104,-101,50,40,56,9,10,5,3
26,22,50,65,2,136,-243,86,-102,-105,96,-60,46,26,77,9,10,5,3
28,-52,104,82,-24,46,-300,44,-91,-76,72,-90,-3,-102,18,9,10,5,3
40,-47,101,79,-13,42,-343,-3,-61,-53,60,-100,-12,-114,9,9,10,5,3
45,-38,94,78,-4,33,-371,-28,-19,-38,55,-98,-24,-123,0,9,10,5,3
45,-28,80,83,1,24,-387,-20,18,-18,43,-92,-34,-126,-6,9,10,5,3
40,-19,62,90,4,15,-241,-49,120,-16,91,-90,-41,-123,-13,9,10,5,3
9,-13,-102,-59,-27,-35,-272,-1,173,-2,128,-86,-17,63,-5,9,10,5,3
3,-12,-119,-46,-28,-53,-275,31,197,19,165,-88,-26,50,-3,9,10,5,3
-4,-10,-133,-29,-28,-63,-246,50,196,33,205,-104,-33,42,5,9,10,5,3
-13,-8,-140,-7,-30,-61,145,-144,48,49,-14,-70,-35,42,19,9,10,5,3
77,0,6,-95,71,-6,74,-131,107,41,-35,-52,100,79,47,9,10,5,3
96,4,1,-93,86,0,24,-102,169,34,-49,-39,92,67,50,9,10,5,3
112,8,-6,-89,102,10,-25,-51,238,25,-55,-37,83,54,54,9,10,5,3
126,14,-12,-86,121,22,-1828,-789,11,17,-54,-45,78,39,57,9,10,5,3
47,-26,-158,-36,23,-120,273,-355,-75,85,18,-111,5,156,-25,9,10,5,3
84,-82,201,-59,35,-120,401,-490,-92,82,46,-93,17,151,4,9,10,5,3
89,-87,183,-79,44,-108,513,-581,-113,96,78,-51,33,143,37,9,10,5,3
92,-90,157,-95,51,-84,599,-621,-89,124,93,0,50,134,68,9,10,5,3
91,-88,126,-31,39,-40,-472,360,26,40,115,-87,21,32,7,9,10,5,3
89,-85,92,-29,36,-31,-472,335,-1,41,129,-72,18,35,7,9,10,5,3
7,4,54,-28,33,-21,-459,293,-19,46,133,-60,13,40,6,9,10,5,3
0,5,51,-26,31,-11,-436,259,-30,55,128,-46,12,47,3,9,10,5,3
-6,8,46,48,-34,7,-190,-46,260,86,101,-22,22,-75,64,9,10,5,3
-11,11,39,50,-31,12,-203,-3,198,71,90,-24,23,-80,60,9,10,5,3
-70,-25,-12,52,-27,13,-207,38,135,62,90,-47,24,-77,51,9,10,5,3
-69,-28,4,55,-26,7,-201,73,87,61,104,-69,26,-67,39,9,10,5,3
-67,-29,22,55,14,-29,-368,-347,118,182,143,-25,129,12,91,9,10,5,3
-60,-28,42,19,8,-37,-341,-306,115,154,117,-48,136,32,114,9,10,5,3
132,94,-72,-17,-3,-38,-385,-282,118,116,59,-121,136,48,125,9,10,5,3
112,93,-84,-53,-17,-32,-465,-280,89,121,-8,-184,133,56,123,9,10,5,3
89,87,-100,-7,-8,-157,-75,-25,165,30,54,-88,11,-138,-51,9,10,5,3
67,75,-115,43,-3,-143,-48,0,151,15,31,-75,7,-131,-60,9,10,5,3
48,62,-127,87,0,-132,-29,9,144,11,5,-65,0,-120,-59,9,10,5,3
-14,-41,-9,120,2,-121,-15,13,155,9,0,-61,-8,-105,-47,9,10,5,3
0,-34,-9,150,1,-109,-10,4,160,12,12,-64,-15,-87,-30,9,10,5,3
11,-28,-16,64,-20,-114,-164,208,17,-6,-169,-49,3,-29,47,9,10,5,3
14,-23,-26,66,-19,-112,-50,65,0,8,-210,-23,-5,-38,58,9,10,5,3
-23,-23,106,74,-24,-107,74,-47,17,19,-217,0,-18,-42,65,9,10,5,3
-23,-8,85,84,-33,-99,133,-108,52,18,-201,11,-35,-39,73,9,10,5,3
-23,4,61,-158,53,-85,211,-243,-46,81,130,-51,-23,203,-104,9,10,5,3
-21,15,35,-177,45,-97,219,-220,-53,0,125,-72,-27,194,-120,9,10,5,3
63,51,0,-186,36,-115,218,-162,-61,-9,100,-69,-30,181,-132,9,10,5,3
50,69,-34,-181,24,-130,195,-90,-45,-15,72,-70,-30,171,-139,9,10,5,3
37,83,-68,57,24,-8,-40,-412,104,-12,45,-75,-27,163,-141,9,10,5,3
23,94,-99,69,0,-25,-26,-320,130,118,80,-70,-5,89,43,9,10,5,3
7,104,-127,82,-25,-41,-6,-227,139,113,100,-70,-14,82,35,9,10,5,3
-11,-34,-41,97,-49,-54,22,-145,140,100,114,-70,-18,70,26,9,10,5,3
0,-36,-45,3471,1376,-2548,68,-76,135,85,117,-69,-18,53,17,9,10,5,3
9,-39,-46,-32,32,8,-184,18,156,72,111,-70,-19,37,8,9,10,5,3
15,-39,-45,-35,33,13,-175,-9,176,37,46,-74,53,97,22,9,10,5,3
20,-37,-40,-39,37,20,-173,-37,216,55,45,-77,53,93,17,9,10,5,3
40,-2,-21,-45,43,26,-177,-61,264,67,51,-83,49,87,17,9,10,5,3
45,-14,-23,-49,52,31,-179,-78,290,78,50,-92,43,79,21,9,10,5,3
50,-24,-21,-104,-32,52,-83,-208,35,75,52,-87,35,67,29,9,10,5,3
52,-31,-11,-141,-31,64,-26,-183,60,-54,255,-62,-71,56,94,9,10,5,3
53,-35,2,-178,-28,66,-14,-161,98,-11,224,-87,-89,4,79,9,10,5,3
-358,81,46,-211,-24,62,-33,-138,107,29,223,-93,-106,-44,64,9,10,5,3
-435,52,-30,-237,-20,54,-72,-94,81,44,260,-64,-118,-89,51,9,10,5,3
-507,19,-100,413,-202,-183,-352,500,10,32,296,-41,-120,-132,35,9,10,5,3
-570,-21,-155,382,-221,-134,-261,524,-18,-25,8,-68,-73,81,52,9,10,5,3
-625,-65,-190,339,-235,-87,-180,520,-54,-57,23,-55,-78,128,81,9,10,5,3
305,48,69,281,-240,-45,-120,487,-109,-82,49,-50,-84,168,103,9,10,5,3
88,5,40,216,-236,-12,-64,435,-156,-88,95,-43,-82,215,121,9,10,5,3
50,0,45,150,-11,39,175,-313,237,-93,150,-36,-66,255,127,9,10,5,3
15,-2,48,172,-18,24,170,-348,182,97,4,-83,-42,-68,-35,9,10,5,3
-15,0,49,192,-23,9,157,-340,143,36,-9,-69,-37,-21,-33,9,10,5,3
-36,1,48,205,-23,-6,148,-329,143,8,-17,-66,-24,33,-25,9,10,5,3
248,-85,92,212,-26,-27,117,-349,130,-23,0,-50,-6,91,-12,9,10,5,3
259,-66,87,-64,150,46,735,-187,15,-44,20,-48,10,152,3,9,10,5,3
264,-47,73,-61,143,72,609,-194,88,-48,35,-64,100,-67,53,9,10,5,3
265,-29,56,-55,140,91,455,-174,167,-5,-65,-89,127,-69,61,9,10,5,3
255,-14,47,-45,137,98,270,-126,211,-8,-91,-93,149,-72,70,9,10,5,3
26,162,-134,-32,136,93,-38,-193,271,-21,-75,-85,172,-80,76,9,10,5,3
35,155,-122,-34,66,-66,16,-89,100,-11,-63,-106,-2382,-608,-553,9,10,5,3
41,147,-110,-20,42,-80,100,54,118,-3,-84,-104,-11,102,42,9,10,5,3
43,136,-95,-4,15,-93,200,188,135,87,1,-35,3,133,61,9,10,5,3
43,122,-79,9,-12,-102,303,299,157,94,-6,-43,15,155,75,9,10,5,3
29,-40,-59,19,-42,-112,392,375,171,108,-7,-53,18,165,83,9,10,5,3
41,-29,-51,-147,71,-29,-93,54,115,118,-5,-61,-7,113,-5,9,10,5,3
55,-16,-36,-53,36,46,-93,100,140,-12,-4,-80,-2,109,-4,9,10,5,3
71,-7,-15,-36,32,54,-122,161,143,1,-23,-83,2,105,2,9,10,5,3
-331,-186,1185,-17,26,60,-201,258,144,20,-29,-83,10,101,11,9,10,5,3
-138,-30,-24,4,22,67,-318,389,161,52,-32,-88,17,93,19,9,10,5,3
-130,-40,-33,30,19,77,-296,176,-80,83,-26,-100,16,31,-54,9,10,5,3
-120,-52,-31,0,-24,-57,-294,103,-90,-8,45,-48,19,32,-48,9,10,5,3
-104,-62,-24,-12,-16,-52,-267,52,-110,-16,49,-45,22,33,-39,9,10,5,3
-86,-70,-23,-24,-8,-47,-233,21,-118,-15,58,-37,20,33,-29,9,10,5,3
-15,114,-267,-34,-1,-44,-207,4,-100,0,82,-34,20,36,-20,9,10,5,3
-34,119,-289,-40,2,-41,-40,249,-85,21,113,-36,3,28,5,9,10,5,3
-54,122,-291,134,-29,74,-98,238,-111,1,39,-83,5,16,0,9,10,5,3
-69,121,-275,149,-35,83,-186,208,-123,-7,49,-79,7,0,-4,9,10,5,3
-73,113,-239,167,-42,87,-278,176,-125,-20,63,-74,13,-12,-6,9,10,5,3
-88,-45,43,182,-48,83,-367,151,-135,-36,78,-68,20,-23,-5,9,10,5,3
-67,-44,22,187,-50,71,-93,-219,171,-48,91,-69,-21,113,-8,9,10,5,3
-42,-43,0,-166,73,-33,-97,-151,175,31,158,-63,-39,115,-24,9,10,5,3
-15,-40,-18,-179,66,-46,-111,-75,159,29,160,-64,-49,119,-33,9,10,5,3
12,-34,-36,-185,56,-57,-139,-4,149,27,156,-70,-53,124,-35,9,10,5,3
-90,-15,3,-182,44,-66,-168,54,152,29,154,-72,-46,128,-29,9,10,5,3
-78,-8,4,-171,33,-73,-535,-590,90,30,152,-69,119,84,29,9,10,5,3
-65,0,0,-163,73,-24,-602,-601,93,15,28,-64,132,86,40,9,10,5,3
-57,9,-10,-154,77,-14,-637,-614,83,25,25,-68,136,84,53,9,10,5,3
-50,21,-16,-140,83,-6,-639,-629,72,32,23,-64,138,81,65,9,10,5,3
-18,-105,10,-124,86,1,-624,-638,70,38,20,-62,136,78,75,9,10,5,3
-23,-114,35,-103,86,11,364,153,-52,48,22,-65,14,10,73,9,10,5,3
-25,-118,57,32,24,-8,353,159,-50,31,116,-51,7,11,61,9,10,5,3
-23,-117,74,15,25,-20,324,167,-47,27,109,-58,0,15,48,9,10,5,3
27,-3,-5,-1,22,-31,270,169,-28,26,98,-67,-8,20,33,9,10,5,3
23,0,-10,-16,18,-41,203,153,9,22,86,-72,-14,28,20,9,10,5,3
22,2,-14,-28,14,-46,235,75,34,19,75,-73,26,-86,52,9,10,5,3
21,5,-15,68,-10,-17,243,169,-27,75,106,-82,15,-83,41,9,10,5,3
22,7,-14,51,-20,-26,283,247,-77,74,115,-94,0,-68,33,9,10,5,3
39,5,-23,32,-27,-40,343,289,-92,65,130,-95,-5,-45,24,9,10,5,3
36,14,-24,14,-33,-57,378,312,-78,56,121,-85,-7,-17,15,9,10,5,3
28,23,-23,-3,-39,-73,-668,-308,390,47,100,-67,118,-93,127,9,10,5,3
16,33,-20,105,-97,-53,-812,-367,424,119,4,-102,119,-84,115,9,10,5,3
1,41,-16,94,-98,-54,-877,-374,371,88,-14,-105,116,-73,102,9,10,5,3
82,38,12,84,-93,-50,-867,-323,276,55,-11,-103,112,-57,87,9,10,5,3
105,37,38,76,-84,-40,-857,-245,197,32,9,-102,111,-38,76,9,10,5,3
116,33,61,68,-72,-29,-26,-3,118,4,43,-78,-23,18,23,9,10,5,3
120,29,76,81,-74,77,17,32,134,32,114,-52,-20,32,27,9,10,5,3
117,23,86,58,-75,75,49,52,174,28,120,-62,-14,49,36,9,10,5,3
16,18,8,33,-72,69,94,40,212,27,119,-66,-3,69,52,9,10,5,3
15,21,5,9,-65,59,166,19,194,25,113,-70,5,85,70,9,10,5,3
13,21,1,-9,-56,48,-108,117,107,36,105,-75,18,258,-58,9,10,5,3
13,16,-2,-1125,1427,-3668,-123,176,161,116,164,-60,26,266,-58,9,10,5,3
14,6,-6,-4,-14,-19,-160,212,206,107,161,-55,32,265,-54,9,10,5,3
-10,0,18,9,-14,1,-181,223,240,95,140,-56,39,259,-50,9,10,5,3
0,9,25,23,-13,18,-376,-408,-47,106,118,-65,203,43,52,9,10,5,3
7,23,34,38,-7,27,-319,-430,-67,122,108,-70,163,45,27,9,10,5,3
13,42,41,52,1,27,-281,-419,-70,-3997,-3702,2743,131,46,-4,9,10,5,3
21,62,40,0,139,66,-251,-340,-28,27,-64,-89,114,51,-31,9,10,5,3
-15,33,-223,0,115,33,-227,-202,50,16,-54,-96,108,57,-56,9,10,5,3
-37,9,-193,0,89,7,684,204,-78,15,-49,-98,26,19,129,9,10,5,3
-54,-18,-142,-1,61,-21,626,76,-76,30,-46,-99,50,25,152,9,10,5,3
-68,-48,-76,-5,36,-61,558,-25,-70,56,-19,-103,56,29,171,9,10,5,3
-86,-79,-2,-65,-78,-173,472,-97,-39,14,45,-87,44,30,180,9,10,5,3
43,-2,14,-86,-71,-176,363,-161,26,1,58,-82,32,34,174,9,10,5,3
60,-4,34,-104,-59,-172,333,7,189,-1,56,-67,20,37,85,9,10,5,3
75,-8,52,-120,-49,-162,335,70,185,-9,37,-44,28,27,101,9,10,5,3
89,-10,69,-137,-41,-149,265,126,160,-14,13,-33,36,18,110,9,10,5,3
102,-12,86,-54,-36,-99,148,161,143,-49,88,-134,36,8,114,9,10,5,3
-41,-10,-68,-46,-45,-112,-269,250,-107,-34,90,-119,-13,-50,-53,9,10,5,3
-47,-15,-56,-37,-51,-126,-208,295,-170,0,77,-82,-4,-40,-33,9,10,5,3
-48,-20,-40,-28,-54,-138,-139,364,-230,31,56,-50,5,-28,-9,9,10,5,3
-47,-22,-23,-18,-56,-147,-97,434,-224,43,35,-40,11,-19,16,9,10,5,3
-45,-24,-3,55,0,103,-88,464,-158,-29,116,-104,14,-11,42,9,10,5,3
28,19,-159,35,-17,99,-821,109,-226,-62,148,-120,44,-15,6,9,10,5,3
33,22,-176,11,-31,88,-730,139,-175,-90,165,-118,6,-127,-8,9,10,5,3
33,29,-186,-15,-37,66,-608,170,-120,-106,154,-105,4,-117,-8,9,10,5,3
27,36,-188,335,-112,154,-468,184,-57,102,53,-75,5,-101,-4,9,10,5,3
-156,46,-30,305,-95,120,22,-135,172,89,62,-73,7,-81,4,9,10,5,3
-125,71,-29,270,-80,81,13,-133,161,75,65,-72,1,-68,17,9,10,5,3
-87,92,-28,230,-66,43,12,-133,147,62,61,-77,-9,189,34,9,10,5,3
-53,101,-26,-103,49,57,16,-138,134,41,80,-64,0,192,37,9,10,5,3
55,-45,-2,-94,51,54,86,-398,56,65,67,-57,5,195,37,9,10,5,3
39,-41,0,-88,55,47,73,-409,23,81,58,-57,8,197,35,9,10,5,3
22,-31,-4,-80,54,38,57,-421,-23,90,52,-60,151,131,49,9,10,5,3
24,-24,-5,2411,874,2239,40,-444,-63,97,54,-62,154,109,51,9,10,5,3
19,-27,1,-18,186,70,17,-476,-104,-12,-72,-83,157,86,51,9,10,5,3
26,110,-173,-21,179,51,-75,-337,58,28,-84,-65,162,63,56,9,10,5,3
23,84,-175,-23,168,31,184,-301,74,59,-96,-63,169,44,64,9,10,5,3
25,57,-174,-30,157,13,395,-242,105,87,-107,-73,0,43,114,9,10,5,3
29,26,-169,-42,141,-2,524,-166,119,104,-113,-88,5,4,116,9,10,5,3
40,-6,-157,109,-66,-61,562,-81,133,68,54,-67,4,-25,110,9,10,5,3
-150,-24,-69,106,-71,-41,-128,-101,5,51,49,-71,-2,-44,98,9,10,5,3
-149,-18,-71,105,-77,-21,-126,-137,69,46,55,-81,-19,-36,-10,9,10,5,3
-146,-13,-77,105,-79,-5,-130,-166,127,43,73,-87,-15,-46,-4,9,10,5,3
-141,-8,-80,101,-59,-39,-128,-176,162,83,119,-58,-10,-56,4,9,10,5,3
-43,-29,0,95,-60,-42,-387,444,165,103,117,-45,-3,-63,14,9,10,5,3
-31,-20,12,89,-57,-42,-513,395,135,111,105,-45,-1,-70,27,9,10,5,3
-17,-11,22,83,-53,-40,-628,343,167,97,93,-44,-6,119,-29,9,10,5,3
0,-2,25,-172,-17,-24,-706,302,179,-55,18,-131,-9,139,-33,9,10,5,3
58,83,11,-177,-16,-9,-530,184,312,-48,36,-130,-10,157,-35,9,10,5,3
51,81,7,-177,-12,6,-689,262,305,-36,62,-110,-14,166,-33,9,10,5,3
39,80,8,-168,-9,22,-834,255,305,-2,91,-95,93,-67,17,9,10,5,3
19,79,14,-1673,2647,1635,-847,310,-12,20,126,-105,78,-64,0,9,10,5,3
-4,78,23,86,-57,-45,-905,380,-169,-21,83,-117,60,-57,-12,9,10,5,3
-46,3,66,98,-46,-25,-80,153,161,-30,58,-103,42,-45,-19,9,10,5,3
-46,11,73,114,-36,-6,75,202,141,-45,56,-85,-18,3,11,9,10,5,3
-46,19,82,137,-22,11,203,182,138,-47,77,-69,-25,15,10,9,10,5,3
-46,23,91,-80,-5,-10,268,131,143,31,115,-52,-32,31,9,9,10,5,3
72,3,-28,-80,0,-11,45,-131,119,33,138,-36,-35,47,8,9,10,5,3
-7,-18,14,-78,3,-11,64,-148,108,32,150,-40,3,117,61,9,10,5,3
-5,-18,44,-74,6,-9,76,-161,106,18,146,-64,5,120,63,9,10,5,3
2,-14,82,-81,-26,-10,83,-171,108,22,30,-70,8,121,62,9,10,5,3
16,-7,122,-83,-35,-40,-194,-431,151,20,14,-77,11,118,56,9,10,5,3
66,126,35,-83,-42,-68,-305,-371,176,22,-1,-83,127,28,147,9,10,5,3
79,141,53,-80,-48,-94,-423,-340,183,25,-21,-91,127,29,157,9,10,5,3
83,152,57,-11,-8,-51,-526,-358,150,90,30,-93,126,38,158,9,10,5,3
80,151,40,0,-21,-63,385,-308,-110,65,46,-78,126,54,149,9,10,5,3
2534,-2785,-1554,5,-28,-75,365,-347,-116,39,73,-68,123,76,134,9,10,5,3
38,-22,4,5,-28,-83,347,-369,-104,29,102,-62,-11,87,-7,9,10,5,3
41,-21,11,-554,3884,-1509,334,-379,-86,32,112,-59,-8,93,-1,9,10,5,3
45,-20,24,-21,10,-33,313,-365,-64,30,92,-84,-2,96,8,9,10,5,3
51,-17,40,-14,5,-41,205,169,75,33,109,-45,1,94,18,9,10,5,3
50,12,44,-10,-1,-45,115,327,-19,15,119,-47,-19,2,12,9,10,5,3
59,16,37,-8,-9,-43,109,338,-25,7,130,-44,-26,0,-1,9,10,5,3
66,20,25,39,-46,-111,109,356,-25,7,136,-46,-29,-6,-15,9,10,5,3
70,23,11,45,-52,-112,95,390,-47,0,38,-49,-35,-14,-24,9,10,5,3
-134,-79,88,50,-59,-109,-458,356,116,21,43,-61,158,-104,124,9,10,5,3
-133,-67,84,57,-65,-102,-674,-67,35,31,63,-69,157,-101,123,9,10,5,3
-133,-54,68,2562,-1354,1254,-689,-10,1,40,81,-75,153,-100,119,9,10,5,3
-133,-41,40,-68,-64,-33,-666,45,-23,-8,24,-108,147,-98,109,9,10,5,3
-133,-30,3,-49,-47,-31,-603,92,-46,-1,29,-99,140,-93,93,9,10,5,3
-60,23,1,-24,-29,-27,-508,131,-61,-4,49,-93,15,-27,61,9,10,5,3
-90,21,9,5,-10,-19,44,-210,276,-12,85,-95,16,-35,60,9,10,5,3
-119,18,15,35,9,-10,-28,-232,296,-27,126,-100,17,-41,49,9,10,5,3
-144,13,18,-42,-51,67,-93,-243,314,36,81,-61,18,-44,32,9,10,5,3
-161,6,20,-60,-34,52,-139,-245,313,27,81,-62,17,-45,12,9,10,5,3
112,13,-65,-79,-18,38,-163,-242,296,19,86,-64,2,178,3,9,10,5,3
111,1,-74,-94,-7,27,64,-419,-22,18,88,-65,8,192,-2,9,10,5,3
110,-9,-81,-109,1,20,51,-498,-59,19,86,-67,17,207,-6,9,10,5,3
108,-18,-88,-72,75,-16,68,-540,-93,11,-24,-88,27,220,-9,9,10,5,3
106,-25,-90,-61,76,-24,87,-524,-69,25,-23,-87,34,230,-11,9,10,5,3
-59,71,-136,-50,78,-27,42,-509,-28,31,-22,-84,88,126,39,9,10,5,3
-48,54,-117,-43,81,-26,322,-374,-80,34,-24,-84,73,127,37,9,10,5,3
-35,36,-97,-38,82,-21,349,-195,5,36,-30,-86,61,125,34,9,10,5,3
-24,19,-73,-5,-3,-52,330,-162,10,50,33,-76,53,123,30,9,10,5,3
-15,5,-49,-4,-7,-51,304,-132,22,52,32,-77,42,121,27,9,10,5,3
44,0,7,-8,-9,-48,279,-107,27,56,32,-73,16,88,42,9,10,5,3
47,6,3,-14,-10,-47,245,-93,40,58,35,-67,10,80,41,9,10,5,3
49,13,-2,-20,-12,-44,37,122,245,60,36,-64,3,70,37,9,10,5,3
49,18,-7,53,-29,10,41,142,240,7,66,-44,-1,62,32,9,10,5,3
49,21,-13,62,-34,18,29,174,250,10,54,-54,-7,55,25,9,10,5,3
-9,1,-44,73,-36,25,18,220,261,8,54,-67,2,-64,-8,9,10,5,3
-11,6,-52,81,-36,30,22,269,235,3,60,-75,31,-116,27,9,10,5,3
-17,11,-56,90,-35,34,-175,147,32,-3,62,-83,39,-123,35,9,10,5,3
-26,16,-58,142,-19,66,-125,200,65,81,79,-63,48,-128,41,9,10,5,3
-36,20,-55,130,-16,57,-89,282,116,96,64,-67,58,-127,44,9,10,5,3
-99,49,-146,118,-13,36,-117,380,157,113,52,-77,67,-125,47,9,10,5,3
-88,47,-117,107,-11,9,-221,458,183,124,51,-95,7,6,13,9,10,5,3
-70,42,-82,96,-10,-21,1,111,127,127,66,-117,10,-4,13,9,10,5,3
-44,36,-45,174,7,5,45,51,127,76,95,-52,14,-15,14,9,10,5,3
-12,27,-10,184,-72,49,79,-6,125,79,86,-51,18,-25,17,9,10,5,3
17,-19,-5,171,-79,58,107,-53,119,79,78,-55,21,-37,19,9,10,5,3
30,-1,-9,154,-82,65,121,-80,119,77,71,-61,-42,126,32,9,10,5,3
37,13,-15,131,-84,67,73,-613,-177,70,70,-69,-38,126,35,9,10,5,3
40,25,-21,105,-86,61,152,-471,-162,3,73,-96,-36,124,40,9,10,5,3
42,35,-24,-52,-17,17,221,-339,-101,4,79,-96,-36,121,46,9,10,5,3
-41,7,-34,-55,-20,9,241,-225,-18,6,76,-98,-34,119,51,9,10,5,3
-35,2,-40,-59,-20,0,207,-123,46,7,67,-99,75,128,39,9,10,5,3
-30,-2,-37,-62,-19,-10,-817,-699,-240,14,64,-86,68,104,38,9,10,5,3
-24,-6,-28,-67,-16,-20,-856,-601,-173,-26,-15,-68,61,80,33,9,10,5,3
-13,-9,-16,25,176,72,-805,-456,-84,-35,-11,-74,58,58,27,9,10,5,3
90,67,-137,34,171,82,-695,-275,9,-38,-16,-77,56,40,18,9,10,5,3
81,63,-144,40,163,94,-590,-71,68,-31,-24,-81,-45,112,0,9,10,5,3
72,56,-143,42,152,108,217,-550,-102,-12,-44,-93,-46,112,-4,9,10,5,3
64,44,-138,40,139,119,167,-577,-75,93,80,-65,-51,107,-7,9,10,5,3
55,29,-132,62,-36,67,139,-563,-18,85,68,-62,-54,102,-11,9,10,5,3
-17,22,-22,61,-12,92,122,-508,66,72,43,-60,-54,98,-12,9,10,5,3
-8,31,-20,68,9,106,105,-428,164,58,27,-63,-36,97,-82,9,10,5,3
1,34,-21,78,27,109,396,-28,-49,54,24,-70,-38,113,-85,9,10,5,3
6,37,-29,90,41,109,400,78,-65,19,11,-77,-36,125,-88,9,10,5,3
7,39,-43,-2,72,64,373,218,-99,3,2,-75,-28,136,-88,9,10,5,3
124,35,48,-15,66,49,308,350,-110,-16,-6,-68,-17,145,-86,9,10,5,3
124,32,46,-30,59,35,224,445,-122,-14,-1,-57,8,41,0,9,10,5,3
124,30,43,-45,54,21,-227,694,196,5,18,-54,17,38,8,9,10,5,3
121,32,44,-61,50,6,-431,760,-142,150,46,-96,24,29,17,9,10,5,3
117,36,48,23,-45,-192,-769,754,-238,136,31,-98,27,15,25,9,10,5,3
-175,-2,-101,17,-59,-198,-1027,629,-164,111,41,-97,31,1,31,9,10,5,3
-178,-22,-86,11,-71,-197,-1109,506,-142,65,62,-88,90,-154,47,9,10,5,3
-179,-39,-71,6,-81,-189,-5,45,167,11,93,-79,82,-171,35,9,10,5,3
-181,-56,-66,4,-88,-175,-3,49,160,12,50,-81,74,-183,23,9,10,5,3
-186,-77,-66,21,-80,75,-5,67,153,9,48,-88,65,-190,12,9,10,5,3
77,10,23,-59,-27,53,-19,96,148,14,45,-89,-38,78,52,9,10,5,3
83,15,16,-66,-27,53,72,-314,63,17,47,-78,-42,85,48,9,10,5,3
89,21,16,-68,-23,56,67,-323,35,44,82,-76,-39,90,44,9,10,5,3
97,26,19,-70,-16,56,66,-328,15,48,79,-74,-32,98,40,9,10,5,3
9,-30,-18,-119,-11,-49,57,-325,11,56,73,-72,-29,107,36,9,10,5,3
5,-21,-9,-128,-6,-49,43,-315,20,65,63,-70,-27,118,31,9,10,5,3
1,-11,0,-135,0,-46,-774,59,107,70,52,-68,156,81,33,9,10,5,3
-2,0,9,-141,5,-38,-808,105,144,-27,-22,-72,168,95,45,9,10,5,3
-5,8,18,-146,15,-29,-805,124,154,-21,-20,-77,181,108,59,9,10,5,3
187,46,-16,-135,139,-66,-761,131,148,-17,-17,-84,194,115,71,9,10,5,3
181,47,-7,-137,125,-74,-705,127,136,-15,-16,-92,206,116,78,9,10,5,3
162,52,-5,-136,109,-83,506,457,243,-15,-19,-95,22,111,111,9,10,5,3
133,59,-11,-134,92,-98,463,425,224,84,114,-81,33,119,121,9,10,5,3
96,67,-25,-129,70,-118,414,346,172,73,129,-89,32,121,128,9,10,5,3
9,24,-58,-29,-13,-38,380,254,121,60,138,-91,25,118,126,9,10,5,3
0,27,-33,-30,-19,-21,363,184,97,43,145,-90,18,109,115,9,10,5,3
-12,28,-5,-30,-26,-9,148,-265,-129,25,153,-88,24,107,-6,9,10,5,3
-27,27,17,-28,-32,-3,246,-278,-97,107,41,-106,21,119,-6,9,10,5,3
-43,23,31,-23,-39,-4,325,-163,-62,25,106,-29,16,128,-3,9,10,5,3
36,74,-2,40,-2,-117,364,-12,-68,39,88,-31,11,132,3,9,10,5,3
7,58,-40,19,-16,-146,353,95,-113,56,61,-32,2,130,16,9,10,5,3
-19,38,-78,0,-26,-170,-3,213,52,77,36,-35,-27,45,3,9,10,5,3
-39,17,-116,-18,-35,-187,-39,229,51,104,20,-42,-20,41,15,9,10,5,3
-52,-2,-149,-30,-45,-197,-106,259,69,66,87,-71,-1,41,22,9,10,5,3
-171,21,-147,28,-50,-34,-188,288,90,80,109,-88,12,40,24,9,10,5,3
-176,-1,-184,47,-47,-48,-271,322,88,80,129,-101,20,36,25,9,10,5,3
-186,-24,-219,62,-46,-62,-173,421,-128,84,128,-107,30,-69,97,9,10,5,3
-195,-40,-254,76,-45,-72,-228,424,-102,31,78,-69,42,-133,51,9,10,5,3
-87,-23,-59,178,-55,11,-256,401,-66,53,92,-83,35,-113,48,9,10,5,3
-93,-26,-69,155,-73,-8,-242,380,-18,71,77,-102,22,-95,44,9,10,5,3
-101,-27,-75,131,-87,-26,-171,-82,78,92,44,-107,11,-75,38,9,10,5,3
-107,-25,-75,107,-99,-41,-130,-127,67,112,11,-103,1,-56,29,9,10,5,3
-110,-19,-71,81,-114,-57,-92,-174,63,-12,79,-39,-3,211,34,9,10,5,3
231,-22,40,-118,122,68,-63,-208,44,-13,74,-45,4,215,44,9,10,5,3
234,-22,31,-130,125,62,-48,-211,15,-13,78,-59,12,215,47,9,10,5,3
238,-23,23,-141,130,59,-151,-183,170,-11,93,-71,17,211,46,9,10,5,3
239,-25,14,-149,136,56,-181,-254,135,-10,120,-72,18,201,44,9,10,5,3
239,-26,5,-157,142,50,-230,-334,105,62,-17,-49,74,71,1,9,10,5,3
-131,94,0,-2,7,-142,-301,-383,94,47,-10,-45,65,60,-5,9,10,5,3
-130,87,9,-7,2,-131,-373,-355,86,33,11,-49,60,47,-8,9,10,5,3
-125,76,8,-3,0,-112,322,-133,93,25,43,-58,57,34,-8,9,10,5,3
-121,66,-1,1,-5,-90,317,-198,76,28,66,-61,60,21,-5,9,10,5,3
-118,55,-16,5,-9,-67,311,-231,69,-17,73,-22,-3,103,0,9,10,5,3
76,-9,26,-85,61,-6,310,-218,66,-20,78,-37,-9,105,1,9,10,5,3
82,-8,44,-88,69,17,307,-179,54,-23,70,-58,-10,107,1,9,10,5,3
92,-9,59,-88,74,36,-231,93,251,-4,55,-73,-8,106,5,9,10,5,3
105,-9,71,-80,77,47,-272,132,254,28,42,-85,-9,104,10,9,10,5,3
116,-11,77,-68,82,52,-302,156,258,-12,149,-80,-25,61,9,9,10,5,3
-1,100,1,4,-80,-98,-310,167,262,-10,127,-77,-21,53,14,9,10,5,3
-20,95,4,29,-85,-49,-230,342,31,0,97,-70,-20,42,19,9,10,5,3
-38,88,2,40,-78,-41,-211,259,71,14,75,-72,-20,27,21,9,10,5,3
-52,81,-5,56,-67,-36,-186,220,121,20,10,-42,50,-46,79,9,10,5,3
-93,-75,-32,76,-56,-36,-165,228,147,9,2,-52,47,-44,77,9,10,5,3
-81,-56,-44,103,-46,-37,-182,252,122,12,-12,-56,42,-42,77,9,10,5,3
-71,-37,-56,54,-34,-49,-110,18,183,24,-18,-58,39,-41,76,9,10,5,3
-65,-21,-67,72,-44,-47,-104,14,201,26,-9,-67,37,-38,75,9,10,5,3
-61,-8,-82,92,-52,-40,-109,15,219,107,10,-33,-18,17,28,9,10,5,3
-93,40,-57,114,-54,-28,-117,2,233,71,35,-44,-16,7,31,9,10,5,3
-74,44,-67,137,-54,-11,-113,-17,236,41,58,-55,-17,0,34,9,10,5,3
-54,46,-71,-180,23,47,8,115,13,22,65,-57,-17,-1,38,9,10,5,3
-33,50,-69,-175,47,72,10,96,71,14,62,-61,-15,8,41,9,10,5,3
-10,53,-62,-165,70,98,19,52,142,145,-32,-22,12,87,3,9,10,5,3
-20,16,11,-151,91,123,20,-4,159,164,-56,-25,5,76,4,9,10,5,3
-36,-5,-4,-136,107,142,12,-21,125,149,-26,-30,5,71,1,9,10,5,3
-53,-26,-18,8,16,14,-724,-71,-78,103,28,-41,13,71,-3,9,10,5,3
-71,-44,-28,-2,25,0,-660,-20,-84,59,78,-60,23,73,-8,9,10,5,3
-88,-57,-38,-8,31,-14,-580,10,-71,8,124,-74,25,46,58,9,10,5,3
-31,1,2,-10,36,-26,-518,22,-24,3,125,-71,17,41,56,9,10,5,3
-29,4,18,-9,38,-33,-456,19,30,9,118,-66,10,37,52,9,10,5,3
-25,13,46,0,20,-52,-127,-158,21,19,103,-64,10,35,50,9,10,5,3
-18,28,78,7,13,-54,-182,-167,21,20,90,-70,11,30,54,9,10,5,3
-9,45,109,14,3,-60,-236,-166,21,41,39,-78,44,207,9,9,10,5,3
169,47,0,16,-8,-67,-281,-149,18,41,50,-85,55,203,23,9,10,5,3
162,58,-15,12,-20,-74,-307,-118,12,37,70,-88,63,194,37,9,10,5,3
154,66,-28,25,6,-53,182,222,177,35,93,-91,69,183,47,9,10,5,3
144,71,-36,43,-13,-67,170,232,244,-9,174,-29,30,-67,59,9,10,5,3
-119,13,-98,61,-34,-76,176,218,266,-32,179,-31,37,-85,67,9,10,5,3
-111,18,-104,79,-55,-79,195,179,221,-44,159,-51,39,-99,76,9,10,5,3
-100,21,-105,2471,-774,-2165,177,140,174,-35,143,-76,40,-109,81,9,10,5,3
-88,21,-105,0,-26,-44,-262,193,49,-3464,96,-2304,41,-113,80,9,10,5,3
-73,19,-101,3,-25,-39,-218,187,35,-29,137,-76,74,-1,102,9,10,5,3
-75,28,51,7,-22,-31,-166,201,26,8,108,-87,85,-5,113,9,10,5,3
-67,28,35,11,-19,-22,-127,222,63,30,81,-84,95,-11,117,9,10,5,3
-58,26,13,16,-17,-13,-119,255,160,41,83,-86,102,-15,114,9,10,5,3
-53,24,-14,-62,0,-46,-205,188,67,972,238,2828,106,-20,106,9,10,5,3
-50,23,-41,-34,-1,-28,-30,19,166,1483,-2014,-741,33,-29,88,9,10,5,3
-32,-59,108,1,0,-5,-20,0,182,61,45,-94,27,-21,89,9,10,5,3
-10,-56,119,43,3,19,-15,-10,196,58,46,-103,20,-19,85,9,10,5,3
11,-52,124,-20,-4,-13,-16,0,196,49,54,-109,14,-21,80,9,10,5,3
28,-50,117,-21,-9,17,5,-89,99,33,71,-111,8,-26,72,9,10,5,3
34,-48,100,-22,-12,46,36,-108,74,23,93,-99,-14,125,14,9,10,5,3
30,-25,8,-21,-13,71,41,-113,74,15,89,-45,-11,130,9,9,10,5,3
20,-23,6,-22,-13,85,33,-103,94,14,98,-54,-10,135,11,9,10,5,3
8,-23,6,30,-30,40,22,-79,107,11,104,-66,-13,141,19,9,10,5,3
2,-24,4,33,-28,55,-833,-206,-40,14,106,-74,-17,145,27,9,10,5,3
0,-29,2,28,-20,64,-978,-217,-44,23,105,-76,81,71,27,9,10,5,3
30,62,-140,16,-6,64,-1188,-114,55,43,174,-95,64,65,22,9,10,5,3
31,-80,80,-22,-25,-8,-1178,-79,166,33,191,-79,49,56,16,9,10,5,3
3,-78,84,-32,-23,-8,-103,7,141,20,213,-57,38,45,8,9,10,5,3
-20,-75,80,-38,-25,-11,-124,59,150,11,225,-39,17,180,15,9,10,5,3
-39,-73,69,-38,-31,-16,-148,96,159,6,216,-29,21,181,16,9,10,5,3
-51,-76,56,-34,-39,-23,-178,122,166,-35,127,-65,24,179,20,9,10,5,3
163,14,16,-123,27,-10,-195,143,175,-58,76,-119,21,178,27,9,10,5,3
156,19,11,-118,18,-11,164,195,57,-61,72,-109,17,176,32,9,10,5,3
147,25,3,-111,9,-11,117,328,24,-53,76,-94,-8,-91,65,9,10,5,3
138,32,-11,-99,2,-14,79,467,-70,-29,87,-76,0,-111,62,9,10,5,3
126,39,-27,-84,-4,-19,44,575,-134,-9,96,-60,13,-130,61,9,10,5,3
-171,-74,-86,187,-37,-56,20,617,-120,14,67,-93,23,-150,62,9,10,5,3
-155,-70,-72,179,-38,-46,-377,289,60,15,70,-86,34,-166,63,9,10,5,3
-136,-62,-53,169,-41,-36,-366,270,29,11,63,-80,79,-67,92,9,10,5,3
-117,-53,-34,156,-42,-26,-322,236,19,4,46,-79,70,-71,87,9,10,5,3
-99,-42,-16,142,-41,-13,-211,166,73,1,33,-85,62,-68,77,9,10,5,3
-39,18,-31,-13,-50,-80,-69,54,203,-56,66,-62,55,-59,69,9,10,5,3
-39,9,-19,-15,-53,-85,4,69,107,-46,56,-84,49,-47,61,9,10,5,3
-39,1,-9,-15,-54,-84,15,95,71,-40,61,-98,-16,4,36,9,10,5,3
-41,-4,0,-13,-54,-77,28,108,78,-34,76,-109,-23,0,32,9,10,5,3
-42,-9,6,-5,-52,-63,49,110,84,-39,97,-106,-27,-8,27,9,10,5,3
19,30,18,-26,30,15,79,88,82,87,140,-41,-33,-21,24,9,10,5,3
18,20,25,-17,24,32,105,35,85,93,132,-48,-37,-32,24,9,10,5,3
19,14,40,-5,19,48,-25,-180,-165,98,104,-76,35,365,16,9,10,5,3
22,8,52,0,14,56,-33,-214,-171,98,70,-97,49,378,23,9,10,5,3
29,4,49,0,6,54,-20,-190,-168,103,32,-105,61,379,35,9,10,5,3
26,-18,70,-30,33,6,-8,-138,-130,19,128,-68,67,368,46,9,10,5,3
0,-14,107,-40,11,8,-27,-89,-76,21,136,-70,66,346,52,9,10,5,3
-23,-11,143,-52,-9,14,-402,8,-86,32,140,-50,123,18,-47,9,10,5,3
-39,-10,164,-61,-28,17,-391,34,-57,47,133,-26,121,36,-52,9,10,5,3
-49,-12,163,-63,-39,17,-379,55,1,66,113,-18,111,45,-51,9,10,5,3
3,73,67,276,-33,-18,-361,74,60,251,64,-387,100,47,-46,9,10,5,3
-57,91,-24,116,38,-159,-778,92,81,272,54,-391,105,16,-100,9,10,5,3
-117,103,-121,70,34,-132,-830,54,123,312,38,-365,119,52,-18,9,10,5,3
-171,110,-219,30,32,-96,-866,25,165,359,17,-282,127,91,64,9,10,5,3
192,-250,356,-7,30,-61,-916,7,242,120,66,-68,125,128,140,9,10,5,3
166,-219,301,60,25,-15,206,-73,-237,139,59,-86,-40,152,-91,9,10,5,3
142,-189,234,52,45,-27,177,-77,-238,142,60,-108,-40,151,-104,9,10,5,3
118,-162,162,39,58,-40,178,-72,-232,135,73,-127,-40,153,-113,9,10,5,3
37,-83,22,27,66,-55,199,-54,-217,-10,76,-69,-41,158,-116,9,10,5,3
45,-66,-3,66,75,152,-396,623,282,10,85,-75,-4,-33,105,9,10,5,3
51,-43,-26,45,88,143,-361,615,266,34,94,-71,-8,-43,103,9,10,5,3
53,-17,-40,26,90,129,-319,616,266,70,98,-62,-7,-53,99,9,10,5,3
-69,-69,-88,19,81,109,-273,615,285,53,-22,-83,-7,-64,97,9,10,5,3
-55,-63,-92,-32,-35,-100,60,105,68,45,-13,-89,35,73,34,9,10,5,3
-43,-55,-90,-55,-28,-102,-17,154,29,22,14,-89,35,71,37,9,10,5,3
-33,-46,-85,-75,-22,-105,-98,197,16,9,35,-94,36,70,42,9,10,5,3
-1157,742,-497,-92,-20,-106,-165,249,38,3,34,-97,35,64,52,9,10,5,3
-153,-19,78,101,-106,14,-174,374,49,-49,113,-2,57,96,83,9,10,5,3
-150,-27,103,95,-113,33,-11,130,30,-45,101,-48,49,89,84,9,10,5,3
-142,-36,120,87,-116,48,-15,21,62,-23,97,-84,39,71,81,9,10,5,3
-131,-45,121,78,-114,59,-1,-66,87,2,88,-99,26,43,77,9,10,5,3
-21,17,-42,32,-20,-12,11,-100,95,3,81,-100,-11,18,-15,9,10,5,3
-6,23,-29,45,-16,6,19,-90,81,-1,90,-83,-9,7,-6,9,10,5,3
5,26,-16,54,-8,24,-65,-212,162,3,78,-59,-7,-6,7,9,10,5,3
13,28,-4,60,0,39,-60,-163,81,13,66,-48,-5,-22,24,9,10,5,3
17,26,5,65,4,57,-61,-72,31,24,65,-39,2,-36,42,9,10,5,3
68,-31,-31,3,36,-88,-71,79,66,37,88,-83,9,148,-28,9,10,5,3
56,-33,-33,10,28,-78,-68,-259,44,45,83,-82,17,148,-22,9,10,5,3
43,-35,-30,14,19,-66,-81,-285,58,49,87,-79,26,148,-14,9,10,5,3
30,-36,-25,15,9,-52,-88,-291,62,49,98,-76,33,145,-7,9,10,5,3
69,66,-34,-96,122,-23,-102,-280,67,77,-60,-80,143,104,60,9,10,5,3
72,79,-49,-95,129,-29,-549,371,600,85,-38,-81,139,112,55,9,10,5,3
70,95,-67,-95,134,-40,379,193,194,87,-18,-78,127,115,51,9,10,5,3
64,109,-85,-98,136,-51,616,82,214,82,-3,-75,111,116,47,9,10,5,3
-109,-58,-1,148,-95,-43,744,-86,177,45,78,-102,-28,-27,-56,9,10,5,3
-109,-63,-15,150,-106,-71,754,-306,86,69,45,-125,-36,-24,-52,9,10,5,3
-106,-70,-28,149,-116,-96,-8,580,279,91,26,-145,-42,-19,-44,9,10,5,3
-102,-79,-38,143,-126,-112,170,684,237,100,22,-157,-37,-11,-32,9,10,5,3
-100,-85,-43,133,-130,-115,273,704,162,93,33,-159,-30,-4,-21,9,10,5,3
89,-9,-45,-30,54,34,301,623,79,107,112,-64,18,29,18,9,10,5,3
102,0,-50,-7,63,36,-66,464,3,58,89,-52,20,28,10,9,10,5,3
111,10,-54,17,76,36,-81,370,32,10,91,-55,15,28,3,9,10,5,3
117,17,-54,41,89,31,-99,254,72,-15,89,-56,9,29,-6,9,10,5,3
-28,8,57,35,-51,-19,-107,148,109,37,135,-64,83,15,32,9,10,5,3
-9,19,22,40,-39,-16,1696,3994,530,42,97,-68,80,-11,29,9,10,5,3
7,29,-23,42,-23,-10,22,338,-92,32,80,-76,80,-36,22,9,10,5,3
19,40,-72,42,-2,1,100,370,-89,18,81,-81,78,-60,12,9,10,5,3
-132,-93,-6,225,-95,40,169,404,-64,11,60,-74,1,-64,19,9,10,5,3
-148,-73,-21,225,-91,29,227,427,-27,25,76,-81,-2,-68,24,9,10,5,3
-162,-55,-36,221,-87,19,-298,230,131,36,90,-83,-10,-73,33,9,10,5,3
-174,-37,-50,213,-83,11,-157,177,94,47,97,-76,-9,-74,37,9,10,5,3
-183,-18,-59,202,-81,9,-49,106,54,39,123,-73,-6,-75,41,9,10,5,3
159,-28,87,-123,92,61,27,35,-2,28,109,-60,31,145,95,9,10,5,3
150,-24,101,-117,87,59,68,-180,-100,41,89,-64,35,137,96,9,10,5,3
135,-19,103,-110,81,55,15,-223,-179,53,71,-66,42,132,95,9,10,5,3
116,-14,97,-102,74,49,-77,-261,-147,64,53,-63,56,129,90,9,10,5,3
29,193,-124,-40,157,-36,-145,-319,-98,27,-63,-62,228,68,73,9,10,5,3
10,211,-146,-42,158,-33,-157,-389,-57,12,-55,-80,209,98,55,9,10,5,3
-6,223,-158,-47,157,-22,326,-254,182,6,-46,-97,183,123,33,9,10,5,3
-19,229,-161,-58,157,-5,296,-354,129,7,-40,-113,158,140,7,9,10,5,3
-195,-70,18,130,-183,-17,256,-419,49,51,99,-85,-39,48,76,9,10,5,3
-203,-72,3,147,-192,-17,243,-470,-41,23,86,-66,-37,58,67,9,10,5,3
-200,-82,-5,165,-196,-19,286,908,305,-6,66,-49,-37,69,60,9,10,5,3
-200,-95,-18,178,-195,-21,488,1223,201,0,49,-7,-28,79,51,9,10,5,3
-195,-102,-43,182,-192,-27,701,1392,21,13,42,72,-12,88,41,9,10,5,3
-109,-13,-2,21,-108,-103,878,1330,-102,-21,91,-77,49,140,10,9,10,5,3
-142,-22,-2,-2,-116,-85,-33,192,105,-22,79,-74,53,169,17,9,10,5,3
-167,-28,-5,-22,-120,-65,-43,206,104,-22,65,-66,61,191,24,9,10,5,3
-184,-35,-8,-37,-122,-43,-77,189,126,-17,57,-60,70,202,27,9,10,5,3
81,42,-50,-167,60,65,-99,161,151,-55,155,-78,38,102,40,9,10,5,3
52,46,-38,-149,35,66,-82,154,135,-62,118,-79,32,96,42,9,10,5,3
28,48,-26,-130,8,67,304,880,253,-59,93,-80,26,88,45,9,10,5,3
9,47,-15,-110,-15,70,-57,1044,245,-42,85,-68,19,77,50,9,10,5,3
-347,30,-215,132,-136,-297,-361,1060,242,-25,78,-18,-4,-3,-83,9,10,5,3
-341,11,-193,140,-146,-36,-536,983,270,-26,54,-21,-8,6,-76,9,10,5,3
-331,-8,-165,153,-138,2,65,82,141,-37,28,-41,-10,8,-70,9,10,5,3
-313,-28,-130,168,-130,41,-64,79,206,-33,11,-55,-13,1,-62,9,10,5,3
-14,112,-95,180,-121,77,-80,49,218,60,16,-113,8,124,35,9,10,5,3
6,87,-65,-113,27,46,-109,-17,211,67,29,-142,15,135,35,9,10,5,3
27,59,-41,-117,42,68,-106,-142,177,69,36,-151,21,144,36,9,10,5,3
48,30,-22,-115,54,89,-26,-11,105,67,33,-139,23,149,39,9,10,5,3
49,-30,-83,-116,71,103,-77,-54,66,26,57,-107,25,156,-31,9,10,5,3
33,-27,-71,-119,85,109,-145,-92,35,32,67,-81,31,167,-28,9,10,5,3
18,-26,-59,-65,35,48,-213,-121,8,38,84,-44,41,176,-19,9,10,5,3
5,-28,-46,-56,40,36,-439,915,105,51,99,-7,52,183,-5,9,10,5,3
22,75,-182,-44,45,29,-447,847,126,80,-12,-92,12,136,-34,9,10,5,3
76,-71,-2,-30,50,28,-450,685,165,62,10,-105,-11,141,-47,9,10,5,3
71,-81,39,-67,-70,-62,-443,515,206,38,43,-113,-30,148,-53,9,10,5,3
62,-86,79,-38,-86,-50,-1797,2936,555,9,75,-111,-46,156,-52,9,10,5,3
50,-85,112,-9,-99,-39,153,286,130,-22,118,-105,-57,161,-47,9,10,5,3
35,-81,138,23,-108,-30,165,302,136,-30,135,-74,7,75,41,9,10,5,3
141,52,-14,53,-109,-21,166,302,131,-38,145,-52,0,80,46,9,10,5,3
137,60,-9,-116,-46,10,160,294,114,-42,140,-36,-4,86,50,9,10,5,3
135,63,-4,-96,-58,23,146,276,95,-38,120,-29,-10,92,55,9,10,5,3
133,65,0,-73,-71,29,476,-44,-208,-39,95,-32,-15,97,59,9,10,5,3
128,67,9,-45,-81,34,459,-39,-157,-48,101,-94,-4,-50,-55,9,10,5,3
-115,-8,-49,-14,-88,37,448,-8,-111,-48,82,-85,-6,-46,-50,9,10,5,3
-108,-6,-33,28,-60,-40,435,42,-93,-35,63,-77,-7,-39,-40,9,10,5,3
-104,-7,-23,54,-42,-7,409,69,-67,-30,46,-79,-7,-31,-27,9,10,5,3
-100,-8,-22,84,-28,26,-82,449,127,-39,38,-85,-4,-26,-8,9,10,5,3
-97,-8,-27,118,-19,59,-13,520,57,12,29,-109,59,-92,-20,9,10,5,3
-58,31,-95,149,-9,87,39,570,3,0,50,-112,43,-104,-37,9,10,5,3
-47,28,-80,94,-120,2,80,586,-34,-10,79,-107,24,-114,-54,9,10,5,3
-43,26,-60,39,-118,37,125,561,-47,-7,100,-103,4,-120,-65,9,10,5,3
-43,23,-35,30,-108,40,-367,-881,235,2,106,-101,-10,-117,-71,9,10,5,3
-45,18,-8,20,-99,38,-292,-540,46,16,119,-65,17,146,79,9,10,5,3
216,-61,-22,12,-86,30,-271,-103,0,-7,116,-69,14,177,82,9,10,5,3
233,-78,-32,5,-74,16,-219,217,23,-22,115,-72,13,206,81,9,10,5,3
246,-93,-42,-111,62,-22,-77,339,53,-30,108,-77,6,230,76,9,10,5,3
253,-109,-49,-99,54,-5,-377,-141,91,-40,101,-78,1,251,63,9,10,5,3
256,-122,-55,-87,46,12,-434,-147,85,104,21,-57,93,168,58,9,10,5,3
3,16,-1,-71,39,29,-483,-155,6,96,8,-60,104,152,50,9,10,5,3
7,25,-43,-53,34,45,-449,-247,-102,87,-5,-69,110,130,42,9,10,5,3
11,39,-78,-186,154,-142,-324,-360,-142,81,-19,-79,111,109,35,9,10,5,3
13,55,-101,-173,152,-143,-188,-182,48,78,-33,-86,110,90,29,9,10,5,3
14,74,-115,-155,145,-146,-67,-194,52,69,188,-65,-56,16,-100,9,10,5,3
-122,-65,69,-129,135,-141,58,-202,11,81,204,-46,-55,38,-82,9,10,5,3
-126,-58,70,-90,119,-125,166,-218,-7,92,205,-37,-43,69,-58,9,10,5,3
-126,-53,65,-45,103,2,250,-248,-5,98,188,-35,-25,100,-28,9,10,5,3
-122,-52,56,-41,119,12,21,90,104,100,170,-34,-2,128,0,9,10,5,3
-106,-58,47,-40,134,22,21,31,75,-9,132,-55,-6,99,54,9,10,5,3
195,101,114,-40,150,29,34,-28,67,-17,186,-14,-13,86,77,9,10,5,3
170,111,108,-41,165,35,65,-102,85,-46,196,19,-15,76,101,9,10,5,3
148,115,89,94,-146,-40,94,-166,166,-59,168,11,-13,66,118,9,10,5,3
129,119,61,101,-152,-45,286,325,-65,-64,156,-27,-5,52,126,9,10,5,3
106,121,35,103,-154,-50,384,356,-126,-142,100,-46,51,-140,57,9,10,5,3
-223,1,-18,95,-151,-57,459,418,-146,-123,89,-55,71,-143,61,9,10,5,3
-271,-70,-31,87,-151,-67,483,510,-149,-95,81,-65,90,-146,55,9,10,5,3
-274,-72,-7,268,-128,-200,454,598,-147,-63,76,-68,107,-152,42,9,10,5,3
-278,-74,26,250,-142,-246,87,276,83,-33,69,-72,117,-162,29,9,10,5,3
-279,-72,74,231,-150,-270,120,285,55,-15,109,-85,4,85,165,9,10,5,3
-273,-67,134,213,-153,-269,135,275,25,-36,68,-64,-21,86,157,9,10,5,3
53,134,-141,190,-155,-237,123,261,6,-39,-6,-29,-42,79,147,9,10,5,3
-12,76,-136,37,6,-39,104,263,14,-32,-56,-19,-57,66,137,9,10,5,3
-78,-4,-128,36,13,-175,-56,-363,105,-42,-63,-46,-64,46,130,9,10,5,3
-132,-102,-122,51,6,-293,-81,-367,95,24,132,-84,-64,-24,87,9,10,5,3
-174,-197,-117,83,-13,-373,-103,-362,85,73,88,-75,-48,-11,105,9,10,5,3
-39,-65,-79,123,-34,-410,-113,-353,63,120,51,-65,-27,0,115,9,10,5,3
-26,-49,-83,-17,9,156,-127,-341,44,152,29,-71,-3,11,115,9,10,5,3
-18,-33,-84,-26,0,155,-561,-191,-207,158,36,-83,19,22,109,9,10,5,3
-15,-17,-88,-40,-6,135,-612,-113,-245,-48,95,-86,-73,51,-69,9,10,5,3
-15,-4,-92,-50,-13,108,-628,-39,-267,-25,91,-78,-72,57,-45,9,10,5,3
127,113,163,-52,-20,83,-625,25,-277,1,88,-78,-64,75,-14,9,10,5,3
138,126,123,-18,315,49,-621,80,-267,17,99,-71,-53,96,20,9,10,5,3
150,138,78,-35,293,28,-60,293,88,11,119,-66,-41,116,53,9,10,5,3
164,149,32,-49,259,18,-27,131,292,64,60,-55,-86,223,-70,9,10,5,3
179,157,-16,-62,222,19,1,-6,419,-5,103,-49,-93,204,-87,9,10,5,3
-115,-5,3,-258,3094,-3747,70,-144,439,27,121,-82,-97,175,-98,9,10,5,3
-61,-1,-89,15,-13,-89,127,-269,402,-2,99,-98,-104,148,-94,9,10,5,3
-45,-4,-99,10,-7,-103,300,334,226,-37,112,-71,-101,122,-84,9,10,5,3
-31,-8,-105,1,-1,-119,327,286,220,-33,140,-47,17,40,77,9,10,5,3
-18,-6,-110,-5,2,-130,359,243,198,-1,155,-69,12,31,78,9,10,5,3
-14,-1,-114,-8,4,-133,374,191,164,35,156,-83,7,17,71,9,10,5,3
-15,41,-22,-71,10,-3,358,135,133,62,141,-85,5,0,57,9,10,5,3
-12,40,-32,-63,64,-12,-32,382,-29,86,126,-86,2,-15,39,9,10,5,3
-5,40,-40,-55,70,-10,-47,303,-64,206,-71,-67,45,64,1,9,10,5,3
3,42,-49,-49,75,-5,-48,227,-64,226,-68,-73,33,84,10,9,10,5,3
10,46,-56,-43,75,-2,-60,165,-23,250,-50,-77,24,102,19,9,10,5,3
-291,-95,-52,-39,78,5,-75,128,53,267,-14,-79,19,115,29,9,10,5,3
-258,-120,-94,150,-245,-191,-3,125,62,3780,1843,1383,13,118,35,9,10,5,3
-231,-132,-127,90,-225,-218,-4,201,83,45,23,-67,-5,187,-52,9,10,5,3
-214,-128,-148,33,-199,-240,-24,231,79,24,51,-61,12,181,-26,9,10,5,3
-203,-117,-154,-18,-169,-252,-57,255,68,0,74,-64,26,168,1,9,10,5,3
157,20,52,-65,-136,-254,-84,280,67,-20,83,-63,41,159,30,9,10,5,3
135,10,-18,-170,7,-188,16,116,80,-3976,-1658,-218,54,152,55,9,10,5,3
111,7,-81,-216,12,-201,0,54,113,72,-24,-57,-76,300,-111,9,10,5,3
84,9,-129,-259,25,-213,21,62,84,122,-64,-48,-93,251,-112,9,10,5,3
57,18,-161,-298,43,-229,36,100,50,157,-80,-45,-117,196,-105,9,10,5,3
40,148,-95,-328,64,-247,52,124,18,175,-56,-57,-140,146,-86,9,10,5,3
235,185,-203,-126,291,220,38,45,47,-260,98,-80,24,-112,124,9,10,5,3
239,180,-223,-84,281,230,24,208,32,-279,93,-82,19,-89,129,9,10,5,3
226,174,-240,-45,248,216,42,361,29,-279,86,-68,15,-72,131,9,10,5,3
199,168,-250,-13,204,188,69,460,28,-215,34,-41,17,-61,128,9,10,5,3
-220,-84,-117,211,-24,38,61,-68,152,-60,5,-70,-24,-120,76,9,10,5,3
-220,-70,-115,206,-23,48,20,-118,161,-89,90,-81,-8,-117,87,9,10,5,3
-218,-53,-100,202,-34,58,46,-193,146,-134,149,-74,9,-113,92,9,10,5,3
-208,-36,-76,196,-51,70,140,-338,112,-153,223,-93,30,-102,92,9,10,5,3
128,-5,43,-189,32,-29,-142,143,109,-26,134,-72,-39,172,-45,9,10,5,3
121,-6,38,-180,40,-43,-147,144,195,-49,134,-72,-33,152,-48,9,10,5,3
114,-6,30,-163,44,-56,-135,140,237,-58,134,-76,-29,134,-49,9,10,5,3
110,-6,20,-141,45,-70,-104,142,219,-47,130,-75,-26,119,-49,9,10,5,3
49,40,-28,-67,95,-46,-163,-13,107,107,94,-54,71,3,65,9,10,5,3
38,52,4,-39,105,-53,-333,13,59,130,74,-61,98,-19,52,9,10,5,3
23,60,30,-11,101,-54,-487,104,31,143,44,-59,127,-34,46,9,10,5,3
5,66,44,23,84,-45,-583,236,9,154,0,-56,131,-55,51,9,10,5,3
110,-31,150,-68,88,-145,-358,-291,-88,48,213,-40,0,99,-6,9,10,5,3
89,-38,172,-73,65,-138,-404,-306,-69,36,236,-43,14,116,5,9,10,5,3
64,-41,187,-76,38,-123,-412,-322,-72,27,236,-48,24,130,16,9,10,5,3
38,-39,193,-75,13,-104,-369,-337,-71,19,218,-47,25,138,21,9,10,5,3
125,-7,-2,-101,0,6,215,252,186,-30,44,-89,-33,29,55,9,10,5,3
121,-5,3,-86,-6,27,346,264,190,-41,32,-75,-22,8,57,9,10,5,3
115,-4,8,-71,-11,45,442,264,180,-45,16,-66,-13,-12,57,9,10,5,3
109,-1,8,-54,-15,52,460,239,157,-46,6,-69,-8,-32,56,9,10,5,3
-103,-25,-16,115,-57,-80,413,68,-331,-24,-11,-93,-57,77,-115,9,10,5,3
-84,-29,-8,79,-52,-86,396,27,-343,-26,-4,-94,-66,108,-105,9,10,5,3
-65,-32,-2,41,-47,-85,349,-26,-346,-34,3,-94,-77,127,-90,9,10,5,3
-40,-31,9,3,-43,-81,288,-76,-312,-37,16,-91,-85,143,-75,9,10,5,3
-149,-89,-217,111,-85,-31,358,-623,-401,-28,35,-96,-87,151,-60,9,10,5,3
-113,-80,-215,104,-83,-48,-65,-167,57,47,52,-79,-56,145,-55,9,10,5,3
-75,-68,-208,88,-79,-66,-40,-132,58,20,55,-88,-59,143,-37,9,10,5,3
-41,-55,-201,63,-75,-82,4,-88,41,-9,58,-86,-56,137,-20,9,10,5,3
-11,-41,-193,31,-68,-96,51,-41,14,-37,52,-69,-48,126,-8,9,10,5,3
-144,4,-134,64,-51,-106,98,2,-14,-55,45,-45,-38,109,0,9,10,5,3
-146,-1,-152,66,-52,-121,90,296,167,8,54,-80,35,3,36,9,10,5,3
-149,-9,-164,69,-52,-130,130,286,104,6,54,-76,26,5,34,9,10,5,3
-154,-15,-172,70,-54,-130,163,262,47,9,65,-68,16,2,29,9,10,5,3
-165,-21,-172,72,-57,-125,201,218,-10,17,79,-69,7,-1,23,9,10,5,3
4,16,-48,-42,33,-33,244,172,-57,18,86,-70,0,-5,22,9,10,5,3
-4,17,-44,-29,32,-32,-505,167,928,70,126,-74,76,33,189,9,10,5,3
-8,16,-37,-11,28,-28,-626,233,882,73,111,-60,103,7,208,9,10,5,3
-13,12,-25,7,18,-24,-669,284,711,82,83,-20,129,-25,196,9,10,5,3
108,-75,77,-179,98,180,-647,324,547,113,54,20,136,-65,161,9,10,5,3
140,-106,105,-173,121,178,-534,359,454,143,24,21,128,-98,115,9,10,5,3
170,-138,133,-158,134,175,-61,-70,-3,51,167,-89,-47,18,11,9,10,5,3
201,-163,165,-139,140,170,-59,-78,-23,51,157,-84,-40,16,3,9,10,5,3
233,-180,195,-114,133,161,-55,-95,-53,45,144,-81,-37,15,-5,9,10,5,3
-18,55,52,-111,62,-84,-63,-113,-86,39,138,-76,-37,13,-20,9,10,5,3
0,76,19,-120,93,-95,-91,-132,-121,36,145,-71,-35,12,-40,9,10,5,3
19,93,-15,-127,120,-104,-50,538,236,-24,-31,-81,197,140,68,9,10,5,3
36,108,-47,-130,145,-107,-63,548,258,-32,-51,-73,217,20,93,9,10,5,3
41,165,-106,-24,124,-15,-93,557,271,-26,-60,-72,199,7,72,9,10,5,3
31,155,-120,-22,102,-41,-131,563,271,-16,-62,-72,178,1,47,9,10,5,3
24,141,-130,-18,80,-59,129,-554,-48,-52,195,-56,152,1,23,9,10,5,3
18,125,-137,-13,58,-73,165,-546,-61,-49,170,-47,125,9,2,9,10,5,3
12,108,-140,-8,37,-84,203,-537,-48,-31,136,-49,-41,9,-3,9,10,5,3
-16,34,-38,16,-20,13,251,-523,-36,-1,102,-62,-52,20,-12,9,10,5,3
-6,33,-20,-14,-21,7,306,-479,-38,23,77,-70,-61,37,-16,9,10,5,3
8,30,-6,-41,-22,-3,60,160,322,127,40,-66,-69,56,-18,9,10,5,3
23,21,2,-63,-26,-19,303,65,107,120,33,-71,-78,67,-20,9,10,5,3
33,11,6,-77,-31,-37,346,63,67,117,29,-73,-16,10,0,9,10,5,3
-44,9,-113,-23,-43,-107,389,88,36,116,26,-78,-22,20,-14,9,10,5,3
-41,10,-110,-105,-72,-154,425,128,21,110,20,-79,-23,27,-26,9,10,5,3
-36,12,-107,-107,-74,-141,446,165,12,-95,43,-11,-18,35,-39,9,10,5,3
-31,15,-103,-104,-74,-124,184,308,19,-92,42,-38,-12,37,-50,9,10,5,3
-23,16,-97,-98,-74,-105,220,363,-19,-97,62,-60,1482,-2690,-1315,9,10,5,3
16,67,-60,-89,-73,-85,250,418,-77,-104,88,-54,71,-53,68,9,10,5,3
19,75,-46,-11,26,51,275,482,-129,-106,87,-38,61,-40,82,9,10,5,3
25,82,-40,-23,28,48,277,540,-145,-76,118,-64,53,-22,94,9,10,5,3
28,88,-35,-35,30,40,78,33,69,-66,100,-70,49,-2,104,9,10,5,3
30,91,-31,-43,33,26,48,20,60,-57,96,-75,47,11,109,9,10,5,3
-34,-99,79,-49,35,5,36,17,46,-44,102,-77,-72,78,6,9,10,5,3
-29,-96,86,56,-40,39,31,18,24,-13,101,-80,-68,76,5,9,10,5,3
-23,-92,93,50,-30,36,34,25,-4,114,173,-60,-63,73,4,9,10,5,3
-15,-89,97,46,-19,39,131,138,174,111,158,-58,-53,70,2,9,10,5,3
-6,-89,101,44,-9,51,96,164,136,118,138,-59,-42,64,0,9,10,5,3
24,46,-137,44,0,75,74,212,133,133,115,-70,123,127,112,9,10,5,3
83,-15,-104,-133,351,243,68,266,163,-889,-1774,-2337,101,123,97,9,10,5,3
141,-78,-68,-98,358,248,73,332,213,-61,66,-51,71,128,78,9,10,5,3
195,-135,-37,-68,347,248,-333,-163,-292,-27,47,-54,40,144,63,9,10,5,3
-82,-48,26,-49,322,246,-289,-172,-262,9,33,-65,-42,0,-4,9,10,5,3
-80,-57,64,45,-105,-12,-243,-190,-221,36,26,-74,-22,20,18,9,10,5,3
-71,-67,109,46,-82,10,-225,-186,-182,47,-73,-81,6,34,45,9,10,5,3
-73,-77,145,48,-60,27,-279,399,96,54,-68,-89,38,38,75,9,10,5,3
-88,-75,161,54,-36,38,-250,431,136,54,-63,-94,73,33,109,9,10,5,3
-8,166,28,66,-8,41,-240,476,163,52,-51,-93,57,-81,0,9,10,5,3
-32,152,1,46,-48,-146,-262,533,181,43,-36,-87,24,-86,-18,9,10,5,3
-52,134,-29,55,-78,-156,-305,588,189,-12,102,-21,-6,-87,-34,9,10,5,3
-73,113,-60,66,-110,-161,89,-362,-265,1,86,-27,-37,-84,-45,9,10,5,3
-94,90,-87,78,-143,-157,66,-366,-286,22,82,-44,-67,-75,-53,9,10,5,3
-87,23,9,91,-178,-145,34,-365,-291,43,92,-67,-94,75,25,9,10,5,3
-84,-7,36,-42,-163,-81,-2,-352,-285,51,119,-88,-77,82,31,9,10,5,3
-72,-39,52,-22,-145,-57,-53,-315,-255,26,214,-100,-60,85,33,9,10,5,3
-58,-71,59,0,-124,-31,264,170,121,37,215,-84,-47,84,33,9,10,5,3
-38,-102,58,22,-104,-2,330,223,100,39,192,-66,-38,80,33,9,10,5,3
81,-4,-69,44,-86,28,378,272,82,41,156,-49,-8,73,-20,9,10,5,3
69,2,-71,10,-9,-21,404,317,49,49,114,-35,2,75,-16,9,10,5,3
54,11,-70,27,-8,-14,411,350,26,40,6,-71,5,63,-9,9,10,5,3
35,20,-66,46,-6,-2,283,324,5,50,17,-78,8,47,-6,9,10,5,3
17,28,-60,60,-2,15,286,265,6,63,31,-76,9,30,0,9,10,5,3
-26,16,33,65,0,36,282,206,17,74,59,-79,19,-27,-15,9,10,5,3
-63,-87,44,129,-62,-24,282,159,38,11,146,-2,20,-20,-13,9,10,5,3
-66,-87,35,131,-66,-25,185,-67,71,22,140,-6,22,-13,-11,9,10,5,3
-67,-83,27,127,-68,-26,151,-74,92,26,108,-36,25,-5,-8,9,10,5,3
-67,-76,17,120,-70,-26,88,-103,117,40,82,-75,28,0,-4,9,10,5,3
-66,-67,8,110,-68,-24,22,-156,119,53,68,-110,-44,81,34,9,10,5,3
-118,-42,-33,37,-74,-4,-33,-200,100,23,70,-102,-35,90,42,9,10,5,3
-118,-47,-49,48,-76,-6,-295,-17,-9,20,81,-98,-24,94,47,9,10,5,3
-114,-50,-63,54,-75,-4,-301,-17,-9,15,86,-88,-13,94,49,9,10,5,3
-108,-53,-72,56,-70,1,-296,-5,-5,9,88,-78,-4,90,48,9,10,5,3
-101,-52,-77,54,-63,7,-300,17,-8,10,89,-69,84,157,11,9,10,5,3
131,82,-129,-148,185,-6,-322,61,-16,28,-13,-97,74,161,2,9,10,5,3
131,87,-110,-156,188,0,152,331,192,15,-4,-91,66,169,-1,9,10,5,3
125,91,-91,-159,187,0,184,117,180,13,6,-83,62,180,-3,9,10,5,3
118,95,-79,-157,179,-5,192,-53,195,17,11,-78,-22,15,49,9,10,5,3
112,98,-71,-150,168,-12,192,-180,192,20,9,-80,-12,10,52,9,10,5,3
-56,-70,-95,44,-60,-9,185,-287,168,-87,104,-81,-7,7,54,9,10,5,3
-34,-62,-93,32,-48,-14,-74,78,343,-81,109,-75,-6,7,52,9,10,5,3
-14,-55,-84,21,-39,-21,72,117,377,-71,118,-77,-9,11,47,9,10,5,3
2,-44,-73,10,-32,-26,317,222,406,-62,127,-78,11,-32,-15,9,10,5,3
16,-31,-61,0,-27,-28,605,370,447,-52,132,-75,2,-21,-24,9,10,5,3
9,-39,71,72,-26,12,914,547,448,-82,114,-29,-4,-9,-28,9,10,5,3
14,-36,75,71,-29,2,290,-8,83,-50,82,-21,-11,2,-27,9,10,5,3
18,-31,72,67,-30,-9,316,59,81,-19,54,-31,-16,10,-22,9,10,5,3
20,-27,64,60,-32,-19,347,144,68,7,37,-52,8,60,23,9,10,5,3
20,-23,55,51,-29,-25,383,246,31,26,30,-74,7,58,39,9,10,5,3
-23,78,-70,26,38,-12,412,350,-18,-16,70,-88,15,59,54,9,10,5,3
-25,71,-77,31,44,-22,377,115,-99,-20,61,-89,28,61,68,9,10,5,3
-26,63,-80,36,43,-28,394,127,-85,-26,57,-91,44,58,85,9,10,5,3
-28,55,-82,40,39,-34,395,119,-64,-35,55,-94,32,-57,52,9,10,5,3
-29,46,-85,43,31,-38,386,101,-47,-44,59,-95,34,-53,55,9,10,5,3
-160,-5,-72,42,-78,-6,370,82,-27,39,58,-64,34,-47,53,9,10,5,3
-147,-2,-67,27,-68,2,39,111,203,17,78,-63,33,-40,48,9,10,5,3
-129,0,-64,12,-61,6,36,107,215,-3,100,-62,81,2036,-1881,9,10,5,3
-111,3,-62,-1,-59,9,26,99,209,-15,117,-62,-51,136,-28,9,10,5,3
-93,8,-58,-10,-59,11,6,82,189,-22,129,-63,-49,145,-28,9,10,5,3
-21,-20,48,-52,-15,16,-20,51,156,30,9,-65,-46,153,-26,9,10,5,3
-27,-18,44,-48,-6,9,-245,785,127,24,4,-73,-43,158,-22,9,10,5,3
-29,-16,31,-45,2,-7,-292,918,21,15,8,-78,-41,161,-18,9,10,5,3
-29,-13,9,-40,10,-22,-271,993,-35,9,13,-82,22,57,-56,9,10,5,3
-26,-10,-14,-34,14,-30,-208,1013,-50,10,18,-84,-2,70,-69,9,10,5,3
-11,-115,164,-19,-45,41,-301,-372,27,43,164,-62,-20,85,-75,9,10,5,3
-22,-111,175,169,-35,15,-244,-378,-8,52,145,-65,-34,101,-71,9,10,5,3
-31,-103,178,148,-40,1,-194,-334,-49,52,124,-67,-42,126,-21,9,10,5,3
-34,-96,167,121,-43,-9,-171,-301,-62,45,107,-68,-36,131,-11,9,10,5,3
37,99,71,90,-42,-19,477,169,79,117,17,-102,-28,141,7,9,10,5,3
28,98,47,141,-3,-56,322,106,70,127,63,-83,-13,154,31,9,10,5,3
24,96,17,119,-30,-74,166,62,87,125,98,-61,8,167,57,9,10,5,3
24,93,-9,92,-54,-85,-12,-1,94,119,118,-51,-24,58,21,9,10,5,3
122,32,89,65,-74,-93,377,220,72,-94,127,-86,-18,47,27,9,10,5,3
118,43,80,-50,11,-18,300,211,118,-93,134,-101,-13,40,34,9,10,5,3
113,54,68,-53,1,-10,170,166,154,-87,145,-105,-7,36,37,9,10,5,3
109,66,56,-49,-10,-4,67,94,187,-66,144,-103,78,-3,95,9,10,5,3
-101,-110,-17,-38,-16,-4,370,69,-28,-33,45,-80,70,10,96,9,10,5,3
-81,-102,-16,-20,-19,-15,411,74,-33,-31,33,-77,62,14,96,9,10,5,3
-61,-90,-17,43,-19,-78,449,80,-32,-35,31,-81,56,10,95,9,10,5,3
-42,-76,-20,46,-23,-78,468,97,-19,-44,43,-84,-17,-17,-9,9,10,5,3
-88,-61,51,53,-25,-75,-38,-41,165,-5,99,-74,-20,-12,1,9,10,5,3
-33,-5,4,62,-33,-73,-80,-59,144,-3,105,-73,-22,-7,12,9,10,5,3
-26,-1,0,-102,-29,21,-117,-79,121,0,109,-72,-22,0,18,9,10,5,3
-16,0,-2,-113,-19,24,-153,-99,101,4,115,-72,-59,223,7,9,10,5,3
-6,0,-4,-124,-9,24,-184,-121,81,7,119,-71,-50,225,-8,9,10,5,3
4,1,-6,-131,-1,21,-139,16,319,57,77,-80,-36,227,2,9,10,5,3
                                                                                                                                                                                                                                                                                                                                                                                                                                                                                                                                                                                                                                                                                                                                                                                                                     