-118,-20,-26,75,-24,11,760,141,-141,0,104,19,-143,-134,42,9,10,5,3
-157,-3,14,77,-27,14,736,215,-164,-27,29,14,-141,-133,37,9,10,5,3
-192,16,54,71,-26,19,628,326,-162,-51,-26,8,-150,-130,32,9,10,5,3
-216,41,90,60,-23,22,493,441,-124,-48,-36,-4,-163,-125,25,9,10,5,3
-47,43,-78,-19,-60,-34,-257,210,-89,2,109,-66,-123,-123,39,9,10,5,3
-30,27,-82,-20,-76,-16,-166,200,-81,23,102,-80,-109,-115,52,9,10,5,3
-15,15,-80,-17,-88,2,-104,222,-84,43,87,-87,-99,-104,58,9,10,5,3
-10,12,-77,-9,-98,18,-93,254,-83,49,61,-82,-96,-98,54,9,10,5,3
-93,111,51,20,12,-39,-342,334,42,24,-4,-69,-79,-124,27,9,10,5,3
-101,111,56,28,1,-40,-272,330,38,5,15,-71,-77,-128,31,9,10,5,3
-99,102,57,37,-5,-46,-193,319,32,0,27,-73,-83,-129,27,9,10,5,3
-89,90,52,28,-14,-43,-140,305,36,0,21,-75,-85,-121,17,9,10,5,3
-75,78,42,11,-26,-32,-81,281,52,10,8,-72,-90,-110,7,9,10,5,3
-62,-4,-19,60,-71,-24,211,-223,123,52,-8,-57,-49,10,70,9,10,5,3
-48,7,-22,59,-64,-26,279,-189,101,56,-9,-59,-38,0,80,9,10,5,3
-31,18,-23,57,-55,-25,293,-292,93,51,-40,-56,-29,-10,87,9,10,5,3
-15,27,-22,55,-47,-24,335,-459,40,42,-73,-47,-23,-19,91,9,10,5,3
-111,-24,-17,12,-102,1,138,-200,-36,-12,-23,-72,-63,54,4,9,10,5,3
-107,-15,-7,7,-82,-6,98,-277,-29,-8,-6,-70,-55,51,14,9,10,5,3
-104,-6,0,5,-63,-14,141,-196,-27,6,16,-72,-47,44,27,9,10,5,3
-100,2,7,9,-47,-17,174,-96,19,22,35,-68,-32,35,48,9,10,5,3
251,-2497,-1592,15,-41,-14,202,-120,62,33,38,-62,-12,22,73,9,10,5,3
-35,124,93,43,19,19,198,-405,90,-51,-83,-67,-54,25,67,9,10,5,3
-41,126,101,-11,-13,14,141,-294,102,-64,-78,-71,-41,22,69,9,10,5,3
-50,122,103,4,-33,10,88,-185,168,-76,-76,-73,-33,20,69,9,10,5,3
-59,111,96,21,-51,5,40,-75,167,-80,-76,-67,-30,21,66,9,10,5,3
-19,-100,34,38,-69,4,-25,23,182,-77,-75,-61,-28,23,63,9,10,5,3
14,-100,12,53,-84,3,93,189,185,120,-24,-46,-89,-17,47,9,10,5,3
50,-90,-14,-4,128,-99,164,200,126,126,2,-45,-75,-5,52,9,10,5,3
79,-69,-40,1,45,-54,225,204,69,115,16,-45,-60,-2,51,9,10,5,3
102,-37,-60,3,26,-33,282,197,33,77,15,-57,-44,-5,43,9,10,5,3
-50,-37,-43,6,9,-12,317,177,2,23,6,-69,-34,-14,36,9,10,5,3
-54,-37,-35,9,-4,7,-423,86,2,-16,-89,-63,9,-6,64,9,10,5,3
-52,-37,-30,-25,2,15,-495,173,45,-15,-76,-59,20,-8,75,9,10,5,3
-48,-35,-29,-44,6,0,-624,186,121,-19,-68,-58,32,-17,85,9,10,5,3
-42,-36,-31,-63,14,-13,-670,196,146,-24,-69,-65,42,-31,92,9,10,5,3
1,-8,-18,-79,25,-23,-55,255,103,1,-13,-81,-54,-6,6,9,10,5,3
17,3,-37,-41,69,-28,-45,242,114,-2,-12,-83,-57,-3,5,9,10,5,3
31,17,-50,-40,78,-28,-32,210,154,-7,-23,-87,-52,0,7,9,10,5,3
42,31,-52,-37,83,-25,-17,193,169,-5,-49,-88,-48,1,10,9,10,5,3
0,-44,-55,-35,86,-22,94,-246,144,24,-10,-48,28,59,51,9,10,5,3
4,-46,-47,-5,-43,49,78,-258,167,35,-20,-49,29,48,57,9,10,5,3
10,-47,-36,6,-46,48,53,-324,170,30,-36,-58,26,43,62,9,10,5,3
14,-44,-23,22,-57,48,27,-374,142,10,-60,-67,28,45,65,9,10,5,3
-80,31,49,39,-75,49,-72,-264,-20,-78,-89,-61,40,83,33,9,10,5,3
-71,44,61,57,-98,51,-67,-249,-25,-102,-82,-64,35,83,26,9,10,5,3
-61,54,66,6,-117,30,-45,-248,-34,-123,-76,-71,25,91,18,9,10,5,3
-50,63,66,-18,-134,43,-22,-254,-31,-136,-70,-76,19,102,12,9,10,5,3
-40,72,62,-45,-148,52,-47,-248,-17,-138,-56,-77,14,115,10,9,10,5,3
-108,106,152,-68,-159,54,395,-191,-23,2,-151,-51,-3,43,63,9,10,5,3
-110,102,169,-51,44,0,362,-229,-52,-17,-174,-50,-16,36,60,9,10,5,3
-98,95,171,-37,44,-13,318,-216,-41,-39,-162,-58,-30,34,53,9,10,5,3
-75,85,156,-17,41,-26,267,-177,-5,-59,-132,-68,-40,37,47,9,10,5,3
41,2,-16,9,35,-40,148,26,74,-7,-48,-72,-24,43,29,9,10,5,3
54,17,-21,47,65,-32,180,50,80,-9,-61,-62,-25,45,28,9,10,5,3
66,35,-26,43,63,-15,172,83,93,-22,-80,-65,-20,45,25,9,10,5,3
72,53,-30,35,61,3,155,87,120,-44,-88,-67,-18,40,25,9,10,5,3
1133,2033,2142,21,58,18,136,71,135,-60,-81,-68,-20,31,24,9,10,5,3
-25,-20,8,7,54,29,0,268,-15,-12,-62,-72,-22,-35,29,9,10,5,3
-15,-25,-8,-60,74,-35,-3,269,2,-22,-25,-76,-20,-35,36,9,10,5,3
-5,-29,-20,-52,83,-46,-27,278,3,-25,0,-77,-19,-33,39,9,10,5,3
3,-30,-27,-41,85,-54,-57,287,-15,-24,10,-75,-16,-27,39,9,10,5,3
161,20,-81,-27,81,-60,-418,54,107,-17,-166,-79,54,-64,44,9,10,5,3
145,23,-98,-19,47,0,-389,170,80,-11,-162,-69,69,-71,60,9,10,5,3
124,23,-102,-11,45,-1,-406,273,62,-7,-156,-70,66,-67,62,9,10,5,3
105,22,-97,-10,41,-5,-432,344,30,-6,-143,-69,60,-60,59,9,10,5,3
-2,52,19,-17,41,-10,278,-118,226,-25,-29,-77,60,-45,57,9,10,5,3
-7,48,25,47,22,-1,280,-142,236,-34,-27,-87,-62,107,3,9,10,5,3
-14,43,28,50,15,-5,269,-167,208,-42,-35,-93,-56,108,6,9,10,5,3
-19,38,28,50,11,-9,254,-185,199,-48,-48,-87,-45,106,16,9,10,5,3
121,-18,-54,46,11,-14,-245,-40,32,-117,-72,-83,-30,104,28,9,10,5,3
87,-40,-77,205,-197,84,-190,-32,21,-99,-46,-90,-46,352,-2,9,10,5,3
49,-52,-94,209,-215,92,-157,-26,14,-75,-29,-94,-24,354,0,9,10,5,3
10,-65,-105,204,-221,95,-142,-45,17,-49,-20,-91,-19,337,-2,9,10,5,3
91,101,5,188,-217,97,-333,-299,27,-46,-23,-56,-22,306,-3,9,10,5,3
90,96,-2,-60,-36,43,-290,-77,163,-60,-5,-67,149,-115,85,9,10,5,3
91,83,-8,-78,-54,66,-335,48,239,-66,0,-72,133,-121,57,9,10,5,3
94,65,-14,-100,-77,78,-375,118,282,-71,0,-72,109,-114,26,9,10,5,3
-78,91,122,-121,-98,77,156,-121,39,-127,-98,-81,97,-92,4,9,10,5,3
43,11,-63,32,-13,-4,119,-116,35,-153,-120,-87,15,149,42,9,10,5,3
58,12,-63,37,-19,0,90,-118,26,-162,-134,-84,23,154,50,9,10,5,3
65,12,-58,39,-20,2,71,-117,12,-151,-137,-77,26,153,54,9,10,5,3
64,15,-48,42,-14,3,-52,244,100,-35,-112,-68,31,151,51,9,10,5,3
46,15,41,-57,46,71,-75,340,121,-43,-118,-70,4,-36,104,9,10,5,3
44,26,55,-83,65,61,-46,277,128,-54,-119,-65,5,-36,95,9,10,5,3
40,40,65,-105,90,49,26,151,110,-63,-103,-49,-9,-30,76,9,10,5,3
34,57,74,-121,114,36,-121,307,-8,-19,65,-71,-18,-16,60,9,10,5,3
31,71,80,-127,133,26,-104,295,-40,-31,39,-75,-22,2,55,9,10,5,3
11,1,-46,-41,22,-20,-66,270,-57,-50,13,-85,2,-37,7,9,10,5,3
18,0,-44,-41,15,-11,-17,238,-57,-52,-41,-101,3,-41,34,9,10,5,3
21,-1,-36,-41,13,-1,37,217,-51,-48,-90,-93,16,-42,56,9,10,5,3
20,-1,-24,-43,12,10,-655,594,93,14,-96,-80,35,-43,76,9,10,5,3
20,-5,-8,-48,12,22,-85,182,93,7,-89,-82,60,-41,90,9,10,5,3
-15,152,25,-66,132,-33,-39,127,167,2,-71,-79,46,30,41,9,10,5,3
-4,128,34,-66,138,-35,-18,52,223,-1,-49,-77,62,27,24,9,10,5,3
7,95,34,-64,140,-34,-8,-47,266,-5,-30,-78,52,22,12,9,10,5,3
19,64,24,-55,130,-27,-37,-115,300,-46,-85,-72,24,16,5,9,10,5,3
34,41,4,-40,104,-12,60,-464,-58,-48,-86,-70,0,16,8,9,10,5,3
120,40,-5,-113,83,0,3,-508,-55,-49,-74,-70,98,-56,120,9,10,5,3
120,35,2,-21,-20,21,-48,-550,-60,-53,-61,-72,121,-85,138,9,10,5,3
123,36,9,-12,-31,2,-127,-586,-55,18,4,-82,143,-110,149,9,10,5,3
126,37,16,-2,-36,-11,-40,-74,-18,28,26,-95,152,-132,146,9,10,5,3
-1143,555,1218,8,-41,-13,-41,-53,-9,30,42,-96,156,-138,125,9,10,5,3
72,77,-5,22,-49,-4,-54,-44,-8,23,40,-96,23,82,20,9,10,5,3
90,87,-8,-2,29,-18,-71,-60,-4,18,8,-91,13,91,1,9,10,5,3
99,89,-7,0,15,0,-98,-84,0,-128,-23,-88,13,95,-7,9,10,5,3
100,88,-4,0,-5,18,-25,-36,106,-131,-49,-87,20,96,-2,9,10,5,3
96,81,-2,-10,-26,37,271,-417,-70,-128,-66,-81,31,92,10,9,10,5,3
-25,57,38,-24,-45,55,236,-461,-109,-114,-64,-78,16,129,27,9,10,5,3
-21,46,13,61,-50,-9,201,-469,-111,-97,-58,-75,15,135,23,9,10,5,3
-20,35,-6,70,-64,-5,174,-445,-77,-83,-107,-78,19,141,21,9,10,5,3
-20,24,-21,73,-73,0,154,-383,-17,-77,-94,-76,26,144,22,9,10,5,3
-21,12,-32,71,-74,2,200,-65,93,-64,-83,-74,31,142,27,9,10,5,3
-16,-22,36,65,-69,5,232,3,112,-45,-65,-69,-3,-29,68,9,10,5,3
-15,-33,34,-67,40,52,223,78,135,-24,-31,-65,0,-35,65,9,10,5,3
-15,-43,30,-64,46,37,210,136,167,-97,-93,-76,-2,-43,60,9,10,5,3
-13,-50,23,-61,56,19,164,194,183,-102,-77,-72,-2,-50,58,9,10,5,3
-11,-52,15,-57,67,0,-6,309,-40,-104,-49,-73,-2,-58,58,9,10,5,3
33,46,-7,-52,78,-22,-15,319,-74,-93,-24,-78,20,-14,29,9,10,5,3
23,54,11,-29,37,39,-15,328,-101,-61,-218,-53,25,-20,27,9,10,5,3
14,58,26,-32,26,55,-6,350,-133,-67,-216,-56,31,-24,30,9,10,5,3
5,58,35,-36,17,71,-811,491,-1240,-62,-206,-74,41,-32,43,9,10,5,3
-1,49,41,-41,6,79,-130,262,53,-44,-195,-73,53,-41,57,9,10,5,3
10,61,-2,-46,0,81,-102,257,60,-23,-185,-72,-28,-19,1,9,10,5,3
5,60,-1,-29,72,-47,-74,251,81,-60,-60,-68,-28,-16,-2,9,10,5,3
0,59,-2,-18,74,-46,-44,242,109,-53,-65,-78,-26,-8,-10,9,10,5,3
-6,57,-6,-6,75,-43,-15,228,141,-35,-74,-82,-29,0,-25,9,10,5,3
-10,49,-13,5,75,-36,-175,-15,-5,-15,-80,-64,-38,9,-36,9,10,5,3
-157,-102,-60,13,73,-23,-128,114,-12,6,-78,-46,-2,241,54,9,10,5,3
-179,-117,-59,0,-217,108,-63,214,-36,22,-105,-85,16,218,59,9,10,5,3
-195,-132,-58,-32,-186,108,20,208,-48,9,-135,-72,15,195,62,9,10,5,3
-204,-146,-59,-53,-150,105,80,140,-55,-15,-133,-66,12,175,60,9,10,5,3
-209,-160,-61,-65,-113,99,-243,-46,117,-38,-101,-71,14,162,52,9,10,5,3
83,-70,-13,-65,-76,90,-180,125,222,-55,-77,-77,216,-135,181,9,10,5,3
99,-91,-22,-211,-161,92,-286,115,325,-158,-63,-102,217,-180,156,9,10,5,3
111,-111,-37,-214,-136,68,-353,-62,307,-142,-67,-93,208,-196,110,9,10,5,3
119,-134,-60,-207,-119,50,-446,-135,277,-109,-47,-85,175,-199,60,9,10,5,3
121,-160,-88,-180,-103,33,-60,-102,0,-73,-18,-76,156,-180,20,9,10,5,3
84,39,-65,-137,-90,16,-86,-36,3,-32,9,-70,15,168,30,9,10,5,3
98,50,-61,55,25,2,-136,40,-20,-52,-145,-79,16,163,35,9,10,5,3
104,58,-50,36,24,14,-181,64,9,-51,-151,-80,16,154,35,9,10,5,3
102,61,-33,15,24,26,-211,61,64,-44,-152,-79,10,138,30,9,10,5,3
90,60,-15,-2,26,37,130,214,144,-33,-136,-69,6,121,27,9,10,5,3
-5,37,-9,-20,28,46,129,192,140,-21,-113,-68,15,-22,42,9,10,5,3
-1,39,-15,-43,29,31,150,187,126,-23,-53,-79,17,-23,38,9,10,5,3
3,40,-26,-10,21,-10,180,207,113,-6,-32,-75,16,-18,36,9,10,5,3
8,39,-38,-7,26,-15,204,236,110,0,-11,-69,13,-11,44,9,10,5,3
15,35,-50,-3,31,-22,-153,419,10,-7,7,-76,9,-5,55,9,10,5,3
33,-13,29,0,36,-29,-322,572,-10,-13,8,-83,68,-20,56,9,10,5,3
25,-44,19,0,41,-34,-554,613,0,-23,-162,-96,69,-14,56,9,10,5,3
27,-66,7,49,41,-48,-613,551,24,-22,-177,-80,69,-10,57,9,10,5,3
38,-74,-6,39,40,-47,-562,472,50,-27,-173,-75,61,-7,57,9,10,5,3
55,-68,-21,24,37,-41,131,144,154,-29,-159,-90,51,-5,55,9,10,5,3
-38,50,23,7,35,-33,144,106,144,-21,-149,-94,-48,46,1,9,10,5,3
-28,41,27,-12,33,-24,172,23,166,6,-135,-41,-45,51,9,9,10,5,3
-15,31,32,-62,94,-45,191,-83,214,-8,-126,-40,-42,47,25,9,10,5,3
2,27,34,-39,85,-32,225,-189,254,-14,-100,-33,-32,39,48,9,10,5,3
27,28,35,-9,68,-13,-99,-143,20,-25,-94,-44,-16,29,75,9,10,5,3
-69,-59,-50,22,45,5,-101,-130,9,-38,-122,-63,-19,108,18,9,10,5,3
-50,-29,-42,57,23,22,-100,-129,-1,-21,-62,-59,-16,95,29,9,10,5,3
-34,0,-31,-8,42,-24,-90,-149,-5,-10,-62,-55,-3,91,40,9,10,5,3
-21,24,-19,-12,25,-14,-73,-175,-18,-10,-50,-53,-2,87,44,9,10,5,3
-11,43,-5,-16,7,-5,-710,-86,5,-18,-26,-61,4,86,37,9,10,5,3
-31,-30,-59,-20,-5,4,-669,-224,-56,-26,-7,-66,-15,220,45,9,10,5,3
-63,0,0,-30,-25,21,-527,-401,-53,-38,-126,-69,-23,232,46,9,10,5,3
-109,19,66,23,27,-77,-324,-488,-12,-55,-130,-73,-36,230,41,9,10,5,3
-155,46,125,32,23,-76,-116,-445,34,-64,-121,-69,-42,224,41,9,10,5,3
-176,63,167,42,19,-73,-149,122,273,-67,-108,-67,-39,212,42,9,10,5,3
-21,-4,8,52,16,-66,-184,182,307,-60,-98,-71,-1,54,67,9,10,5,3
-14,4,8,62,15,-56,-183,243,303,-16,-98,-63,-8,44,71,9,10,5,3
-9,6,12,-25,25,45,-147,302,282,-10,-133,-74,-18,34,76,9,10,5,3
-9,5,18,-31,17,41,-101,355,261,-3,-173,-74,-24,27,78,9,10,5,3
-13,4,24,-38,14,34,136,235,-143,0,-195,-66,-27,25,80,9,10,5,3
87,78,-69,-47,18,26,143,250,-128,0,-193,-64,9,-16,12,9,10,5,3
84,88,-54,-53,25,15,145,264,-135,-49,-80,-36,18,-18,14,9,10,5,3
74,96,-39,-9,-13,105,127,260,-138,-52,-107,-45,17,-32,16,9,10,5,3
58,96,-24,0,-11,79,131,252,-116,-52,-143,-45,23,-43,23,9,10,5,3
39,87,-9,8,-8,50,-239,464,20,-52,-170,-37,36,-49,40,9,10,5,3
1,31,-15,15,-7,21,-211,424,45,-47,-183,-35,11,-19,20,9,10,5,3
8,48,-27,24,-7,-6,-189,381,69,107,-72,-100,8,-35,19,9,10,5,3
14,60,-37,-93,53,41,-172,338,102,107,-60,-94,10,-42,19,9,10,5,3
24,67,-44,-79,50,37,-149,289,136,82,-53,-87,10,-45,19,9,10,5,3
37,71,-47,-63,48,31,87,-552,-37,41,-50,-79,10,-46,19,9,10,5,3
52,78,153,-46,48,23,177,290,349,-12,-43,-77,66,-83,121,9,10,5,3
64,63,135,-30,13,9,57,366,448,-139,-66,-80,68,-87,116,9,10,5,3
80,52,100,19,-7,0,-106,270,469,-91,-75,-74,74,-90,115,9,10,5,3
88,39,57,63,-27,-5,-237,44,350,-47,-84,-71,93,-89,116,9,10,5,3
89,23,11,101,-47,-8,-313,-135,189,-16,-65,-67,113,-87,118,9,10,5,3
-8,61,4,135,-67,-7,-115,18,53,1,-19,-73,-26,189,-29,9,10,5,3
-1,68,7,49,-6,-81,-62,73,106,-20,-50,-46,-25,183,-37,9,10,5,3
6,69,11,42,-24,-51,-78,91,152,-54,-35,-41,-16,172,-35,9,10,5,3
13,67,16,32,-50,-10,-142,13,182,-101,-8,-46,-4,156,-28,9,10,5,3
20,62,21,21,-76,31,-206,-65,207,-156,12,-59,13,133,-13,9,10,5,3
-95,161,201,7,-100,67,422,-89,-24,-201,14,-74,-41,138,60,9,10,5,3
-95,162,210,-24,21,-30,389,-102,-40,5,-146,-98,-42,119,44,9,10,5,3
-96,148,205,-18,14,-39,345,-138,-50,-3,-158,-99,-50,99,25,9,10,5,3
-95,125,190,-11,11,-46,297,-170,-51,-13,-168,-97,-61,82,6,9,10,5,3
22,26,-11,0,12,-51,-65,160,283,-33,-172,-93,36,-41,90,9,10,5,3
24,15,-7,-81,54,37,-48,178,268,-39,-89,-68,34,-40,77,9,10,5,3
26,8,-6,-65,51,35,-22,199,236,-16,-83,-73,30,-36,63,9,10,5,3
31,2,-10,-51,46,34,27,218,204,9,-91,-59,29,-30,53,9,10,5,3
33,0,-19,-40,44,31,88,212,186,20,-88,-31,26,-28,50,9,10,5,3
68,-128,24,-38,48,25,-211,469,315,4,-57,-29,118,-36,122,9,10,5,3
105,-106,45,-191,135,-43,-192,363,364,-170,-208,-64,110,-58,114,9,10,5,3
142,-73,57,-182,159,-85,-195,305,393,-175,-171,-69,99,-76,99,9,10,5,3
177,-30,63,-163,181,-125,-240,283,392,-165,-149,-78,92,-86,72,9,10,5,3
208,19,65,-138,198,-157,-286,266,365,-138,-136,-73,68,-97,41,9,10,5,3
-29,11,8,-108,208,-181,-2,-27,97,-105,-117,-67,15,32,30,9,10,5,3
-11,36,6,-26,67,-48,-13,-25,87,-5,-53,-65,13,33,31,9,10,5,3
0,57,2,-35,63,-42,-24,-30,80,-24,-75,-63,9,38,25,9,10,5,3
5,72,0,-43,60,-34,-31,-55,86,-45,-72,-62,-2,43,15,9,10,5,3
-114,-27,-18,-49,59,-20,119,36,58,-68,-69,-60,-30,222,42,9,10,5,3
-109,-35,-9,-52,59,-5,54,-6,49,-87,-89,-65,-19,179,44,9,10,5,3
-104,-46,0,-60,72,21,-10,-38,42,-47,-112,-73,-11,134,34,9,10,5,3
-96,-60,1,-49,87,8,-54,-57,32,-58,-125,-72,-16,98,17,9,10,5,3
-88,-73,-3,-38,92,0,-97,-81,25,-69,-123,-72,-32,66,0,9,10,5,3
71,-46,-34,-27,91,-6,-944,244,380,-77,-109,-76,231,-46,162,9,10,5,3
87,-58,-35,-16,87,-13,-870,281,256,-83,-86,-79,262,-89,156,9,10,5,3
101,-70,-37,19,-26,-68,-847,371,220,13,-47,-60,287,-110,137,9,10,5,3
114,-83,-46,65,-12,-71,-879,409,208,24,-39,-57,269,-119,92,9,10,5,3
126,-97,-67,107,0,-70,-880,382,202,31,-39,-57,222,-128,54,9,10,5,3
-1,-90,-137,140,14,-67,72,-120,53,32,-44,-54,0,104,1,9,10,5,3
27,-75,-147,162,29,-60,61,-39,78,24,-43,-49,0,113,7,9,10,5,3
53,-56,-152,-23,41,36,51,45,94,-63,-73,-103,-4,118,14,9,10,5,3
73,-30,-149,-45,36,46,33,105,101,-71,-127,-93,-6,126,28,9,10,5,3
83,-7,-139,-55,25,56,17,135,99,-80,-156,-82,-7,129,44,9,10,5,3
-29,103,118,-50,9,68,284,177,-79,-89,-161,-70,-5,28,32,9,10,5,3
-51,111,126,58,75,-162,262,149,-99,-14,-31,-87,8,29,14,9,10,5,3
-64,114,123,62,65,-164,237,104,-107,-26,-33,-86,15,25,-2,9,10,5,3
-68,114,110,57,60,-161,212,53,-101,-26,-43,-91,13,20,-16,9,10,5,3
-41,-52,-40,46,61,-150,138,27,163,-18,-52,-78,75,6,50,9,10,5,3
-21,-67,-42,-750,1186,-2845,164,203,243,-28,-58,-67,105,35,114,9,10,5,3
9,-73,-35,-144,8,18,-18,456,318,6,-57,-68,120,38,177,9,10,5,3
52,-77,-25,-153,23,-4,-323,670,443,16,-23,-58,143,39,219,9,10,5,3
86,-74,-7,-148,35,-23,-596,797,471,19,3,-63,166,27,241,9,10,5,3
29,-23,-113,-129,46,-37,32,-17,170,26,5,-78,-68,57,0,9,10,5,3
31,-13,-102,8,61,-8,31,-76,181,9,-45,-55,-9,53,58,9,10,5,3
29,-3,-86,0,74,-10,33,-122,176,0,-44,-48,-15,48,53,9,10,5,3
24,11,-69,-14,88,-13,20,-180,175,-5,-63,-59,-28,37,47,9,10,5,3
-75,-93,-182,-32,98,-14,-16,-28,-107,-13,-78,-55,-38,25,49,9,10,5,3
-121,-84,-153,185,-260,118,49,18,-60,101,-30,-68,-59,307,15,9,10,5,3
-169,-72,-113,135,-246,119,90,84,-27,94,-38,-67,-51,270,18,9,10,5,3
-214,-64,-67,78,-221,121,72,105,1,77,-61,-71,-44,228,20,9,10,5,3
95,41,13,26,-186,119,-369,474,460,46,-90,-74,-34,189,23,9,10,5,3
115,33,2,-145,-69,80,-658,546,476,-175,-114,-91,161,-108,35,9,10,5,3
136,28,-11,-164,-71,60,-941,586,409,-153,-147,-101,145,-77,20,9,10,5,3
152,15,-28,-177,-69,37,-1016,580,291,-134,-177,-105,114,-47,7,9,10,5,3
-179,97,141,-183,-68,15,205,-68,45,-121,-185,-101,89,-13,-3,9,10,5,3
-163,60,99,-176,-69,-7,196,-33,45,-117,-170,-100,68,27,-18,9,10,5,3
-139,22,52,80,-30,-6,188,-2,45,-3,-5,-89,-20,172,-17,9,10,5,3
-112,-10,4,103,-47,0,165,-2,42,-62,-66,-61,-23,172,-17,9,10,5,3
396,861,3495,119,-65,6,131,-33,36,-73,-77,-67,-13,177,-1,9,10,5,3
105,94,-23,129,-79,13,398,-100,-166,-81,-105,-74,10,182,24,9,10,5,3
82,143,4,57,176,-125,395,-153,-186,-88,-144,-75,46,180,59,9,10,5,3
58,188,36,43,166,-113,386,-180,-207,-99,-171,-71,-67,27,9,9,10,5,3
34,223,71,24,153,-99,371,-181,-216,17,-58,-93,-72,30,4,9,10,5,3
12,247,103,5,136,-85,355,-160,-215,23,-36,-87,-73,28,4,9,10,5,3
-30,29,36,-14,117,-70,-24,87,598,20,-11,-72,-69,25,1,9,10,5,3
-12,-1,36,11,-82,163,-116,555,601,2,9,-69,-55,24,5,9,10,5,3
15,-34,34,-10,-84,125,-223,960,568,-11,21,-78,15,-33,-34,9,10,5,3
52,-61,28,-32,-82,77,-348,1268,429,-4,-45,-92,-21,-33,-28,9,10,5,3
97,-77,19,-55,-74,28,-501,1466,230,-9,-29,-95,-51,-32,-19,9,10,5,3
50,31,-88,-80,-64,-12,-22,5,92,-15,-2,-95,-58,-24,-4,9,10,5,3
56,31,-85,41,46,-40,-46,-58,121,-12,20,-92,-46,-11,23,9,10,5,3
58,29,-77,37,46,-41,-52,-111,130,-3,37,-86,-35,52,40,9,10,5,3
61,33,-67,33,46,-41,-40,-127,119,-44,-59,-52,-13,40,72,9,10,5,3
62,39,-54,28,47,-42,-44,-129,119,-61,-72,-76,13,21,113,9,10,5,3
-22,9,-164,22,46,-45,-110,35,-50,-68,-122,-88,45,-5,151,9,10,5,3
-38,2,-143,-8,-94,82,-139,-8,-91,-93,-166,-105,-30,128,15,9,10,5,3
-62,-12,-110,-48,-71,90,-150,-55,-109,3,-52,-58,-30,112,19,9,10,5,3
-95,-38,-72,-78,-52,95,-147,-103,-99,6,-49,-57,-25,100,20,9,10,5,3
-135,-63,-36,-94,-32,96,-137,-143,-73,1,-54,-59,-23,88,23,9,10,5,3
32,-200,-140,-97,-18,94,-709,291,-22,-6,-64,-63,-23,81,25,9,10,5,3
23,-224,-162,26,-12,-49,-712,161,-22,-12,-72,-65,-45,181,-7,9,10,5,3
20,-234,-179,87,5,-70,-699,23,-24,16,-27,-67,-55,200,-6,9,10,5,3
25,-231,-189,141,21,-85,-645,-132,-38,1,-43,-72,-62,212,4,9,10,5,3
34,-216,-189,183,32,-88,-559,-273,-52,-10,-68,-73,-63,216,23,9,10,5,3
-26,0,-57,209,40,-78,9,-117,-84,-23,-96,-68,-53,218,42,9,10,5,3
-36,14,-39,49,-15,-15,22,-67,-101,-39,-113,-63,-43,116,-46,9,10,5,3
-44,25,-17,41,5,-13,47,5,-85,-100,-91,-45,-40,115,-20,9,10,5,3
-54,27,4,31,-3,-8,68,101,-50,-114,-126,-55,-19,115,19,9,10,5,3
-66,22,24,21,-13,23,60,215,-12,-132,-168,-63,16,115,67,9,10,5,3
-40,232,107,9,-21,72,308,-227,-217,-156,-206,-60,57,97,122,9,10,5,3
-43,208,102,-50,53,-17,288,-178,-193,13,-114,-83,-54,47,8,9,10,5,3
-46,175,92,-45,35,-5,259,-132,-164,13,-96,-83,-56,36,6,9,10,5,3
-50,137,77,-36,18,5,237,-86,-146,17,-72,-79,-48,29,9,9,10,5,3
-51,97,58,-28,4,16,222,-49,-135,20,-42,-82,-40,19,16,9,10,5,3
121,-80,-3,-21,-6,25,-249,1021,155,20,-21,-87,-35,12,27,9,10,5,3
134,-90,-18,-102,15,-73,-172,792,199,24,-48,-57,-21,0,-45,9,10,5,3
149,-97,-40,-92,40,-93,-92,655,192,40,-66,-62,-47,12,-43,9,10,5,3
159,-92,-60,-71,61,-110,-18,564,173,50,-93,-59,-58,28,-32,9,10,5,3
158,-82,-73,-44,79,-123,76,497,121,51,-108,-64,-46,44,-10,9,10,5,3
6,57,-4,-14,95,-128,-69,50,298,53,-110,-76,-37,44,3,9,10,5,3
-17,59,9,6,59,-24,-91,3,297,-66,-75,-85,-51,103,26,9,10,5,3
-37,53,22,11,55,-28,-120,-26,280,-57,-77,-83,-52,114,28,9,10,5,3
-55,44,31,17,50,-32,-121,-35,250,-44,-76,-80,-54,121,31,9,10,5,3
-67,36,34,26,47,-35,-109,-30,247,-36,-70,-81,-52,128,35,9,10,5,3
1,-112,-141,35,43,-36,-91,-67,-68,3400,-2531,3495,-52,126,37,9,10,5,3
-52,-117,-139,161,-202,109,-135,-75,-103,46,30,-83,-96,412,12,9,10,5,3
-104,-109,-126,148,-186,99,-194,-69,-99,31,30,-79,-20,95,-9,9,10,5,3
-152,-98,-109,127,-166,89,-202,-55,-69,23,27,-81,2,61,-5,9,10,5,3
145,64,40,101,-145,79,42,677,497,17,6,-83,13,33,-4,9,10,5,3
152,62,20,-1083,1697,2031,-151,707,471,5,-26,-84,21,18,0,9,10,5,3
156,62,3,-118,-82,23,-394,844,391,-74,-122,-86,31,30,9,9,10,5,3
159,49,-9,-87,-79,1,-507,986,299,-96,-118,-96,-52,170,9,9,10,5,3
156,28,-19,-48,-76,-24,-427,1065,300,-108,-139,-107,-59,201,7,9,10,5,3
30,20,-24,-8,-72,-51,-8,-117,67,-109,-164,-103,-55,228,5,9,10,5,3
25,13,-40,32,-65,-77,11,-62,65,-103,-171,-86,-36,249,7,9,10,5,3
14,2,-45,83,-38,0,35,-21,44,-1,20,-109,-21,255,20,9,10,5,3
0,-7,-40,82,-39,-2,54,9,35,28,-9,-108,-57,161,-5,9,10,5,3
-20,-13,-28,80,-57,2,62,44,31,59,-46,-98,-25,139,36,9,10,5,3
141,16,-53,69,-68,17,321,-135,58,71,-78,-86,20,104,74,9,10,5,3
120,42,-20,15,190,-147,357,-185,19,-80,-138,-34,77,62,110,9,10,5,3
104,78,10,10,178,-140,369,-241,-23,-65,-151,-50,-46,42,1,9,10,5,3
95,117,37,2,165,-135,358,-291,-72,-53,-132,-68,-62,41,5,9,10,5,3
-81,-638,-3371,-9,152,-129,351,-297,-130,-42,-107,-86,-67,40,6,9,10,5,3
-24,-15,30,-22,137,-120,240,392,4,-24,-94,-93,-56,43,9,9,10,5,3
-25,-4,34,27,17,46,189,302,85,-57,-231,-55,85,28,97,9,10,5,3
-23,0,38,26,14,54,173,221,155,-64,-286,-50,82,6,89,9,10,5,3
-21,0,46,25,8,58,191,307,240,-76,-301,-31,80,-16,80,9,10,5,3
-63,11,38,23,0,58,145,131,3,-81,-286,-41,76,-33,74,9,10,5,3
-49,6,19,2021,2628,311,115,168,9,-67,-254,-61,74,-37,62,9,10,5,3
-34,3,-4,-57,27,66,72,202,32,-35,-102,-110,58,-42,36,9,10,5,3
-21,4,-31,-62,23,60,19,211,31,-59,-100,-139,56,-42,31,9,10,5,3
-6,100,78,-66,23,52,-237,-394,77,-51,-106,-151,50,-43,21,9,10,5,3
0,94,71,-73,24,42,-252,-362,114,-41,-106,-122,46,-37,12,9,10,5,3
19,87,60,-14,37,-1,-267,-278,150,-94,-49,-82,69,59,21,9,10,5,3
52,79,47,20,22,-20,-143,-150,185,-54,-40,-81,34,87,11,9,10,5,3
-270,-68,45,56,3,-31,-125,-147,-40,-16,-42,-86,-8,118,9,9,10,5,3
-255,-67,33,93,-20,-36,-110,-114,-22,10,-41,-95,-43,161,11,9,10,5,3
-230,-59,20,36,52,-62,-102,-83,-9,-6,-102,-66,7,138,14,9,10,5,3
-196,-55,5,37,68,-71,-98,-59,-6,-5,-105,-73,-15,136,-11,9,10,5,3
49,-111,-35,35,74,-80,-218,840,283,0,-97,-69,-33,129,-20,9,10,5,3
42,-131,-54,32,73,-84,-332,819,210,-10,-74,-54,-45,118,-11,9,10,5,3
40,-146,-76,163,-27,-57,-447,793,164,-5,-40,-65,-43,199,83,9,10,5,3
39,-177,-102,184,-23,-51,-506,749,152,11,-11,-70,-55,199,79,9,10,5,3
-45,-14,-72,186,-10,-38,15,-126,-73,26,-20,-66,-57,195,77,9,10,5,3
-25,-6,-91,171,11,-21,-42,-161,-80,32,-46,-55,-64,185,70,9,10,5,3
-9,6,-99,18,-39,64,-95,-209,-73,16,-48,-89,-53,119,-6,9,10,5,3
0,21,-95,10,-44,70,-136,-237,-67,-15,-51,-91,-31,117,-1,9,10,5,3
204,-103,-87,0,-50,75,-173,118,158,-48,-40,-88,-8,104,6,9,10,5,3
196,-97,-95,-6,-53,74,-165,-32,177,-72,-24,-91,14,85,21,9,10,5,3
186,-83,-99,-6,165,-70,-129,-151,185,-95,-37,-77,-9,0,67,9,10,5,3
175,-62,-97,-19,156,-55,-66,-242,133,-79,-19,-91,-16,0,57,9,10,5,3
57,4,-104,-31,148,-45,104,153,128,-51,-31,-97,-18,10,50,9,10,5,3
31,7,-78,-42,139,-35,103,170,128,-18,-59,-83,-19,18,57,9,10,5,3
7,9,-53,-1,-3,49,119,193,100,-37,-43,-71,51,37,41,9,10,5,3
-12,11,-31,-4,0,49,151,231,61,-32,-46,-72,53,24,38,9,10,5,3
40,88,33,-6,3,48,291,84,-117,-31,-66,-72,61,9,36,9,10,5,3
17,86,44,-9,4,44,270,64,-95,-29,-99,-67,72,-8,32,9,10,5,3
-4,79,54,-36,15,17,261,96,-80,17,-133,-71,-33,33,19,9,10,5,3
-24,69,62,-29,17,17,268,141,-61,17,-139,-65,-35,34,15,9,10,5,3
8,40,-29,-23,19,17,-157,-66,108,15,-131,-68,-30,38,15,9,10,5,3
0,46,-25,-18,19,17,-167,-80,114,13,-122,-67,-22,39,22,9,10,5,3
-6,49,-22,-41,-7,44,-188,-82,124,-136,-140,-74,98,-23,41,9,10,5,3
-7,48,-17,-46,-19,32,-205,-91,131,-141,-123,-65,89,-12,18,9,10,5,3
-170,-40,29,-48,-23,15,0,170,38,-126,-107,-77,79,2,-2,9,10,5,3
-175,-40,49,-48,-23,0,-26,156,52,-101,-102,-92,65,20,-19,9,10,5,3
-172,-37,58,-33,47,-18,-61,121,31,-44,-66,-64,-29,84,-1,9,10,5,3
-166,-34,58,-20,46,-29,-112,85,7,-29,-35,-65,-24,94,5,9,10,5,3
62,-58,-39,-8,44,-39,-304,619,64,-19,-12,-66,-18,97,15,9,10,5,3
53,-83,-59,1,43,-46,-192,197,182,-15,2,-72,-9,93,25,9,10,5,3
48,-103,-83,75,32,-4,-102,176,216,0,-20,-67,7,57,85,9,10,5,3
42,-121,-107,53,44,5,-24,118,223,8,-41,-55,14,44,70,9,10,5,3
-18,-25,-56,26,50,12,32,16,210,6,-72,-54,13,37,61,9,10,5,3
-27,-15,-46,0,53,16,97,100,-13,-3,-92,-63,11,36,55,9,10,5,3
-40,-7,-32,-27,53,19,78,268,20,-19,-96,-71,5,41,42,9,10,5,3
-54,0,-17,-10,-43,31,112,400,46,-94,-136,-80,39,6,8,9,10,5,3
122,88,-31,-22,-28,16,234,500,84,-66,-126,-77,14,9,0,9,10,5,3
108,119,-3,-30,-11,2,150,-59,60,-39,-123,-78,-7,13,-3,9,10,5,3
90,145,26,-31,10,-11,180,13,75,-9,-127,-74,-24,16,-2,9,10,5,3
69,164,55,15,19,0,203,58,82,23,-33,-90,-4,14,17,9,10,5,3
-21,21,0,4,25,2,208,81,78,25,-36,-86,-9,13,14,9,10,5,3
-29,18,3,-8,33,5,170,393,55,11,-32,-75,-12,11,16,9,10,5,3
-32,13,2,-19,42,7,219,453,10,-12,-23,-78,-13,9,18,9,10,5,3
-31,7,0,-103,37,-6,325,521,-38,-34,-103,-72,15,-32,15,9,10,5,3
-49,107,74,-113,58,-23,374,586,-21,-31,-82,-74,4,-21,14,9,10,5,3
-67,86,91,-114,75,-34,360,618,20,-31,-68,-75,-4,-11,18,9,10,5,3
-75,63,100,-107,87,-40,66,-58,61,-28,-61,-83,-13,-2,21,9,10,5,3
-74,43,98,652,3773,142,65,-51,51,-28,-56,-86,-17,5,24,9,10,5,3
-63,25,82,14,20,1,61,-41,43,-41,-65,-72,20,70,72,9,10,5,3
115,-33,-48,9,18,9,44,-45,38,-45,-77,-70,31,61,86,9,10,5,3
118,-26,-62,5,11,18,7,203,13,-47,-87,-67,44,51,92,9,10,5,3
112,-17,-75,2,3,28,85,195,21,-51,-89,-66,61,40,89,9,10,5,3
98,-5,-87,-82,-23,73,121,166,31,-12,-103,-84,-35,56,18,9,10,5,3
51,76,-4,-81,-8,63,122,128,35,-10,-114,-82,-28,56,26,9,10,5,3
43,85,1,-73,4,51,-631,2547,-2691,-5,-113,-80,-20,52,34,9,10,5,3
28,90,8,-61,18,39,-401,713,310,0,-101,-74,-13,49,37,9,10,5,3
9,88,12,-94,-79,30,-456,826,281,-135,-141,-81,89,25,5,9,10,5,3
22,7,-67,-100,-71,18,-381,840,238,-108,-123,-78,71,43,-5,9,10,5,3
0,32,-32,-99,-60,6,-266,832,197,-73,-84,-79,51,67,-14,9,10,5,3
-27,59,6,-87,-49,-7,151,-151,60,-34,-46,-69,33,97,-19,9,10,5,3
-56,83,47,34,-21,-10,144,-140,46,10,-92,-77,1,68,30,9,10,5,3
-83,99,86,42,-12,-13,144,-132,29,-17,-35,-81,3,68,29,9,10,5,3
-36,-26,-15,44,0,-14,152,-126,20,-19,-46,-83,-1,64,25,9,10,5,3
-21,-42,-17,42,11,-13,-359,47,287,-24,-64,-87,-8,59,19,9,10,5,3
-1,-54,-20,36,23,-10,-274,83,322,-29,-91,-91,-16,57,12,9,10,5,3
22,-60,-22,7,82,-33,-147,129,307,-34,-122,-87,28,1,34,9,10,5,3
45,-61,-29,2,77,-33,-1,185,269,20,-49,-64,27,-8,31,9,10,5,3
9,4,-23,-4,73,-31,132,236,203,31,-31,-70,18,-8,28,9,10,5,3
13,8,-26,-11,69,-30,205,171,26,37,-32,-75,0,-9,25,9,10,5,3
17,11,-34,-20,62,-26,224,207,40,36,-35,-69,-13,-1,22,9,10,5,3
19,13,-43,-26,19,38,228,268,52,20,-35,-71,68,-53,32,9,10,5,3
18,11,-50,-39,13,34,192,372,100,11,-85,-81,51,-54,24,9,10,5,3
-37,11,40,-56,9,29,150,486,144,23,-90,-75,40,-46,20,9,10,5,3
-39,8,42,-72,10,27,102,9,113,25,-85,-71,35,-33,19,9,10,5,3
-38,9,36,-86,15,26,79,-9,112,21,-73,-69,31,-20,21,9,10,5,3
-35,12,24,-5,46,-24,54,-27,111,13,-61,-74,-37,44,8,9,10,5,3
-29,17,10,-9,41,-20,35,-39,109,-5,-205,-57,-37,45,14,9,10,5,3
110,31,-39,-14,37,-19,14,-49,115,-71,-163,-88,-39,40,21,9,10,5,3
94,23,-58,-19,35,-18,24,-48,-32,-61,-158,-83,-35,37,37,9,10,5,3
75,15,-71,-24,37,-17,7,-56,-32,-61,-138,-86,-22,35,60,9,10,5,3
50,8,-76,-37,-85,109,-53,-57,-43,-60,-124,-91,-15,82,31,9,10,5,3
-13,42,0,-42,-71,101,-120,-42,-46,-46,-78,-67,-8,75,33,9,10,5,3
-16,51,2,-43,-57,89,28,260,293,-33,-55,-64,-5,68,39,9,10,5,3
-19,58,5,-40,-43,76,-65,272,316,-25,-26,-67,-4,68,42,9,10,5,3
-20,66,5,-3883,3779,-3538,-128,382,346,-22,-1,-69,-7,72,45,9,10,5,3
-19,70,2,51,-17,-62,-183,589,360,-25,14,-70,-57,148,-2,9,10,5,3
-89,134,147,82,-3,-56,-249,751,279,11,-90,-67,-79,168,20,9,10,5,3
-100,117,151,109,5,-44,86,-229,25,-1,-93,-67,-93,182,42,9,10,5,3
-105,90,143,127,12,-31,123,-187,33,-16,-95,-69,-93,187,59,9,10,5,3
-105,60,123,137,19,-21,163,-144,40,-29,-100,-73,-85,180,70,9,10,5,3
-98,31,93,-58,24,63,199,-97,50,-40,-103,-77,-26,52,15,9,10,5,3
62,-43,-34,-56,14,73,226,-47,55,-42,-156,-63,-11,50,32,9,10,5,3
86,-30,-45,-49,4,79,148,-46,70,-38,-126,-62,3,44,47,9,10,5,3
104,-14,-56,-39,-2,79,129,-90,56,-27,-96,-61,28,40,61,9,10,5,3
115,2,-66,-27,-3,76,129,-122,44,-20,-66,-73,52,34,69,9,10,5,3
114,20,-71,26,15,14,148,-132,38,-13,-42,-81,-1,59,36,9,10,5,3
-23,-78,0,30,2,28,174,-126,33,29,-29,-60,2,47,39,9,10,5,3
-29,-81,10,32,-10,42,307,361,-3,25,-37,-66,7,35,43,9,10,5,3
-35,-78,18,31,-21,55,311,361,19,16,-64,-68,10,25,50,9,10,5,3
-41,-72,24,26,-32,67,308,364,50,0,-97,-67,13,18,51,9,10,5,3
-42,-62,26,-8,34,11,277,375,72,-32,-119,-73,22,11,32,9,10,5,3
-8,-2,13,-5,33,10,239,392,115,-524,-68,1861,23,11,32,9,10,5,3
4,5,-4,-5,33,8,54,78,142,8,-142,-71,18,10,30,9,10,5,3
15,10,-22,-9,32,9,28,86,149,-3,-114,-68,12,9,30,9,10,5,3
23,11,-38,-15,31,12,-4,89,159,-16,-80,-74,6,12,30,9,10,5,3
29,9,-49,-18,58,-16,-30,91,160,-26,-57,-82,-17,73,19,9,10,5,3
15,-49,-86,-12,45,-24,-168,77,139,-52,-84,-89,-13,86,21,9,10,5,3
20,-47,-85,-3,30,-33,-147,104,107,-47,-67,-92,-6,95,28,9,10,5,3
20,-50,-83,7,17,-38,-148,102,49,-32,-60,-88,0,99,39,9,10,5,3
15,-55,-80,-3,-35,23,-148,109,-1,-19,-60,-77,-27,70,32,9,10,5,3
-10,13,-4,-11,-24,24,-205,124,54,-80,-133,-93,-24,70,32,9,10,5,3
-9,18,-8,-18,-11,25,-197,136,51,-84,-126,-97,-22,69,31,9,10,5,3
-11,22,-11,-23,-1,26,-177,153,54,-79,-112,-94,-23,64,30,9,10,5,3
-12,24,-14,-54,-40,16,-173,183,60,-66,-97,-89,59,38,31,9,10,5,3
-10,25,-18,-48,-39,10,-206,263,65,-50,-88,-80,47,44,22,9,10,5,3
-91,65,114,-37,-34,4,84,-194,142,-19,-75,-68,30,50,14,9,10,5,3
-96,52,110,-24,-28,0,123,-191,127,-25,-82,-75,16,62,10,9,10,5,3
-99,36,98,-10,-20,-1,142,-187,98,-29,-94,-74,-1,73,9,9,10,5,3
-99,20,82,20,-33,40,152,-182,69,-35,-104,-73,-24,92,22,9,10,5,3
-98,6,61,16,-26,43,159,-178,51,-44,-97,-78,-26,89,13,9,10,5,3
75,-33,35,14,-19,44,-85,176,75,-67,-112,-67,-29,84,6,9,10,5,3
94,-23,23,15,-16,39,-31,44,130,-78,-74,-75,-31,79,0,9,10,5,3
105,-12,8,6,118,-74,46,3,178,-70,-51,-84,-5,-6,24,9,10,5,3
109,-2,-3,13,108,-76,144,36,189,-42,-55,-82,-9,-6,21,9,10,5,3
83,85,-85,14,95,-74,95,88,-6,-54,-46,-89,-7,-6,19,9,10,5,3
68,82,-78,9,82,-71,91,65,-35,-47,-47,-87,3,0,19,9,10,5,3
51,72,-67,1,73,-67,96,55,-69,-43,-37,-84,13,2,16,9,10,5,3
32,58,-55,13,-75,71,102,49,-84,-40,-20,-81,53,10,84,9,10,5,3
15,43,-45,-2,-76,67,106,35,-74,-40,-3,-80,37,14,73,9,10,5,3
-33,-12,-25,-18,-70,63,290,247,3,-1,-57,-73,22,16,58,9,10,5,3
-16,-10,-49,-29,-60,62,307,225,15,-11,-45,-67,10,19,46,9,10,5,3
5,-6,-71,-33,-47,61,322,203,34,-14,-40,-67,3,22,37,9,10,5,3
28,0,-86,-12,55,2,324,180,57,-11,-40,-72,-14,41,47,9,10,5,3
50,10,-92,-11,50,-10,306,156,76,-9,-37,-76,-13,48,45,9,10,5,3
72,57,-75,-14,46,-20,-164,5,151,-18,-18,-21,-14,55,44,9,10,5,3
63,51,-62,-16,47,-27,-260,87,169,-63,-22,-29,-18,60,40,9,10,5,3
62,42,-48,-17,48,-32,-261,203,204,-76,-53,-48,-25,61,35,9,10,5,3
71,32,-32,98,-127,60,-185,277,195,-75,-89,-44,-21,110,48,9,10,5,3
85,24,-15,96,-127,57,-92,278,158,-79,-113,-46,-16,109,48,9,10,5,3
-38,29,42,87,-115,54,-115,89,53,-35,-94,-62,-16,105,44,9,10,5,3
-40,29,37,73,-94,52,-147,92,42,-34,-98,-65,-19,96,37,9,10,5,3
-39,29,34,10,-66,31,-201,108,22,-30,-98,-67,177,33,79,9,10,5,3
-36,30,34,-13,-77,35,-259,115,-1,-25,-96,-66,173,20,58,9,10,5,3
18,-22,-57,-34,-88,39,-394,-35,137,54,-91,-61,151,8,32,9,10,5,3
-3,13,-4,-53,-94,41,-443,-123,126,51,-87,-61,137,10,15,9,10,5,3
-26,50,49,-951,2757,-926,-456,-200,119,46,-77,-64,123,16,3,9,10,5,3
-51,86,101,-1,11,-32,-440,-257,118,38,-66,-71,-14,78,54,9,10,5,3
-73,117,144,13,5,-27,-422,-292,116,29,-65,-74,-10,74,58,9,10,5,3
-76,-32,-21,26,0,-21,314,182,62,-31,-58,-91,-4,68,62,9,10,5,3
-72,-46,-13,37,-4,-16,286,220,102,-28,-83,-104,2,62,62,9,10,5,3
-64,-57,-6,43,-5,-12,276,277,171,-13,-114,-95,9,60,61,9,10,5,3
-55,-67,-1,-28,65,-12,286,344,263,-2,-139,-79,-29,25,22,9,10,5,3
-42,-71,0,-28,70,-12,313,410,320,0,-141,-64,-37,9,15,9,10,5,3
32,36,-41,-25,71,-11,246,-2,-87,-10,-73,-87,-36,1,2,9,10,5,3
37,39,-44,-20,65,-11,263,30,-95,-8,-83,-104,-29,-1,9,9,10,5,3
40,40,-46,-27,32,45,261,71,-93,-3,-93,-107,22,35,53,9,10,5,3
38,39,-46,-26,36,33,232,133,-36,7,-103,-109,20,43,42,9,10,5,3
-35,-8,37,-26,37,16,250,21,-27,0,-66,-85,19,45,34,9,10,5,3
-29,-10,29,-25,40,-2,255,41,-43,-3,-55,-76,16,44,30,9,10,5,3
-24,-12,18,-14,37,6,259,59,-40,-10,-42,-71,-8,3,37,9,10,5,3
-20,-14,4,-19,40,6,256,52,-16,-16,-33,-76,-13,4,32,9,10,5,3
48,57,-2,-28,44,5,-29,197,118,-28,-15,-81,-13,7,33,9,10,5,3
36,58,-12,-37,48,1,-59,171,89,-34,-46,-88,-15,6,36,9,10,5,3
21,58,-25,-888,-1861,753,-87,128,61,-32,-90,-90,-20,1,41,9,10,5,3
7,57,-36,-20,-32,66,-112,80,46,-32,-121,-77,-43,98,13,9,10,5,3
-5,53,-46,-13,-28,53,-126,39,46,-31,-120,-71,-43,108,20,9,10,5,3
-23,37,11,-3,-23,45,-285,271,0,-24,-88,-70,-45,114,24,9,10,5,3
-25,35,9,8,-21,39,-300,408,-19,-21,-104,-60,-46,115,22,9,10,5,3
-23,32,5,-57,-104,43,-246,400,-24,-24,-105,-54,161,16,32,9,10,5,3
-16,27,0,-72,-119,45,-56,288,66,-26,-90,-57,152,21,24,9,10,5,3
135,-2503,-1514,-81,-130,45,95,297,189,-24,-70,-58,144,28,14,9,10,5,3
-70,164,160,-87,-143,45,63,-334,126,-24,-85,-84,128,37,3,9,10,5,3
-95,155,168,-71,0,-17,132,-337,131,-4,-55,-86,-39,73,-11,9,10,5,3
-117,135,158,-54,-15,-17,151,-329,104,-4,-55,-88,-40,80,-11,9,10,5,3
-132,107,136,-29,-26,-16,120,-312,60,0,-63,-88,-41,87,-7,9,10,5,3
32,5,-7,-2,-32,-14,260,-5,230,9,-69,-86,-44,92,0,9,10,5,3
28,15,8,43,69,-64,320,-33,189,-13,-101,-64,-28,41,31,9,10,5,3
23,30,22,46,67,-66,345,-62,148,-14,-112,-60,-14,34,35,9,10,5,3
18,44,28,46,64,-67,329,-85,100,-15,-122,-69,-4,25,32,9,10,5,3
8,55,29,41,59,-67,277,-117,63,-17,-121,-66,1,16,26,9,10,5,3
-16,-17,-19,34,54,-66,160,13,137,-22,-108,-74,3,11,21,9,10,5,3
-9,-22,-21,2,-21,75,205,0,193,-16,-147,-45,89,21,68,9,10,5,3
0,-29,-20,1,-23,73,299,62,193,-20,-130,-53,93,17,54,9,10,5,3
10,-37,-17,-1,-23,67,409,144,177,-12,-115,-60,98,15,46,9,10,5,3
21,-46,-15,-3,-24,57,512,243,193,0,-110,-68,95,11,39,9,10,5,3
47,40,-35,-5,-23,45,87,-41,66,15,-107,-77,83,9,32,9,10,5,3
51,45,-42,-1,32,-12,61,-43,68,12,-119,-92,-41,3,24,9,10,5,3
53,49,-44,-6,33,-6,36,-36,78,26,-127,-74,-36,-2,35,9,10,5,3
49,48,-42,-15,35,0,7,-36,90,34,-112,-62,-27,-8,49,9,10,5,3
-28,-30,-163,-26,42,8,-89,59,-79,41,-85,-56,-6,-5,69,9,10,5,3
-62,-43,-148,82,-186,141,2,52,-36,28,-47,-82,-47,121,22,9,10,5,3
-95,-60,-119,-35,-19,52,52,50,0,34,-75,-79,-43,112,18,9,10,5,3
-129,-80,-82,-19,0,32,70,64,40,36,-96,-77,-38,106,17,9,10,5,3
17,98,42,-3,20,14,-245,363,75,37,-108,-73,-36,99,21,9,10,5,3
24,88,38,9,36,-1,-95,319,113,34,-117,-73,-25,103,26,9,10,5,3
34,75,32,18,51,-15,135,293,219,-86,-111,-85,3588,774,1977,9,10,5,3
45,62,25,-8,-23,-49,316,328,312,-76,-130,-82,-63,102,-15,9,10,5,3
-109,95,148,24,-14,-47,-279,-203,57,-62,-140,-75,-83,116,4,9,10,5,3
-121,77,157,56,-6,-38,-205,-210,67,-53,-138,-73,-94,129,25,9,10,5,3
-128,55,151,85,3,-23,-133,-212,75,-24,-16,-83,-95,132,41,9,10,5,3
-126,37,131,91,-88,81,-61,-214,77,-6,-24,-77,-63,742,-171,9,10,5,3
-126,20,101,89,-91,92,10,-212,78,11,-32,-71,24,18,59,9,10,5,3
44,29,7,83,-91,101,147,-50,162,22,-36,-68,29,2,57,9,10,5,3
50,47,2,69,-85,104,171,-61,143,-26,-72,-72,26,-10,53,9,10,5,3
54,61,0,49,-72,104,189,-54,119,-25,-71,-72,20,-15,48,9,10,5,3
55,72,-2,-42,45,3,187,-54,97,-26,-71,-73,-3,0,13,9,10,5,3
54,81,-3,-42,46,0,185,-66,78,-27,-69,-75,30,28,45,9,10,5,3
25,-48,-18,-40,46,-1,534,188,148,-27,-69,-81,38,26,49,9,10,5,3
38,-58,-16,-37,44,-3,608,301,130,-17,-109,-74,45,18,52,9,10,5,3
52,-65,-14,-31,44,-7,638,391,122,-2,-91,-72,54,13,60,9,10,5,3
67,-67,-15,-38,50,15,623,417,81,14,-82,-72,65,12,75,9,10,5,3
78,-64,-21,-53,42,24,551,394,37,27,-75,-67,-2,-34,-1,9,10,5,3
44,75,-6,-68,35,30,-31,38,176,23,-64,-82,-8,-33,1,9,10,5,3
35,83,3,-83,31,32,-60,38,163,17,-59,-85,-8,-27,5,9,10,5,3
25,88,11,43,33,-18,-77,35,149,0,-51,-87,-13,-20,13,9,10,5,3
15,88,15,55,29,1,-89,37,132,-13,-45,-82,-11,52,77,9,10,5,3
-11,-18,7,63,21,20,51,222,53,-17,-169,-74,-29,80,26,9,10,5,3
-10,-12,0,65,12,37,-15,185,6,-20,-144,-72,-29,96,32,9,10,5,3
-10,-4,-1,40,-2,15,-82,169,-5,-25,-110,-75,-32,107,34,9,10,5,3
-9,3,2,32,0,29,-98,164,12,-26,-89,-80,-36,114,31,9,10,5,3
-4,8,-12,21,1,40,-47,311,57,-19,-75,-62,-3,96,40,9,10,5,3
6,6,-11,8,4,47,124,225,157,-19,-54,-67,10,98,50,9,10,5,3
18,3,-3,-119,-107,30,256,233,252,-20,-37,-62,27,91,59,9,10,5,3
26,-1,11,-109,-102,9,287,241,280,-32,-23,-59,54,85,71,9,10,5,3
-247,89,247,-92,-94,-7,-386,-237,-134,10,-133,-82,-46,93,7,9,10,5,3
-256,78,250,-67,-87,-17,-367,-224,-124,-8,-131,-84,-32,66,-3,9,10,5,3
-251,62,231,27,7,2,-326,-214,-96,-31,-118,-87,-22,53,-9,9,10,5,3
-237,43,197,37,3,1,-268,-198,-59,-49,-109,-89,-17,47,-8,9,10,5,3
23,6,24,45,1,0,327,-103,246,-68,-107,-94,41,-10,62,9,10,5,3
21,-49,27,49,5,-1,89,-119,263,-16,-108,-77,34,-27,64,9,10,5,3
24,-33,29,-5,65,-52,-59,-150,218,40,-103,-60,18,-38,65,9,10,5,3
26,-10,29,14,67,-68,-121,-194,159,78,-87,-58,3,-32,65,9,10,5,3
24,14,27,30,69,-81,161,-57,-59,-9,-106,-104,18,-21,22,9,10,5,3
16,39,26,42,72,-90,156,-65,-87,-31,-106,-92,16,-20,13,9,10,5,3
20,14,18,16,28,34,158,-75,-103,-56,-91,-74,13,-16,9,9,10,5,3
22,0,31,-43,15,76,164,-88,-110,-70,-65,-66,13,-10,14,9,10,5,3
28,-12,45,-52,16,72,465,-29,-25,86,-106,-107,24,-11,-20,9,10,5,3
36,-20,55,-56,14,64,489,-29,-7,100,-98,-111,30,-10,-26,9,10,5,3
63,86,-45,-55,10,53,524,-18,-7,99,-87,-100,37,-7,-27,9,10,5,3
56,89,-36,-83,98,-40,544,-13,-7,82,-71,-86,46,-2,-22,9,10,5,3
53,87,-18,-86,111,-39,-212,17,69,-3,-55,-89,-86,14,-1,9,10,5,3
51,84,4,-83,123,-38,-258,115,172,7,-41,-80,-62,31,24,9,10,5,3
-6,-32,-51,-73,132,-36,-271,84,134,20,-39,-63,-34,47,51,9,10,5,3
-21,-31,-41,-1205,847,1194,-196,66,151,30,-46,-44,-12,62,76,9,10,5,3
-33,-26,-31,31,-3,16,-103,67,180,40,-69,-58,3,71,94,9,10,5,3
-41,-15,-23,30,-10,18,-47,78,190,-4,-81,-79,-43,81,42,9,10,5,3
-45,-3,-17,28,-18,20,-110,277,-15,-3,-71,-79,-46,84,37,9,10,5,3
28,25,10,26,-24,23,-72,374,-24,-1,-73,-78,-45,90,30,9,10,5,3
41,14,11,-32,-127,64,4,302,-7,-1,-84,-74,-42,95,25,9,10,5,3
52,0,6,-48,-148,63,147,174,104,-1138,3581,-1643,-40,99,19,9,10,5,3
60,-15,0,-60,-170,57,230,186,208,16,-57,-64,-116,189,9,9,10,5,3
65,-34,-12,-70,-188,49,-83,-253,175,9,-41,-66,-119,178,16,9,10,5,3
-36,-36,-50,-77,-201,40,-10,-273,170,7,-28,-67,-117,158,28,9,10,5,3
-20,-50,-85,23,10,-16,32,-274,157,7,-30,-65,-106,135,38,9,10,5,3
-3,-58,-108,51,12,-22,53,-253,138,5,-44,-66,-87,114,46,9,10,5,3
13,-58,-118,75,11,-26,55,-231,111,11,-120,-62,-23,-14,42,9,10,5,3
28,-50,-120,93,6,-27,332,-226,83,18,-91,-53,-25,-6,53,9,10,5,3
-17,65,33,100,0,-26,325,-217,62,11,-57,-55,-22,7,62,9,10,5,3
-16,59,38,-21,25,-10,306,-210,41,2,-35,-58,-20,19,68,9,10,5,3
-11,49,39,-39,23,-9,284,-206,23,-5,-38,-60,-19,24,66,9,10,5,3
-5,38,36,-57,27,-9,251,-206,9,72,-129,-76,62,11,45,9,10,5,3
3,27,28,-69,33,-10,504,237,143,62,-140,-70,81,25,68,9,10,5,3
92,27,-56,-74,41,-11,454,241,69,40,-151,-54,93,33,88,9,10,5,3
61,51,-15,-20,38,55,431,237,32,15,-156,-37,98,32,104,9,10,5,3
62,51,-13,-23,42,57,412,191,5,-4,-157,-46,95,17,111,9,10,5,3
62,50,-10,-32,49,54,395,133,3,6,-110,-77,-61,-5,-9,9,10,5,3
59,49,-7,-42,57,46,107,-65,93,11,-91,-73,-58,1,-4,9,10,5,3
-20,30,2,7,37,6,110,-47,130,16,-68,-70,-55,17,2,9,10,5,3
-2,23,-8,19,28,26,135,-29,161,15,-45,-67,-50,37,9,9,10,5,3
13,14,-15,29,14,44,153,-7,178,-2503,-2020,-2161,-49,49,13,9,10,5,3
27,0,-19,37,-2,57,143,12,190,-117,-21,-46,138,42,159,9,10,5,3
34,-14,-22,40,-21,63,-41,127,-127,-145,-46,-76,156,20,157,9,10,5,3
-138,-46,-99,205,-142,10,-191,182,-218,-152,-115,-86,158,6,140,9,10,5,3
-159,-38,-78,218,-153,21,-250,203,-225,-142,-181,-78,149,5,102,9,10,5,3
-170,-39,-55,210,-154,36,-240,214,-144,-139,-194,-73,124,6,52,9,10,5,3
-169,-50,-30,187,-143,52,-158,168,-58,2,-19,-72,-18,41,46,9,10,5,3
-158,-68,-8,153,-127,62,591,225,260,-10,-55,-81,-6,48,45,9,10,5,3
130,-24,-114,-72,-62,74,541,280,212,-20,-87,-82,3,53,37,9,10,5,3
117,-42,-123,-83,-63,73,529,308,201,-30,-114,-75,10,54,26,9,10,5,3
101,-64,-134,-91,-62,65,506,449,203,-48,-126,-72,17,52,17,9,10,5,3
83,-85,-144,-94,-61,56,483,601,173,7,3,-60,-29,125,33,9,10,5,3
64,-105,-149,-93,-62,48,-106,-79,79,2,0,-48,-41,116,18,9,10,5,3
-1,-30,-33,26,-17,36,-51,-104,77,-1,-6,-61,-55,106,8,9,10,5,3
-7,-28,-22,17,-17,39,4,-148,62,-8,-18,-71,-70,99,9,9,10,5,3
-16,-23,-8,6,-20,39,38,-196,33,-15,-31,-77,-79,95,18,9,10,5,3
-26,-17,6,-3,-24,36,35,-198,0,-86,-95,-80,64,-20,57,9,10,5,3
-38,-13,18,-11,-21,29,-5,-186,106,-66,-94,-81,35,-20,44,9,10,5,3
21,89,17,50,69,-60,7,-202,102,-38,-89,-71,5,-14,37,9,10,5,3
13,87,19,52,58,-57,42,-205,60,-10,-82,-68,-19,-7,36,9,10,5,3
5,80,19,46,47,-54,36,-197,51,16,-77,-65,-31,7,39,9,10,5,3
0,66,15,36,40,-51,2,-201,64,-26,18,-61,20,14,31,9,10,5,3
22,17,70,-62,49,8,380,-36,176,-40,4,-76,18,-3,26,9,10,5,3
30,12,64,-56,47,26,451,-25,186,-41,-19,-86,24,-8,19,9,10,5,3
40,9,55,-44,39,42,521,-5,183,-31,-58,-91,26,-16,19,9,10,5,3
53,2,41,-29,26,55,581,21,136,-1,-87,-76,9,5,1,9,10,5,3
5,80,42,-90,84,-6,45,-122,143,-10,-105,-71,9,0,3,9,10,5,3
12,76,30,-99,73,1,20,-113,167,-11,-114,-82,12,-7,10,9,10,5,3
18,71,20,-104,65,12,-1,-99,183,-6,-118,-91,15,-13,20,9,10,5,3
19,61,10,-101,57,22,-20,-74,194,-26,-90,-74,-40,76,83,9,10,5,3
2414,-1396,-3406,-90,51,27,-46,-55,208,-31,-89,-76,-38,77,86,9,10,5,3
-14,29,-50,22,17,-8,-104,324,0,-29,-97,-75,-36,79,88,9,10,5,3
-3,33,-50,28,18,-11,-105,316,-10,-25,-104,-68,-38,77,85,9,10,5,3
8,36,-52,34,18,-12,-98,314,-22,-29,-99,-67,-42,72,78,9,10,5,3
22,38,-52,37,18,-14,-102,307,-28,-60,17,-44,13,100,93,9,10,5,3
97,-74,-42,-53,-110,102,942,2497,-427,-71,29,-39,40,109,120,9,10,5,3
78,-115,-67,-86,-130,100,-14,394,72,-90,37,-50,73,111,138,9,10,5,3
59,-160,-84,-113,-150,92,-127,295,39,-107,28,-68,110,101,142,9,10,5,3
39,-205,-93,-130,-169,79,-217,212,11,-118,2,-80,142,78,136,9,10,5,3
19,-239,-97,-136,-185,62,-260,146,-6,-6,-89,-91,-72,94,-9,9,10,5,3
54,18,-71,64,-19,31,-281,55,-12,-2,-107,-86,-70,105,0,9,10,5,3
58,17,-52,55,-13,35,389,49,276,-1,-112,-80,-66,105,12,9,10,5,3
55,20,-29,40,-5,37,478,-3,271,0,-103,-81,-63,99,24,9,10,5,3
47,22,-10,24,7,38,528,-20,298,6,-94,-83,-56,89,40,9,10,5,3
35,24,3,8,24,41,541,-34,321,-10,-82,-88,-43,9,31,9,10,5,3
-28,8,24,-48,44,15,6,-282,-30,2,-93,-76,-38,9,37,9,10,5,3
-27,8,21,-26,32,-10,-40,-267,-18,13,-94,-75,-27,12,40,9,10,5,3
-25,5,18,-29,34,-12,-43,-265,-31,16,-88,-74,-14,13,40,9,10,5,3
-21,1,14,-34,33,-13,-6,-287,-71,43,-128,-47,68,97,128,9,10,5,3
-16,-2,9,-39,30,-16,33,-314,-114,19,-181,-51,99,87,144,9,10,5,3
125,135,-65,-42,26,-18,155,-178,-122,-1,-237,-57,122,48,141,9,10,5,3
84,129,-60,95,-21,36,68,-239,-198,-12,-293,-57,138,25,128,9,10,5,3
41,114,-51,83,-40,60,20,-270,-230,-33,-324,-57,138,0,103,9,10,5,3
0,91,-37,62,-54,82,28,-268,-247,-8,-105,-68,22,18,23,9,10,5,3
-40,62,-21,35,-63,97,72,-275,-256,-35,-74,-62,22,27,22,9,10,5,3
-21,-39,60,2,-69,107,14,470,210,-53,-18,-63,15,31,22,9,10,5,3
-28,-48,38,66,-2,-18,163,490,187,-53,21,-71,-3,25,18,9,10,5,3
-32,-48,11,86,0,-18,338,470,215,-37,34,-75,-26,21,14,9,10,5,3
-35,-42,-14,103,2,-20,511,413,262,68,-8,-66,-63,70,14,9,10,5,3
-39,-30,-35,112,3,-22,607,310,255,64,-44,-65,-63,68,21,9,10,5,3
-26,5,-19,113,3,-26,39,214,70,56,-90,-65,-61,65,26,9,10,5,3
-14,4,-29,18,13,-19,30,278,62,42,-135,-67,-59,61,26,9,10,5,3
0,3,-37,20,10,-11,31,386,30,20,-164,-69,-56,53,28,9,10,5,3
15,2,-44,23,6,-3,81,536,-6,-48,-149,-94,80,30,9,9,10,5,3
30,2,-51,23,0,3,214,717,-40,-27,-149,-98,61,36,11,9,10,5,3
-155,105,154,18,-5,8,-176,-149,111,-11,-144,-83,37,45,17,9,10,5,3
-176,90,149,0,-77,-28,-176,-133,57,-10,-109,-51,10,57,23,9,10,5,3
-188,67,132,64,-81,-11,-185,-106,6,-13,-71,-39,-15,79,34,9,10,5,3
-194,36,106,67,-67,-5,-204,-72,-25,-8,-24,-93,-49,46,0,9,10,5,3
-193,5,72,67,-50,5,-227,-48,-39,-1,-68,-95,-38,43,14,9,10,5,3
143,8,-80,66,-34,19,143,46,190,18,-121,-85,-26,46,35,9,10,5,3
138,26,-77,63,-20,33,111,-18,237,29,-175,-73,-11,53,58,9,10,5,3
126,42,-65,-61,110,-79,69,-87,239,22,-202,-63,8,61,77,9,10,5,3
112,57,-46,-73,108,-77,18,-146,224,-19,-31,-85,-42,32,54,9,10,5,3
99,72,-21,-80,106,-73,-37,-186,199,-24,-50,-87,-34,27,58,9,10,5,3
2,-29,-45,-84,103,-64,3,-162,-102,-26,-77,-81,-20,22,56,9,10,5,3
14,-32,-49,-82,98,-53,-11,-176,-82,-30,-84,-74,-9,18,49,9,10,5,3
18,-34,-51,-32,-38,69,1,-183,-33,-39,-71,-77,0,14,35,9,10,5,3
18,-35,-50,-47,-32,39,96,-147,67,38,-38,-71,-20,50,10,9,10,5,3
13,-38,-48,-60,-23,10,208,-90,156,47,-72,-75,-31,44,5,9,10,5,3
-18,14,30,-71,-11,-15,109,-176,118,63,-106,-84,-34,29,1,9,10,5,3
-14,16,10,-74,5,-37,73,-110,154,80,-126,-83,-23,14,6,9,10,5,3
-14,20,-7,16,25,-57,47,-69,182,91,-135,-75,-11,-5,3,9,10,5,3
-17,22,-23,5,24,-45,23,-52,163,10,-141,-77,-22,-5,45,9,10,5,3
-21,26,-38,-2,26,-35,22,-60,112,32,-148,-87,-3,-5,49,9,10,5,3
18,0,-88,-8,33,-25,348,80,83,53,-150,-83,17,-3,59,9,10,5,3
9,-6,-95,-12,41,-14,317,51,117,64,-138,-77,36,1,73,9,10,5,3
3,-12,-89,0,-11,37,279,60,150,64,-116,-65,52,12,90,9,10,5,3
1,-16,-72,-6,-12,34,246,102,153,15,-110,-74,-51,54,28,9,10,5,3
4,-16,-48,-4,-11,30,201,147,124,14,-91,-80,-48,57,31,9,10,5,3
16,41,0,2,-10,28,244,150,175,13,-73,-88,-48,62,35,9,10,5,3
70,-13,8,9,-9,27,313,221,234,19,-67,-90,-49,71,37,9,10,5,3
77,-30,-7,-91,-164,41,444,328,258,29,-74,-83,-52,81,38,9,10,5,3
83,-48,-29,-90,-171,26,669,394,264,43,-5,-64,-104,118,-20,9,10,5,3
86,-69,-53,-84,-170,8,832,389,236,50,-27,-71,-135,132,7,9,10,5,3
87,-94,-78,-71,-160,-11,-266,-35,-82,57,-81,-75,-155,139,41,9,10,5,3
12,-16,-56,-51,-140,-29,-253,-50,-75,57,-135,-77,-161,143,73,9,10,5,3
24,-8,-44,73,15,20,-247,-52,-76,48,-152,-82,-146,149,99,9,10,5,3
30,0,-38,-24,-12,76,-248,-28,-84,-30,-209,-69,-1,9,84,9,10,5,3
26,10,-35,-42,-13,83,-252,18,-97,-24,-192,-63,7,4,95,9,10,5,3
16,20,-36,-60,-11,87,20,-256,61,-9,-155,-58,18,11,102,9,10,5,3
-11,46,-14,-75,-7,87,15,-274,28,7,-117,-54,18,18,100,9,10,5,3
-14,34,-13,-85,0,80,1,-289,5,24,-82,-49,10,20,87,9,10,5,3
-16,22,-12,-28,16,-1,-15,-300,-9,20,10,-81,-2,3,-9,9,10,5,3
-13,13,-12,-30,19,-2,-26,-303,-17,27,0,-86,-7,4,0,9,10,5,3
-10,6,-14,-31,24,0,721,-85,101,29,-17,-86,-7,4,17,9,10,5,3
121,14,-139,-33,28,5,334,-346,-143,26,-45,-83,2,14,37,9,10,5,3
93,35,-109,-33,28,17,346,-391,-160,15,-88,-86,22,27,72,9,10,5,3
58,53,-73,-120,13,34,314,-415,-145,17,-94,-87,0,-36,7,9,10,5,3
18,62,-34,-120,13,25,255,-437,-127,20,-124,-84,-6,-37,1,9,10,5,3
-24,53,6,-112,17,15,190,-447,-104,23,-142,-81,-7,-33,-1,9,10,5,3
17,80,63,-98,25,2,-22,197,236,26,-141,-77,-6,-23,0,9,10,5,3
19,-7,66,-81,31,-10,-96,289,241,27,-120,-70,-3,-13,3,9,10,5,3
30,-20,45,53,-43,10,-213,443,164,-31,-151,-82,-73,129,45,9,10,5,3
37,-28,17,64,-50,17,-257,584,125,-45,-122,-84,-92,144,44,9,10,5,3
40,-32,-12,76,-61,26,-183,605,162,-52,-81,-93,-113,155,43,9,10,5,3
37,-33,-42,89,-73,35,-1,252,-57,-43,-50,-98,-129,163,39,9,10,5,3
5,113,47,105,-88,39,-22,275,-70,-20,-37,-94,-137,173,32,9,10,5,3
6,109,47,3,34,-15,-31,292,-72,-74,-66,-69,46,88,90,9,10,5,3
11,104,44,2,7,3,-31,284,-61,-79,-75,-65,80,77,102,9,10,5,3
18,98,41,-1,-17,21,-32,268,-36,-83,-74,-60,112,57,108,9,10,5,3
25,94,38,-8,-40,41,-70,181,97,-84,-57,-58,148,40,106,9,10,5,3
-65,177,180,-23,-65,59,-174,19,129,-90,-34,-60,187,31,97,9,10,5,3
-95,150,191,-84,1,19,-256,-75,144,-8,-135,-88,-54,55,4,9,10,5,3
-120,109,185,-77,-13,16,-312,-91,130,10,-114,-84,-63,65,14,9,10,5,3
-140,66,162,-60,-29,15,-361,-57,77,29,-108,-79,-71,80,27,9,10,5,3
-152,26,129,-35,-42,15,224,-58,151,31,-101,-73,-78,95,40,9,10,5,3
-7,-26,16,-5,-49,13,182,-35,156,17,-88,-71,-83,112,52,9,10,5,3
-1,-15,16,-37,73,16,113,-28,153,23,-97,-67,3,-7,73,9,10,5,3
2,-4,15,-35,71,12,38,-47,153,16,-99,-76,9,-10,69,9,10,5,3
6,4,14,-33,68,6,-20,-75,172,14,-102,-78,13,-15,61,9,10,5,3
7,12,13,-31,67,0,9,-300,-102,10,-103,-70,15,-22,52,9,10,5,3
41,1,-10,-31,66,-8,-15,-305,-118,6,-101,-67,15,-26,44,9,10,5,3
54,1,-1,-12,27,67,-10,-313,-142,69,-220,-73,142,11,80,9,10,5,3
70,7,5,-26,23,52,93,-290,-101,48,-197,-75,128,-1,52,9,10,5,3
87,13,10,-45,19,33,255,-244,-12,34,-173,-79,108,-12,33,9,10,5,3
103,20,16,-69,17,15,32,-198,115,29,-155,-83,85,-19,21,9,10,5,3
-10,-8,19,-91,20,2,16,-168,128,26,-140,-85,62,-22,14,9,10,5,3
-12,-12,25,-3,52,-14,-18,-129,163,0,-51,-75,-85,27,15,9,10,5,3
-10,-9,22,-1,57,-26,-46,-102,188,9,-41,-67,-94,37,13,9,10,5,3
-7,-2,13,0,63,-39,-66,-76,202,11,-33,-66,-95,43,12,9,10,5,3
-2,8,2,3,68,-51,36,357,-126,3,-20,-67,-93,41,10,9,10,5,3
-115,-47,-51,5,73,-60,78,233,-69,-10,-3,-54,-88,40,7,9,10,5,3
-118,-47,-31,80,-48,51,144,85,13,41,-16,-80,-78,66,17,9,10,5,3
-114,-52,-15,52,-40,56,192,-39,92,45,-49,-75,-64,62,16,9,10,5,3
-106,-57,-1,25,-30,60,208,-103,138,46,-84,-73,-52,56,21,9,10,5,3
-94,-60,4,3,-19,60,656,-116,463,41,-113,-77,-46,37,19,9,10,5,3
129,-100,-87,-14,-10,58,934,-83,498,37,-135,-75,-41,20,16,9,10,5,3
130,-131,-109,-128,-144,26,1039,-69,390,-29,-88,-86,24,35,-39,9,10,5,3
128,-162,-130,-95,-126,5,1000,-68,251,-14,-102,-79,-13,44,-40,9,10,5,3
125,-190,-147,-55,-105,-15,959,-58,170,0,-102,-71,-47,62,-34,9,10,5,3
118,-216,-157,-12,-81,-34,-199,-5,-29,3,-79,-68,-82,68,-29,9,10,5,3
0,0,-85,31,-55,-50,-186,-1,-36,7,-55,-73,-113,78,-17,9,10,5,3
-8,-1,-63,13,-13,17,-176,14,-46,-11,-94,-75,-85,98,9,9,10,5,3
-20,-4,-43,4,-8,14,-182,42,-64,-26,-103,-80,-83,95,7,9,10,5,3
-36,-7,-26,3,-4,13,-206,78,-79,-46,-106,-85,-78,98,8,9,10,5,3
-53,-9,-13,8,-3,13,-111,-377,68,-54,-105,-91,-69,101,16,9,10,5,3
-59,79,21,19,-7,11,-81,-453,24,-44,-123,-92,-57,104,35,9,10,5,3
-6,55,-42,46,62,-99,-71,-447,-50,5,-14,-82,-43,22,-4,9,10,5,3
11,44,-60,39,57,-82,-113,-371,-68,20,-28,-82,-40,17,-6,9,10,5,3
28,37,-77,28,51,-61,67,-247,-36,27,-45,-79,-33,11,0,9,10,5,3
44,33,-91,15,46,-37,65,-261,-35,22,-49,-74,-25,3,8,9,10,5,3
128,-18,-2,20,3,10,81,-289,-23,8,-165,-84,93,45,29,9,10,5,3
144,-11,-27,9,0,-11,114,-306,0,-2,-119,-92,-69,-11,-41,9,10,5,3
158,-2,-54,-5,-3,-31,-10,-396,-68,-3,-88,-91,-79,-14,-33,9,10,5,3
169,6,-80,-20,-5,-47,23,-409,-39,4,-73,-91,-75,-11,-17,9,10,5,3
80,13,-98,10,0,-8,43,-405,-2,52,-53,-78,-51,5,3,9,10,5,3
90,25,-100,11,1,-8,47,-372,41,52,-60,-78,-60,29,13,9,10,5,3
93,34,-94,6,4,-7,39,-324,75,50,-54,-73,-62,29,8,9,10,5,3
89,41,-82,-3,11,-7,357,392,155,38,-41,-73,-58,31,10,9,10,5,3
3191,-2919,-3681,-16,20,-7,381,448,5,21,-34,-73,-54,29,12,9,10,5,3
-62,13,18,111,-41,29,407,429,-76,47,-36,-80,-71,91,24,9,10,5,3
-78,3,27,92,-38,38,450,304,-32,65,-41,-75,-48,25,17,9,10,5,3
-90,-10,31,71,-35,48,79,218,-81,75,-40,-74,-41,27,10,9,10,5,3
-95,-25,31,48,-33,57,121,223,-70,78,-41,-74,-36,30,4,9,10,5,3
140,-76,-81,-8,-169,156,261,268,-51,-150,-23,-93,-34,34,0,9,10,5,3
128,-104,-101,-43,-197,172,331,295,-44,-144,-94,-100,-35,41,-6,9,10,5,3
107,-140,-123,-82,-218,181,-407,3342,-247,-130,-161,-100,-179,217,31,9,10,5,3
81,-180,-141,-120,-233,180,-206,249,17,-111,-209,-98,-173,213,54,9,10,5,3
-43,-81,-69,-156,23,36,-177,211,15,65,-95,-72,-158,192,73,9,10,5,3
-22,-73,-78,-127,11,33,-160,174,16,60,-75,-65,-137,158,82,9,10,5,3
0,-59,-81,-89,1,25,-156,151,19,44,-54,-71,-35,49,68,9,10,5,3
23,-37,-80,-48,-3,11,54,-115,166,28,-41,-79,-11,53,85,9,10,5,3
2758,-2677,-3161,-11,-3,-2,-59,-4,171,19,-38,-81,12,52,85,9,10,5,3
-29,52,9,28,35,-41,-110,-10,158,-31,-33,-90,32,42,74,9,10,5,3
-37,50,16,25,37,-42,-97,-129,143,-14,-52,-98,40,26,60,9,10,5,3
-41,43,21,19,39,-43,-52,-295,120,7,-80,-94,-7,26,30,9,10,5,3
-42,33,21,14,41,-43,224,-367,64,25,-100,-94,-4,25,27,9,10,5,3
-40,22,16,7,41,-40,281,-291,191,31,-107,-89,0,20,20,9,10,5,3
140,46,-83,-20,9,4,318,-245,332,69,-79,-96,6,16,15,9,10,5,3
130,43,-78,-26,4,-4,422,-303,401,72,-73,-89,28,15,23,9,10,5,3
113,37,-68,-34,3,-12,3326,1980,2400,71,-68,-78,22,19,25,9,10,5,3
88,30,-55,-41,3,-16,31,2,82,71,-66,-80,16,18,25,9,10,5,3
-3,20,14,-6,47,9,29,26,91,0,-42,-82,7,8,27,9,10,5,3
-7,22,25,-2,56,4,23,51,100,-3,-75,-93,0,3,29,9,10,5,3
-12,26,27,2,63,0,16,80,104,4,-113,-84,-13,55,118,9,10,5,3
-15,28,20,6,65,-4,46,-143,35,27,-149,-76,-16,59,101,9,10,5,3
3681,-960,-2123,9,61,-7,-15,-81,49,48,-168,-72,-20,62,79,9,10,5,3
-51,-8,-27,11,-39,30,-46,-31,43,56,-94,-83,-23,64,59,9,10,5,3
-40,-3,-18,2,-33,36,-48,14,33,39,-98,-79,-26,63,45,9,10,5,3
-30,-1,-8,-4,-24,37,-12,67,37,20,-98,-78,-44,80,9,9,10,5,3
-22,-3,1,-12,-14,35,331,-404,411,5,-91,-78,-43,87,-4,9,10,5,3
-15,-4,8,-20,-4,30,613,-294,435,0,-82,-75,-39,99,-9,9,10,5,3
-10,-232,-177,-145,-133,22,866,-136,340,37,-112,-61,-39,106,-5,9,10,5,3
-16,-228,-174,191,12,-29,948,-39,184,44,-102,-62,-166,157,47,9,10,5,3
-16,-209,-162,191,22,-23,-230,-26,65,43,-97,-65,-140,145,46,9,10,5,3
-9,-177,-140,177,32,-19,-220,12,53,40,-91,-68,-107,133,51,9,10,5,3
-4,32,-30,148,41,-19,-215,56,48,-24,10,-83,-78,108,50,9,10,5,3
-58,-41,9,42,-45,75,-212,93,46,-19,-11,-89,-2,45,78,9,10,5,3
-42,-51,9,39,-57,84,-111,-156,198,-10,-50,-87,3,26,76,9,10,5,3
-25,-61,5,30,-65,88,-121,-257,167,-1,-85,-84,3,14,72,9,10,5,3
-9,-73,-3,14,-65,89,-111,-343,124,54,-96,-88,-1,11,70,9,10,5,3
49,38,-65,-61,78,-41,-104,-394,59,57,-76,-86,-3,-4,-3,9,10,5,3
54,41,-66,-52,76,-37,-110,-399,0,60,-56,-85,-2,-2,2,9,10,5,3
58,45,-64,-41,75,-31,302,-380,216,55,-40,-79,1,0,7,9,10,5,3
60,48,-60,-30,73,-25,424,-432,259,11,-159,-78,9,4,15,9,10,5,3
60,50,-55,-19,67,-19,543,-466,308,13,-151,-83,21,8,19,9,10,5,3
-32,8,5,-23,30,18,626,-466,297,16,-134,-74,23,5,47,9,10,5,3
-42,1,11,-33,33,25,10,-280,33,18,-111,-76,8,0,42,9,10,5,3
-48,-1,13,-43,36,37,2,-256,56,4,-15,-68,-3,-2,35,9,10,5,3
-50,-4,12,-49,37,49,1,-236,71,10,-32,-62,-17,-6,31,9,10,5,3
-13,0,57,34,14,52,-1,-214,77,6,-44,-58,-12,56,101,9,10,5,3
-4,-11,62,32,3,57,3556,3437,-50,1,-42,-58,-22,51,77,9,10,5,3
6,-19,58,24,-3,53,310,114,107,0,-109,-80,-36,47,51,9,10,5,3
15,-23,43,13,-5,41,309,139,81,-2,-118,-79,-53,47,30,9,10,5,3
8,16,-13,-26,30,19,309,165,48,-5,-117,-81,-41,53,38,9,10,5,3
4,18,-14,-14,25,13,307,182,8,-3,-109,-79,-41,56,43,9,10,5,3
0,22,-15,-2,19,8,910,-295,340,-99,38,-63,-40,64,50,9,10,5,3
-2,24,-14,8,15,5,957,-167,157,-120,31,-70,-42,72,54,9,10,5,3
-7,25,-11,17,10,4,889,-195,111,-144,0,-78,-47,78,53,9,10,5,3
-101,154,172,208,-16,1,847,-313,189,-159,-50,-91,-110,135,65,9,10,5,3
-151,179,198,175,-6,20,-182,62,-17,19,-79,-87,-80,106,60,9,10,5,3
-194,181,216,130,2,32,-171,79,-4,35,-68,-78,-57,74,59,9,10,5,3
-226,164,226,80,10,37,-164,79,1,43,-64,-78,-42,48,44,9,10,5,3
-80,-13,16,-36,37,33,-164,63,2,52,-67,-75,-49,48,48,9,10,5,3
-61,-27,-5,-18,24,44,138,-437,126,1,-74,-62,-45,44,67,9,10,5,3
-36,-36,-25,0,9,50,56,-219,141,16,-90,-47,-35,41,86,9,10,5,3
-13,-46,-41,18,-6,55,-32,-30,196,24,-111,-52,-19,30,98,9,10,5,3
10,-51,-53,30,-22,62,-106,56,223,35,-132,-60,-4,11,100,9,10,5,3
-19,5,-55,21,47,-44,-138,26,224,48,-160,-73,-8,7,14,9,10,5,3
-7,1,-57,31,33,-29,181,-266,54,0,-170,-85,3,1,18,9,10,5,3
9,0,-57,36,20,-12,292,-199,106,5,-208,-78,15,2,28,9,10,5,3
26,-1,-53,37,11,3,208,-153,133,14,-221,-66,30,14,42,9,10,5,3
47,11,-30,-45,15,9,133,-220,195,0,-198,-55,32,-13,-10,9,10,5,3
23,38,-4,-62,16,13,-39,-191,85,48,-4,-70,30,-15,-4,9,10,5,3
30,52,-7,-76,19,13,-54,-164,95,46,1,-76,26,-13,1,9,10,5,3
37,64,-11,-86,26,11,-63,-141,112,44,-10,-79,24,-7,4,9,10,5,3
44,72,-12,71,0,27,-59,-121,125,43,-31,-75,-23,56,79,9,10,5,3
38,-29,-20,-31,-14,29,276,23,270,10,-217,-79,-17,50,79,9,10,5,3
24,-21,-31,-43,-2,15,400,-83,238,23,-209,-77,-16,49,81,9,10,5,3
11,-14,-45,-53,7,0,431,-140,174,36,-186,-75,-16,47,92,9,10,5,3
0,-6,-54,-57,20,-13,378,-138,101,38,-158,-80,-24,37,36,9,10,5,3
-57,2,57,-20,1,37,318,193,-80,13,-26,-70,-23,38,43,9,10,5,3
-57,4,47,-9,-5,23,358,170,-62,13,-69,-81,-26,37,48,9,10,5,3
-56,3,36,3,-11,5,392,148,-49,6,-105,-87,-31,35,51,9,10,5,3
-52,-4,22,16,-18,-14,434,131,-41,-1,-122,-88,43,91,62,9,10,5,3
-13,-21,-30,110,-26,-28,-144,190,175,24,-65,-58,20,100,57,9,10,5,3
-9,20,2,125,0,-28,-187,185,153,-1,-49,-63,-5,107,55,9,10,5,3
-9,61,37,133,19,-28,-229,162,136,-16,-34,-63,-32,113,49,9,10,5,3
-13,100,71,134,34,-30,-256,137,130,-22,-33,-61,-93,106,33,9,10,5,3
-57,-4,13,33,6,4,368,-150,331,24,-147,-86,-97,93,26,9,10,5,3
-61,5,12,22,24,4,360,-265,400,28,-208,-77,-98,75,19,9,10,5,3
-60,9,13,13,41,11,249,-521,472,27,-241,-70,-93,60,11,9,10,5,3
-51,9,19,7,51,24,258,-758,470,21,-248,-57,3105,-510,1472,9,10,5,3
-36,11,30,0,51,35,352,-788,362,4,-236,-50,7,1,21,9,10,5,3
27,58,20,-49,66,-55,-9,-409,-167,-14,7,-69,0,-6,19,9,10,5,3
20,56,24,-46,67,-60,-17,-373,-180,2,-41,-85,-7,-12,17,9,10,5,3
14,49,26,-43,66,-63,-46,-340,-193,24,-89,-92,-11,-12,15,9,10,5,3
7,41,28,-41,62,-62,-82,-322,-199,32,-129,-101,-1,30,28,9,10,5,3
-47,-21,7,1,11,1,-332,-272,-49,38,-92,-93,-2,23,25,9,10,5,3
-61,-30,28,0,11,8,-321,-205,-49,27,-98,-87,0,22,20,9,10,5,3
-67,-33,39,-10,13,13,-298,-133,-39,16,-96,-84,1,20,19,9,10,5,3
-67,-28,39,-25,17,17,-276,-56,-24,4,-86,-84,-69,13,0,9,10,5,3
0,35,-47,0,47,-79,47,215,148,0,-84,-52,-77,16,-3,9,10,5,3
-2,29,-50,5,36,-70,0,172,142,-15,-120,-47,-81,26,-5,9,10,5,3
-3,19,-46,13,26,-48,-89,41,208,-21,-146,-63,-77,31,-7,9,10,5,3
0,5,-29,26,18,-12,-43,41,306,7,-161,-73,-53,54,11,9,10,5,3
9,-4,0,41,4,29,27,178,281,52,-173,-70,-58,69,25,9,10,5,3
-22,65,37,-25,65,-46,152,233,-59,-25,-161,-76,-67,74,37,9,10,5,3
-24,60,32,68,-33,-28,165,198,-28,-15,-144,-72,-77,70,43,9,10,5,3
-26,53,27,58,-46,-5,220,160,8,-5,-107,-69,-85,55,39,9,10,5,3
-25,45,21,44,-58,17,389,115,28,0,-66,-63,61,110,33,9,10,5,3
-86,65,48,28,-73,40,3937,-1648,442,-6,-29,-59,13,122,21,9,10,5,3
-107,113,80,6,-92,61,-299,391,-159,104,-49,-61,-36,128,11,9,10,5,3
-131,146,111,-44,-16,16,-221,486,-196,90,-62,-70,-86,123,6,9,10,5,3
-154,161,139,-39,-10,12,-159,538,-214,76,-84,-81,-130,125,2,9,10,5,3
-170,150,157,-26,-1,2,-119,539,-216,59,-108,-91,-14,24,45,9,10,5,3
19,1,-12,-10,9,-10,-91,491,-196,47,-125,-98,-16,14,47,9,10,5,3
25,1,-7,6,22,-20,-200,-152,237,48,-38,-78,-20,2,48,9,10,5,3
28,4,-2,-41,39,-6,-248,-176,234,47,-77,-76,-20,-1,52,9,10,5,3
25,10,2,-46,31,-20,-293,-208,220,42,-113,-77,-15,-2,56,9,10,5,3
22,15,5,-52,23,-30,-324,-247,188,39,-135,-86,-20,31,46,9,10,5,3
-25,-61,-11,-57,17,-37,-335,-280,143,37,-144,-95,-13,31,47,9,10,5,3
-21,-69,-11,-61,14,-41,182,-676,157,46,-171,-62,-5,28,40,9,10,5,3
-16,-71,-12,-10,1,6,318,-724,152,54,-188,-63,2,23,31,9,10,5,3
-11,-68,-13,-14,0,-5,381,-711,200,67,-203,-68,8,26,26,9,10,5,3
-3,-62,-11,-16,0,-15,389,-652,222,86,-205,-70,58,-14,28,9,10,5,3
-2,74,15,-15,3,-23,371,-557,203,95,-196,-60,55,-11,11,9,10,5,3
-12,69,24,-14,10,-26,-126,24,66,13,-32,-73,46,-13,-3,9,10,5,3
-18,60,33,21,3,-4,-127,36,57,18,-31,-72,39,-9,-15,9,10,5,3
-20,53,39,23,-3,1,-115,39,57,15,-26,-78,23,-12,-15,9,10,5,3
-15,47,42,21,-8,3,-96,70,69,12,-26,-93,-92,79,39,9,10,5,3
-32,-1,-12,10,-9,1,-74,125,108,29,-38,-93,-110,90,53,9,10,5,3
-35,-21,-12,-3,-6,-4,161,8,57,36,-52,-82,-122,106,69,9,10,5,3
-38,-41,-19,10,-20,24,166,3,46,45,-74,-79,-128,119,85,9,10,5,3
-42,-56,-30,9,-7,10,155,-17,42,48,-92,-75,-119,129,96,9,10,5,3
-47,-68,-44,3,5,-1,146,-26,43,54,-96,-74,-62,53,1,9,10,5,3
76,7,-29,-5,20,-13,135,-19,45,56,-95,-71,-51,51,8,9,10,5,3
85,7,-29,-12,34,-24,616,-607,316,-149,-73,-98,-38,54,16,9,10,5,3
94,4,-30,-71,-116,10,579,-603,314,-127,-100,-99,-26,56,28,9,10,5,3
98,-8,-32,-45,-98,-7,572,-526,274,-91,-129,-96,-15,57,44,9,10,5,3
100,-22,-35,-16,-78,-24,571,-373,187,-53,-156,-86,-57,52,15,9,10,5,3
-28,-90,-120,15,-53,-38,553,-214,101,-22,-171,-73,-53,33,3,9,10,5,3
-6,-77,-128,47,-24,-49,85,269,-4,20,1,-81,-49,35,-4,9,10,5,3
12,-67,-128,5,28,13,57,209,19,-39,-110,-79,-53,36,-8,9,10,5,3
24,-54,-122,-8,23,12,19,125,43,-21,-106,-78,-16,28,98,9,10,5,3
30,-37,-109,-17,20,13,4,25,78,9,-106,-70,-21,21,97,9,10,5,3
-10,26,-9,-23,19,16,-250,-107,75,27,-107,-56,-21,21,95,9,10,5,3
-5,28,-10,2851,-3399,989,-269,-139,46,32,-104,-48,-19,21,93,9,10,5,3
4,31,-11,-10,33,-9,-277,-169,10,16,-17,-75,-14,27,89,9,10,5,3
15,37,-16,-3,29,-13,-284,-194,-9,5,-31,-75,-5,-9,-21,9,10,5,3
25,45,-26,3,24,-16,-287,-209,-27,-8,-46,-76,0,-23,-14,9,10,5,3
165,16,-29,10,18,-18,473,-627,216,-21,-52,-85,12,-25,8,9,10,5,3
177,33,-54,15,15,-16,403,-535,190,-19,-57,-96,29,-24,32,9,10,5,3
180,49,-75,-53,61,34,322,-453,178,24,-98,-81,51,-4,71,9,10,5,3
173,61,-89,-81,64,42,226,-397,139,29,-100,-77,-21,-5,36,9,10,5,3
157,70,-97,-103,67,49,130,-374,82,24,-83,-65,-30,-10,39,9,10,5,3
-49,-11,-30,-117,69,53,-133,-37,62,17,-52,-63,-35,-7,39,9,10,5,3
-50,-14,-18,-120,69,54,-113,-14,81,7,-22,-70,-37,-5,35,9,10,5,3
-49,-19,-12,-48,21,-8,-95,11,96,61,-146,-40,-38,4,28,9,10,5,3
-47,-21,-10,-62,34,-7,-83,41,111,44,-147,-40,183,18,141,9,10,5,3
-43,-22,-11,-72,46,0,-75,86,127,10,-143,-40,170,15,101,9,10,5,3
-63,-2,-90,-77,53,12,161,-63,60,-30,-153,-53,139,7,56,9,10,5,3
-66,-7,-60,-77,53,20,177,-16,0,-65,-182,-59,102,23,11,9,10,5,3
-68,-20,-30,-68,36,-22,188,46,-65,19,-65,-60,56,38,-27,9,10,5,3
-70,-34,0,-40,39,-48,195,113,-100,13,-18,-56,-10,113,105,9,10,5,3
-73,-47,29,-14,43,-67,189,156,-93,1,2,-59,17,110,105,9,10,5,3
48,-271,-163,6,50,-77,577,-171,165,-10,-2,-54,55,112,111,9,10,5,3
45,-239,-156,164,17,-24,512,-79,163,83,-33,-64,103,115,127,9,10,5,3
47,-190,-145,171,29,-18,417,16,152,79,-58,-65,-50,0,16,9,10,5,3
52,-129,-130,156,41,-7,292,123,131,68,-85,-67,-55,1,15,9,10,5,3
-1,19,-53,122,54,3,98,-46,17,54,-107,-72,-64,17,14,9,10,5,3
-13,12,-34,79,69,10,155,-157,105,33,-114,-75,-78,26,13,9,10,5,3
-26,7,-17,-72,-28,136,227,-263,198,4,-124,-65,-87,43,16,9,10,5,3
-38,4,-7,-95,-21,131,353,-385,338,15,-133,-67,-24,-6,39,9,10,5,3
-49,0,-2,-113,-8,122,383,-498,468,30,-144,-73,-30,-3,33,9,10,5,3
-15,34,-15,-120,7,107,-203,-116,-43,50,-143,-78,-36,5,25,9,10,5,3
-5,24,-24,-116,20,88,-198,-179,-59,68,-133,-73,-40,14,24,9,10,5,3
5,17,-37,28,-7,39,-184,-223,-66,38,-64,-78,-44,23,25,9,10,5,3
17,14,-53,25,-18,56,-169,-228,-77,57,-115,-67,108,39,90,9,10,5,3
28,12,-66,24,-29,77,-158,-219,-98,69,-167,-64,100,34,81,9,10,5,3
-66,23,96,23,-41,94,-278,-574,-106,79,-211,-48,90,29,79,9,10,5,3
-91,16,119,21,-50,101,-300,-510,-88,79,-242,-40,77,27,79,9,10,5,3
-105,14,132,-74,48,30,-307,-436,-59,43,-50,-103,64,15,69,9,10,5,3
-106,11,135,-63,49,21,-300,-364,-26,42,-32,-104,1,-4,30,9,10,5,3
60,109,34,-54,50,9,79,288,286,37,-16,-95,-5,0,33,9,10,5,3
52,102,48,-48,52,-3,223,346,249,24,1,-84,-10,-2,36,9,10,5,3
49,89,55,75,10,-36,110,298,201,-58,-20,-83,-10,-11,37,9,10,5,3
52,76,57,98,1,-20,70,232,235,21,19,-78,-184,83,71,9,10,5,3
-108,-138,-15,123,-8,0,196,-41,9,11,20,-86,-153,67,60,9,10,5,3
-86,-133,-7,149,-20,26,209,-5,-34,-2,35,-88,-118,63,54,9,10,5,3
-62,-119,2,45,70,-144,227,31,-39,3,43,-86,-86,61,52,9,10,5,3
-39,-95,11,-14,0,8,246,69,-37,27,39,-86,-58,58,54,9,10,5,3
-20,-65,19,-40,-7,44,257,90,-43,-43,-225,-82,138,63,70,9,10,5,3
-36,-32,-35,-70,-10,70,35,158,161,-20,-243,-73,112,68,70,9,10,5,3
-53,-11,-11,-98,-13,87,-33,190,196,-8,-217,-61,78,70,66,9,10,5,3
-76,8,15,-123,-20,99,-63,233,177,0,-163,-64,41,69,55,9,10,5,3
-101,23,42,47,-80,32,-67,275,136,10,-110,-69,1,70,43,9,10,5,3
-129,31,67,49,-76,31,-57,304,84,51,-27,-63,-80,92,42,9,10,5,3
14,-36,3,48,-67,30,-83,-931,657,41,-18,-66,-70,79,40,9,10,5,3
23,-39,2,44,-58,26,-48,-922,628,33,-7,-67,-62,64,40,9,10,5,3
36,-45,1,41,-47,22,2,-762,358,28,4,-66,-56,56,44,9,10,5,3
50,-46,0,-48,119,-61,99,-552,121,18,5,-68,-50,58,53,9,10,5,3
70,-43,-6,-46,110,-62,149,-353,-16,36,-71,-86,-48,24,20,9,10,5,3
48,2,-87,-43,102,-63,-178,-87,-9,41,-74,-77,-51,27,22,9,10,5,3
49,5,-86,-39,91,-64,-171,-90,-14,39,-73,-67,-49,27,26,9,10,5,3
45,5,-83,-35,83,-63,-163,-89,-15,33,-64,-69,-44,32,32,9,10,5,3
36,5,-79,-23,-10,53,-157,-85,-13,35,-52,-72,-37,30,32,9,10,5,3
28,2,-75,-26,-18,48,-156,-84,-2,89,-38,-75,19,15,32,9,10,5,3
-19,8,48,-28,-24,42,-188,-421,8,67,-100,-81,11,9,30,9,10,5,3
-22,13,53,-29,-28,35,-187,-404,20,68,-96,-79,4,-2,27,9,10,5,3
-20,21,51,-27,-31,30,-179,-376,24,59,-83,-76,4,-1,26,9,10,5,3
-18,30,44,-29,49,-23,-161,-341,35,41,-64,-77,12,7,32,9,10,5,3
-14,40,35,-34,54,-20,-145,-306,47,24,-47,-82,-37,19,48,9,10,5,3
73,8,0,-38,57,-20,293,-20,157,58,-121,-67,-20,37,80,9,10,5,3
76,13,-9,-36,59,-20,167,-161,145,36,-120,-69,0,49,106,9,10,5,3
69,21,-15,-32,56,-20,67,-246,158,18,-114,-73,20,52,124,9,10,5,3
54,30,-17,-8,-17,30,0,-225,164,10,-110,-78,35,49,129,9,10,5,3
32,36,-16,-14,-12,28,-5,-105,140,12,-100,-80,-68,47,31,9,10,5,3
-5,34,-7,-20,-10,26,163,-277,146,-27,-25,-62,-67,56,32,9,10,5,3
0,35,0,-22,-8,23,196,-274,193,-36,-34,-59,-69,64,31,9,10,5,3
8,31,7,1868,1599,-915,192,-256,213,-45,-44,-66,-71,68,26,9,10,5,3
21,22,11,108,-50,18,217,-335,285,-52,-56,-71,-112,93,74,9,10,5,3
-124,18,87,111,-40,31,135,179,32,15,-62,-82,-101,89,84,9,10,5,3
-115,6,54,99,-27,39,151,177,32,28,-87,-76,-84,81,85,9,10,5,3
-102,-4,25,74,-11,42,142,177,38,34,-109,-73,-66,69,77,9,10,5,3
-83,-13,0,41,-66,31,99,164,52,26,-121,-72,-66,95,29,9,10,5,3
-62,-16,-21,43,-67,35,38,129,69,9,-120,-74,-55,76,30,9,10,5,3
-20,14,72,44,-67,40,-118,-4,267,44,-138,-66,-45,53,35,9,10,5,3
-11,25,66,42,-67,45,-123,16,266,44,-107,-63,-35,32,45,9,10,5,3
0,36,57,39,-71,51,-146,22,252,35,-79,-55,-26,20,62,9,10,5,3
15,49,45,-23,30,0,-188,4,218,24,-58,-56,-11,11,28,9,10,5,3
31,60,33,-23,27,9,-235,-21,174,14,-49,-61,-4,20,30,9,10,5,3
51,-18,-5,-24,24,14,-109,-363,67,22,-93,-55,0,23,29,9,10,5,3
59,-14,5,-25,26,16,-92,-412,62,13,-93,-51,3,23,25,9,10,5,3
64,-7,13,-26,29,15,-87,-449,75,16,-111,-58,1,23,21,9,10,5,3
66,-2,15,-15,44,-4,-89,-475,97,27,-141,-69,44,15,26,9,10,5,3
64,2,13,-29,42,0,-76,-492,88,31,-167,-74,51,13,25,9,10,5,3
45,79,-47,-43,41,5,-74,82,88,13,-40,-91,59,1,18,9,10,5,3
43,78,-45,-57,42,10,-55,108,93,12,-45,-85,60,-1,16,9,10,5,3
39,75,-42,3,17,23,-37,131,93,5,-39,-79,-8,27,93,9,10,5,3
37,71,-38,0,17,35,-17,147,93,-4,-29,-77,-10,33,104,9,10,5,3
34,64,-33,-5,20,45,-5,154,92,-6,-18,-86,-16,37,109,9,10,5,3
12,10,-45,-12,27,52,212,-27,33,33,-48,-71,-24,37,110,9,10,5,3
6,0,-33,-17,34,60,203,-23,33,30,-33,-72,-31,36,110,9,10,5,3
0,-8,-21,18,13,-23,193,-25,41,28,-29,-72,-98,69,29,9,10,5,3
-6,-14,-12,24,14,-27,183,-31,52,28,-37,-72,-98,73,30,9,10,5,3
-11,-16,-7,31,15,-32,177,-39,57,32,-56,-73,-99,72,26,9,10,5,3
51,-187,-129,37,16,-39,456,-489,92,10,-150,-77,-99,74,20,9,10,5,3
45,-196,-142,84,-23,-43,469,-374,95,30,37,-65,-154,68,54,9,10,5,3
37,-199,-150,97,7,-35,463,-269,92,38,24,-68,-139,78,73,9,10,5,3
29,-190,-148,99,35,-25,435,-181,91,41,0,-69,-114,81,82,9,10,5,3
36,-16,-95,92,58,-15,15,-150,117,33,-25,-70,-90,75,81,9,10,5,3
34,0,-77,-38,33,32,70,-171,130,22,-176,-72,-4,28,50,9,10,5,3
27,9,-55,-60,40,39,74,-175,133,16,-183,-71,-9,18,53,9,10,5,3
16,14,-32,-73,45,44,55,-218,108,11,-177,-80,-17,4,60,9,10,5,3
2,43,-24,-77,45,47,-267,26,-13,20,-164,-84,-22,-1,69,9,10,5,3
-3,38,-18,-31,15,10,-265,28,-27,19,6,-76,-2,17,30,9,10,5,3
-8,34,-12,-31,17,13,-255,38,-38,14,14,-83,-6,13,22,9,10,5,3
-12,30,-9,-31,20,13,-249,45,-46,16,12,-81,-10,7,17,9,10,5,3
41,-9,0,-29,22,12,-139,-551,107,14,2,-74,-13,1,15,9,10,5,3
49,-7,-2,-32,-2,40,-120,-564,102,78,-125,-87,32,26,34,9,10,5,3
58,-6,-5,-38,0,34,-101,-570,102,86,-122,-85,27,24,33,9,10,5,3
65,-7,-11,-40,1,27,-96,-576,114,92,-116,-77,22,22,36,9,10,5,3
50,59,-41,-40,5,22,-41,17,125,97,-109,-74,21,17,41,9,10,5,3
48,58,-42,-21,63,-48,-40,14,125,18,-68,-68,-45,11,7,9,10,5,3
44,56,-39,-15,60,-49,-33,16,132,32,-72,-59,-41,13,9,9,10,5,3
41,51,-33,-12,59,-47,-25,21,131,46,-78,-66,-36,16,12,9,10,5,3
-72,4,83,-11,58,-44,23,-153,161,55,-75,-75,-34,21,17,9,10,5,3
-74,2,91,-25,-10,46,52,-146,163,31,-34,-85,-67,79,29,9,10,5,3
-73,0,87,-18,-18,37,109,-122,149,36,-33,-83,-70,73,22,9,10,5,3
-72,-5,71,-5,-26,29,166,-88,119,40,-42,-82,-72,63,17,9,10,5,3
-43,26,32,12,-37,19,168,-210,105,47,-48,-81,-75,54,13,9,10,5,3
-28,24,22,-9,-55,35,248,-267,155,-72,-93,-72,131,122,80,9,10,5,3
-11,19,14,-18,-68,46,340,-278,159,-71,-102,-71,135,106,57,9,10,5,3
6,10,8,-28,-85,48,322,-328,181,-70,-114,-75,125,92,42,9,10,5,3
-58,125,118,-38,-98,47,194,335,52,-73,-126,-82,113,95,35,9,10,5,3
-64,128,124,-88,39,19,132,318,59,-40,-141,-88,-75,29,32,9,10,5,3
-70,121,125,-84,22,19,57,287,68,-42,-131,-89,-84,41,36,9,10,5,3
-73,107,117,-73,7,17,-30,242,77,-36,-118,-89,-87,54,40,9,10,5,3
-64,-89,26,-57,-8,14,-361,-868,427,-24,-104,-86,-89,66,38,9,10,5,3
-36,-81,30,-19,34,25,-348,-948,220,9,-176,-67,45,-3,81,9,10,5,3
-5,-67,29,-36,47,20,-229,-878,53,27,-150,-64,33,-3,75,9,10,5,3
25,-48,19,-54,58,20,-73,-645,6,44,-124,-62,15,-6,70,9,10,5,3
11,7,-29,-70,70,21,-162,-84,-7,48,-99,-60,-7,-4,64,9,10,5,3
11,8,-34,-47,53,33,-145,-71,14,-24,0,-76,24,-1,37,9,10,5,3
12,10,-38,-44,52,34,-134,-49,28,-21,-27,-80,28,-4,31,9,10,5,3
17,10,-41,-39,50,34,-135,-37,31,-9,-52,-81,30,-3,26,9,10,5,3
78,40,-54,-34,46,34,-212,-422,-54,9,-70,-80,30,5,21,9,10,5,3
59,34,-46,-35,19,34,-259,-406,-78,86,-67,-77,45,10,42,9,10,5,3
40,29,-34,-36,16,36,-306,-383,-91,84,-66,-78,45,12,42,9,10,5,3
24,25,-15,-39,16,36,-331,-357,-95,77,-60,-80,44,8,39,9,10,5,3
28,78,6,-46,18,35,185,84,151,72,-53,-81,43,1,34,9,10,5,3
16,75,5,-33,72,-58,235,125,139,19,-72,-51,-50,30,42,9,10,5,3
8,72,2,-37,75,-58,273,148,136,30,-68,-52,-42,27,49,9,10,5,3
4,67,0,-40,73,-54,269,145,136,40,-62,-63,-34,17,57,9,10,5,3
-135,-105,-84,-40,67,-44,121,-159,19,37,-62,-72,-25,9,69,9,10,5,3
-136,-105,-89,2045,-2995,-2,169,-153,20,23,-60,-78,-23,2,61,9,10,5,3
-132,-102,-90,25,-14,19,210,-130,6,-1,-21,-72,-130,69,29,9,10,5,3
-124,-95,-88,19,-9,15,242,-114,-11,-10,-25,-70,-127,70,36,9,10,5,3
158,-69,-29,14,-2,10,208,-802,107,-10,-38,-70,-119,73,38,9,10,5,3
176,-83,-57,10,4,6,225,-824,102,-2,-51,-72,-108,73,39,9,10,5,3
187,-96,-86,90,-61,-56,241,-829,98,82,-26,-63,-173,85,19,9,10,5,3
189,-110,-114,102,-30,-55,266,-810,83,80,-12,-67,-189,74,33,9,10,5,3
-74,9,47,108,-1,-49,-184,271,-94,78,-6,-67,-190,67,47,9,10,5,3
-60,-16,6,110,24,-42,-156,268,-105,81,-10,-65,-176,60,61,9,10,5,3
-40,-33,-28,38,36,11,-150,268,-121,26,-99,-73,-64,56,51,9,10,5,3
-19,-40,-53,-55,4,58,-150,271,-124,6,-117,-72,-41,53,59,9,10,5,3
5,-1,2,-74,1,60,-345,-116,73,-9,-135,-74,-18,36,68,9,10,5,3
-2,4,6,-90,7,57,-306,-79,55,-19,-145,-80,3,19,78,9,10,5,3
-8,14,13,-99,19,47,-253,-41,43,-9,-155,-81,18,7,88,9,10,5,3
-11,26,18,-99,32,35,-202,-3,34,-28,20,-75,-3,15,16,9,10,5,3
-16,40,22,11,49,-45,-158,28,28,-5,7,-75,-3,20,11,9,10,5,3
44,-11,-27,6,41,-39,-313,-569,226,7,-9,-75,-4,20,7,9,10,5,3
55,-5,-22,1,32,-29,-291,-686,232,2,-26,-77,-3,13,0,9,10,5,3
66,-1,-19,-2,23,-18,-280,-762,205,-4,-40,-88,-1,12,-11,9,10,5,3
72,-3,-19,-9,14,-1,-271,-772,170,35,-52,-80,3,23,49,9,10,5,3
75,-11,-20,-62,35,19,-258,-726,140,31,-53,-80,-2,8,47,9,10,5,3
-51,0,-15,-41,40,3,-147,10,92,27,-49,-80,-9,-11,52,9,10,5,3
-38,10,-17,-14,39,-12,-137,38,86,23,-42,-78,-13,-16,48,9,10,5,3
-21,23,-20,9,34,-26,-110,79,77,88,-89,-53,-44,-19,63,9,10,5,3
-5,31,-22,-63,52,-6,-72,129,70,96,-113,-38,-32,9,93,9,10,5,3
5,-46,-144,-28,10,-59,344,15,-136,92,-135,-42,-5,41,129,9,10,5,3
-12,-66,-159,12,8,-64,272,-35,-57,69,-147,-46,33,67,158,9,10,5,3
-26,-79,-167,60,1,-63,198,-145,42,60,-104,-88,-12,21,27,9,10,5,3
-34,-81,-166,111,-8,-57,162,-233,113,58,-123,-93,2,12,23,9,10,5,3
23,64,4,8,59,-36,-104,-364,394,59,-135,-86,5,16,25,9,10,5,3
31,73,8,2,49,-15,11,-644,439,65,-144,-76,0,0,21,9,10,5,3
41,73,13,-9,35,5,137,-921,378,72,-59,-61,-125,63,-28,9,10,5,3
55,61,18,-23,18,28,173,-978,239,82,-48,-62,-170,57,-6,9,10,5,3
-135,12,75,-71,34,3,-4,79,67,90,-37,-56,-206,56,15,9,10,5,3
-114,-5,33,-82,19,4,12,39,72,94,-32,-55,-225,60,39,9,10,5,3
-90,-19,-5,-82,5,4,32,10,70,-8,9,-67,-104,80,36,9,10,5,3
-66,-32,-41,-71,-5,3,27,-14,73,-19,3,-72,-109,85,22,9,10,5,3
-1296,-757,1307,-55,-12,1,-2,-33,78,-30,-5,-79,-114,82,8,9,10,5,3
63,10,18,-76,65,10,-293,96,120,-34,-19,-85,-121,72,-2,9,10,5,3
49,32,45,-87,84,4,-332,88,107,-35,-33,-91,-127,59,-9,9,10,5,3
36,53,65,-92,99,-4,-327,95,87,51,-72,-77,37,-4,16,9,10,5,3
25,72,77,-91,109,-18,-301,107,67,47,-72,-72,32,-7,10,9,10,5,3
19,89,79,-87,116,-34,-267,118,48,42,-67,-75,24,-10,8,9,10,5,3
20,26,-47,-13,23,20,-279,-158,151,33,-60,-81,13,-9,8,9,10,5,3
14,19,-47,17,-32,63,-311,-800,204,65,-230,-62,24,121,95,9,10,5,3
11,7,-41,18,-30,65,-323,-773,169,52,-200,-78,33,115,83,9,10,5,3
10,-9,-27,21,-30,63,-328,-689,144,52,-167,-82,37,100,71,9,10,5,3
-100,14,77,25,-31,58,-363,-654,66,57,-135,-74,38,85,58,9,10,5,3
-105,25,65,-51,54,-39,-121,1351,-1918,62,-105,-72,34,77,48,9,10,5,3
-103,37,51,-43,51,-42,55,136,90,15,0,-80,-37,-9,26,9,10,5,3
-93,48,37,-39,46,-41,77,150,90,33,-159,-52,-42,10,32,9,10,5,3
88,64,-2,-38,44,-37,110,165,93,18,-149,-53,-48,16,37,9,10,5,3
85,49,-16,30,-36,-25,160,181,106,6,-135,-61,-49,15,39,9,10,5,3
76,26,-32,51,-37,-29,125,-148,36,-7,-120,-66,-47,13,38,9,10,5,3
62,1,-49,74,-40,-26,165,-153,0,-21,-108,-58,-60,27,18,9,10,5,3
46,-26,-64,100,-44,-21,190,-147,-31,41,-59,-69,-50,23,21,9,10,5,3
-4,28,-7,125,-51,-14,204,-135,-46,22,-33,-75,-40,17,20,9,10,5,3
10,28,-20,-15,-3,18,212,-120,-49,15,-23,-75,-38,13,24,9,10,5,3
25,27,-29,-24,-7,31,-42,-884,190,17,-31,-74,-38,14,30,9,10,5,3
40,25,-34,-37,-10,41,-90,-821,180,22,-49,-73,-57,74,18,9,10,5,3
54,23,-34,-52,-12,50,-88,-752,154,42,-61,-69,-79,68,20,9,10,5,3
-140,-49,31,-70,-13,58,-52,-677,137,39,-40,-71,-98,63,26,9,10,5,3
-131,-54,10,49,-71,-15,-22,-584,134,37,-26,-73,-112,59,31,9,10,5,3
-119,-53,-11,59,-72,-15,29,116,-24,37,-20,-74,-118,53,33,9,10,5,3
-106,-50,-31,63,-74,-10,-11,110,-38,37,-22,-78,-115,79,7,9,10,5,3
-93,-43,-50,63,-76,-1,-58,106,-56,46,-137,-59,-122,70,1,9,10,5,3
134,-34,-9,61,-77,6,-109,114,-74,32,-147,-62,-130,62,0,9,10,5,3
150,-16,-16,-167,155,-73,-156,118,-77,40,-155,-68,-139,58,7,9,10,5,3
154,7,-21,-140,166,-89,-159,203,-42,73,-168,-75,-147,62,28,9,10,5,3
147,34,-23,-109,171,-105,-128,210,-26,111,-178,-75,21,-8,14,9,10,5,3
135,62,-20,-77,175,-118,-110,221,-8,-56,-5,-71,13,-4,16,9,10,5,3
-19,6,-47,-50,172,-126,-105,221,11,-45,-4,-71,6,-5,13,9,10,5,3
-26,-19,-39,28,-57,85,-94,221,27,-32,-3,-79,-2,-8,13,9,10,5,3
-29,-39,-30,27,-59,93,-493,-649,119,-21,-2,-78,-9,-9,17,9,10,5,3
-28,-53,-22,24,-56,100,-442,-598,101,-20,0,-77,-36,39,-18,9,10,5,3
-23,-60,-18,21,-51,105,-361,-528,60,49,-28,-75,-48,31,-23,9,10,5,3
-41,16,25,19,-46,104,-290,-459,32,36,-40,-82,-50,35,-21,9,10,5,3
-37,11,11,-80,31,13,-279,-395,11,23,-50,-86,-37,39,-4,9,10,5,3
-28,10,-2,-78,34,17,9,154,129,25,-60,-89,-19,30,10,9,10,5,3
-15,15,-14,-79,37,17,36,169,127,38,-70,-87,-51,-2,17,9,10,5,3
0,24,-24,-84,39,17,75,183,125,101,-41,-58,-53,0,23,9,10,5,3
19,1,-29,-89,46,12,113,189,119,99,-61,-63,-56,4,34,9,10,5,3
11,4,-42,32,23,-10,131,191,128,92,-76,-69,-60,17,46,9,10,5,3
1,6,-47,41,23,-19,143,-275,17,81,-91,-73,-63,31,57,9,10,5,3
-6,7,-43,46,26,-25,151,-282,6,61,-104,-77,-86,40,48,9,10,5,3
-10,6,-34,47,29,-27,154,-285,-1,38,-80,-78,-84,47,53,9,10,5,3
43,27,-28,46,28,-25,160,-283,-11,39,-82,-73,-84,51,52,9,10,5,3
53,23,-23,-74,-60,68,169,-275,-18,35,-79,-64,-84,56,48,9,10,5,3
63,13,-18,-91,-73,70,106,-405,89,19,-73,-63,-84,59,39,9,10,5,3
73,-4,-15,-105,-84,68,153,-281,88,6,-59,-66,-215,77,46,9,10,5,3
81,-20,-14,-110,-91,61,206,-158,75,29,-101,-83,-214,80,48,9,10,5,3
-34,-86,-115,-109,-96,47,250,-75,68,26,-105,-87,-202,78,45,9,10,5,3
-5,-76,-125,70,-32,-1,266,5,64,22,-101,-87,-179,78,38,9,10,5,3
20,-65,-128,66,-18,-3,-46,-42,147,20,-94,-86,-151,67,33,9,10,5,3
42,-50,-125,60,-4,-4,-137,-40,161,27,-95,-86,-82,44,45,9,10,5,3
56,-31,-116,53,9,-3,-214,-50,162,22,-79,-62,-75,47,50,9,10,5,3
24,7,45,45,19,-2,-259,-67,171,28,-70,-65,-65,44,51,9,10,5,3
20,13,45,-63,76,-30,-279,-71,187,46,-77,-69,-53,33,51,9,10,5,3
16,20,42,-78,81,-32,-312,29,-32,67,-97,-61,-40,19,50,9,10,5,3
16,26,36,-94,85,-30,-303,37,-50,89,-115,-55,10,10,-3,9,10,5,3
22,31,29,-108,88,-26,-291,45,-65,25,-8,-82,13,6,-4,9,10,5,3
9,0,0,-116,91,-24,-279,50,-84,26,-17,-85,16,3,-1,9,10,5,3
15,-2,17,64,-9,89,-268,52,-107,23,-22,-96,17,2,0,9,10,5,3
31,-5,36,57,-22,96,-192,12,23,26,-27,-103,16,0,-2,9,10,5,3
52,-8,48,41,-37,94,-167,70,-9,50,-38,-96,-18,49,59,9,10,5,3
74,-9,48,21,-46,85,-167,116,-29,25,-79,-99,-11,50,67,9,10,5,3
-10,-29,-74,0,-52,71,-166,155,-33,17,-47,-104,-5,45,73,9,10,5,3
-2,-22,-79,0,60,-50,-168,185,-44,15,-21,-102,-2,34,76,9,10,5,3
6,-10,-79,-3,73,-55,211,-12,101,18,-7,-101,0,20,73,9,10,5,3
17,3,-77,-11,83,-56,173,9,100,17,-7,-99,-52,20,75,9,10,5,3
28,20,-72,-23,89,-53,145,-12,109,29,-152,-80,-49,35,87,9,10,5,3
-114,-78,-61,-36,92,-48,161,-57,100,26,-157,-88,-43,48,93,9,10,5,3
-112,-79,-51,77,-78,32,85,-8,99,22,-157,-92,-37,60,92,9,10,5,3
-107,-80,-45,-7,-32,64,36,-162,30,23,-152,-95,-30,71,86,9,10,5,3
-99,-79,-44,-15,-24,62,38,-148,31,25,-140,-89,-72,21,19,9,10,5,3
-90,-73,-44,-22,-12,56,58,-147,19,24,-57,-63,-74,19,13,9,10,5,3
169,46,-5,-29,0,45,87,-157,7,10,-51,-61,-74,22,10,9,10,5,3
166,22,-18,-35,12,31,116,-174,-7,-5,-50,-54,-72,26,9,9,10,5,3
157,-7,-37,106,-57,-35,425,-36,72,-24,-54,-55,-69,30,7,9,10,5,3
144,-41,-61,149,-43,-23,430,44,93,-44,-56,-62,-148,54,65,9,10,5,3
130,-74,-88,183,-30,-11,395,123,114,33,-159,-96,-114,37,53,9,10,5,3
60,-22,-147,203,-14,3,364,177,119,39,-157,-92,-87,22,42,9,10,5,3
0,45,-37,204,0,17,342,204,96,42,-144,-85,-66,21,29,9,10,5,3
-20,40,-16,-18,2,62,-311,-86,163,38,-122,-81,-55,11,21,9,10,5,3
-42,32,1,-20,-7,73,-324,-134,185,28,-93,-80,-48,0,45,9,10,5,3
-59,26,12,-18,-17,80,-371,-131,171,110,-66,-62,-45,-3,48,9,10,5,3
-71,15,19,-12,-25,82,-433,-104,150,114,-83,-62,-40,1,52,9,10,5,3
44,62,-44,-3,-31,78,-458,-100,136,120,-100,-76,-32,12,55,9,10,5,3
44,65,-52,-37,76,-75,-121,203,-128,119,-107,-69,-23,23,56,9,10,5,3
43,65,-57,-40,75,-69,-128,192,-114,104,-109,-55,33,10,17,9,10,5,3
43,64,-60,-41,72,-58,-120,173,-90,56,-98,-55,35,17,28,9,10,5,3
42,63,-63,-42,64,-45,-131,164,-89,58,-101,-53,38,28,40,9,10,5,3
66,37,-49,-43,55,-32,-164,134,-66,72,-111,-55,44,33,50,9,10,5,3
46,36,-39,56,35,-30,-333,98,-21,86,-129,-60,46,44,62,9,10,5,3
26,37,-27,54,27,-15,-297,94,-11,92,-147,-55,0,-12,19,9,10,5,3
9,41,-16,41,20,0,-265,88,6,33,-56,-76,3,-23,21,9,10,5,3
-4,42,-3,20,16,10,-254,77,23,35,-46,-73,5,-31,27,9,10,5,3
-15,43,-4,-4,13,20,-249,66,20,34,-37,-72,5,-31,32,9,10,5,3
-24,42,7,10,62,-19,440,-116,11,30,-34,-72,1,-22,34,9,10,5,3
-29,45,16,9,60,-19,429,-107,64,28,-37,-73,-32,9,78,9,10,5,3
-28,50,22,6,58,-20,436,-109,96,26,-216,-85,-22,21,107,9,10,5,3
-23,53,25,1,56,-22,457,-133,93,26,-179,-94,-10,39,133,9,10,5,3
0,45,-67,-5,53,-29,494,-277,89,40,-134,-102,6,62,157,9,10,5,3
-182,-54,126,-85,1,84,333,-269,-105,54,-85,-93,25,84,172,9,10,5,3
-186,-70,121,-118,4,83,382,-299,-144,3,-73,-70,8,51,51,9,10,5,3
-172,-79,109,-138,5,79,396,-312,-158,-8,-82,-75,21,62,58,9,10,5,3
-145,-83,91,-144,3,71,366,-402,-142,-15,-84,-78,38,76,60,9,10,5,3
14,63,8,135,12,-48,359,140,81,-22,-82,-74,57,92,63,9,10,5,3
-3,99,32,143,23,-36,341,174,73,-20,-68,-66,-104,37,11,9,10,5,3
-26,125,57,138,31,-23,299,202,64,-16,-70,-70,-90,32,5,9,10,5,3
-55,136,83,123,35,-12,214,238,72,-10,-68,-78,-82,32,9,9,10,5,3
-67,22,90,-38,47,19,92,75,212,-4,-65,-77,-78,46,18,9,10,5,3
-75,27,100,-39,51,10,-1,70,202,8,-118,-72,-43,5,18,9,10,5,3
-75,34,100,-39,54,4,-98,57,200,2,-114,-75,-14,108,95,9,10,5,3
-67,39,93,-38,56,-1,-206,47,196,4,-102,-80,14,106,92,9,10,5,3
37,85,2,-111,101,0,-66,296,-148,18,-96,-83,38,83,80,9,10,5,3
29,99,14,-97,98,-7,-122,265,-165,12,-49,-63,52,55,64,9,10,5,3
23,107,20,-82,94,-16,-160,241,-168,-6,-33,-69,-35,23,24,9,10,5,3
18,107,19,-69,91,-25,-159,229,-158,-23,-25,-76,-28,29,22,9,10,5,3
16,-54,-4,12,-5,55,-111,-260,331,-33,-24,-78,-22,31,21,9,10,5,3
12,-58,0,20,-4,45,-199,-235,296,79,-77,-74,-19,29,24,9,10,5,3
13,-57,3,28,-3,35,-349,-259,254,81,-66,-71,-7,3,-8,9,10,5,3
20,-52,7,33,0,26,-398,-294,246,76,-57,-68,0,9,4,9,10,5,3
13,13,-23,-41,22,10,-224,6,-5,66,-51,-59,10,15,16,9,10,5,3
22,11,-28,-26,18,8,-160,-32,103,72,-75,-74,20,17,28,9,10,5,3
31,11,-31,-16,15,5,-135,-10,91,71,-92,-74,-39,1,41,9,10,5,3
39,11,-36,-12,15,3,-116,18,82,59,-94,-75,-52,-4,33,9,10,5,3
20,52,29,-2,46,-31,-100,47,75,40,-84,-76,-65,-8,26,9,10,5,3
38,53,57,-13,46,-12,-73,79,72,27,-67,-77,-79,-12,20,9,10,5,3
62,58,91,-23,46,2,-286,-30,123,-62,-126,-91,8,76,-39,9,10,5,3
96,63,124,-34,42,14,-198,41,70,-44,-35,-83,-35,69,-27,9,10,5,3
-251,-38,208,16,-60,122,-63,87,2,-30,37,-85,-83,57,-17,9,10,5,3
-243,-44,186,-20,-54,103,90,110,-65,-32,104,-86,-133,44,-10,9,10,5,3
-227,-54,156,-50,-48,79,144,-285,-81,30,-46,-100,-63,56,18,9,10,5,3
-206,-64,124,-68,-45,56,198,-283,-76,-2,-33,-91,-65,50,7,9,10,5,3
76,66,-14,-114,17,88,242,-279,-60,-6,-25,-76,-67,29,4,9,10,5,3
76,28,-29,-121,-12,94,288,-264,-50,3,-30,-78,-69,15,7,9,10,5,3
77,-14,-60,-126,-45,99,56,80,112,74,-31,-38,-203,19,46,9,10,5,3
79,-56,-98,-128,-76,101,4,158,155,54,-35,-42,-203,33,82,9,10,5,3
84,-93,-139,-123,-108,97,-13,224,215,41,-36,-53,-188,46,105,9,10,5,3
79,25,-119,61,-17,-19,-8,252,250,48,-53,-62,-159,52,108,9,10,5,3
49,36,-100,66,-4,-19,-2,258,234,61,-79,-58,-128,43,99,9,10,5,3
10,42,-79,67,9,-15,-954,-193,468,12,-171,-70,5,110,147,9,10,5,3
-32,43,-54,65,22,-6,-869,-226,323,12,-172,-70,33,107,128,9,10,5,3
111,100,-31,-64,84,-65,-663,-262,151,19,-170,-71,57,87,109,9,10,5,3
102,130,-5,-62,108,-70,-453,-278,83,24,-164,-72,67,67,91,9,10,5,3
84,158,21,-62,129,-72,-5,179,15,41,3,-60,-18,8,29,9,10,5,3
59,182,48,-59,145,-73,-18,161,-3,28,8,-66,-20,-8,16,9,10,5,3
-13,-12,17,20,11,-32,-29,139,-21,20,-3,-83,-24,-18,3,9,10,5,3
-18,-10,21,10,14,-30,-36,118,-46,30,-29,-101,-31,-19,-4,9,10,5,3
-23,-11,28,3,15,-27,-545,-61,31,116,-61,-82,32,43,76,9,10,5,3
-27,-12,38,2,15,-24,-551,-63,61,134,-49,-72,33,44,68,9,10,5,3
-23,-18,46,8,14,-21,-551,-75,83,135,-45,-67,32,46,57,9,10,5,3
8,82,-27,-70,73,0,-547,-95,96,125,-43,-74,29,46,46,9,10,5,3
3,69,-11,-62,68,4,-530,-113,99,113,-44,-86,27,46,36,9,10,5,3
1,59,4,-52,66,7,280,-62,93,115,-70,-75,-57,-13,37,9,10,5,3
0,51,15,-42,64,7,294,-70,118,125,-73,-86,-47,-25,24,9,10,5,3
-8,34,-62,40,10,-37,343,-93,121,123,-73,-96,-39,-27,14,9,10,5,3
-21,3,-80,99,-61,28,407,-136,87,104,-73,-80,-34,-14,12,9,10,5,3
-32,-19,-91,98,-64,42,10,-179,64,28,2,-72,-40,44,52,9,10,5,3
-35,-37,-103,91,-65,56,-7,-181,69,45,-27,-75,-28,32,49,9,10,5,3
-1,9,-9,77,-64,70,-9,-195,73,61,-61,-75,-23,21,47,9,10,5,3
3,26,-13,60,-59,83,-2,-217,75,74,-91,-74,-21,15,44,9,10,5,3
8,45,-17,-41,-37,54,0,-238,72,81,-107,-73,-21,15,42,9,10,5,3
15,61,-22,-59,-56,62,-119,-505,18,21,-121,-55,-20,65,-11,9,10,5,3
25,76,-24,-74,-73,62,-57,-488,23,18,-87,-54,-60,62,-15,9,10,5,3
-153,18,139,-85,-88,58,-22,-435,43,23,-50,-61,-100,62,-11,9,10,5,3
-139,-15,93,-61,-48,-7,14,-354,61,41,-27,-69,-142,59,-1,9,10,5,3
-119,-43,41,-38,-49,-10,15,130,13,-2,54,-67,-80,60,47,9,10,5,3
-99,-66,-6,-12,-47,-12,39,103,14,-5,31,-76,-73,51,39,9,10,5,3
13,3,66,13,-43,-12,41,90,32,6,0,-82,-68,44,34,9,10,5,3
16,15,72,-84,63,5,-14,45,83,25,-29,-77,-62,33,29,9,10,5,3
20,25,76,-85,59,-9,-120,191,-34,74,-53,-94,-9,-2,10,9,10,5,3
23,34,76,-82,57,-25,-70,172,-41,83,-45,-88,-4,-5,4,9,10,5,3
42,45,-65,-76,58,-39,-32,159,-44,73,-40,-85,-1,0,4,9,10,5,3
36,46,-54,-29,15,50,-14,157,-49,53,-38,-91,0,6,7,9,10,5,3
30,43,-41,-27,10,53,3666,-2060,-1790,36,-43,-101,2,17,9,9,10,5,3
27,36,-28,-27,5,54,-284,161,-78,83,-29,-78,-22,10,21,9,10,5,3
29,26,-15,-26,2,50,-283,186,-91,76,-16,-78,-26,5,26,9,10,5,3
-21,-15,-48,-24,0,44,-280,218,-87,74,-4,-82,-25,11,31,9,10,5,3
-7,-8,-65,-47,35,-19,-266,238,-74,82,0,-91,-20,20,38,9,10,5,3
2,0,-79,-43,46,-28,-243,240,-70,87,-1,-96,-11,26,42,9,10,5,3
8,10,-89,-39,58,-36,-114,-91,384,115,-154,-65,20,1,105,9,10,5,3
-46,9,60,-32,66,-41,30,-170,372,141,-185,-63,17,17,112,9,10,5,3
-51,20,43,95,8,-33,130,-242,338,145,-200,-61,19,23,106,9,10,5,3
-54,31,31,95,2,-37,135,-297,282,122,-189,-52,20,25,91,9,10,5,3
-52,37,23,90,-5,-36,57,-245,11,33,-59,-73,-111,33,45,9,10,5,3
-13,26,-7,83,-17,-29,61,-229,0,29,-69,-71,-109,32,42,9,10,5,3
-12,26,-10,39,-9,0,49,-232,-5,28,-74,-68,-105,31,36,9,10,5,3
-8,26,-9,25,-18,16,42,-256,-20,25,-69,-69,-104,35,28,9,10,5,3
-2,25,-7,8,-29,39,-1640,3796,4,19,-54,-68,-105,39,19,9,10,5,3
5,24,-5,-8,-44,64,352,94,135,82,12,-60,-261,28,45,9,10,5,3
-159,68,152,-28,-62,87,390,110,122,86,-5,-66,-217,39,54,9,10,5,3
-144,26,106,-76,-33,20,407,125,81,85,-23,-63,-166,33,52,9,10,5,3
-124,-15,58,-48,-35,22,398,142,43,81,-40,-66,-121,19,47,9,10,5,3
-99,-51,14,-17,-29,20,371,152,15,78,-51,-72,-74,9,28,9,10,5,3
-69,-78,-23,10,-21,15,-165,-120,270,112,-122,-51,-27,13,72,9,10,5,3
26,-14,-56,33,-12,9,-238,-27,288,97,-118,-55,-28,23,74,9,10,5,3
-57,-6,5,24,23,-24,-318,53,277,73,-111,-66,-27,31,74,9,10,5,3
-58,-3,7,30,25,-21,-383,116,246,60,-103,-77,-24,31,72,9,10,5,3
-53,-1,7,35,23,-16,-409,156,211,58,-93,-80,-18,27,68,9,10,5,3
-45,1,3,36,16,-9,-687,22,202,127,-197,-52,60,75,74,9,10,5,3
178,6,-61,-46,0,-31,-646,-6,232,152,-211,-59,62,71,73,9,10,5,3
158,18,-58,-44,12,-47,-602,0,244,171,-215,-60,65,64,72,9,10,5,3
131,31,-50,-39,22,-60,-574,-8,250,171,-213,-59,63,66,72,9,10,5,3
100,45,-39,-30,33,-70,-159,69,26,48,-83,-77,-21,0,30,9,10,5,3
29,20,-43,2,21,-18,-44,-52,98,37,-69,-79,-20,13,36,9,10,5,3
32,27,-44,-3,29,-19,-73,-43,91,34,-43,-74,-17,28,40,9,10,5,3
33,33,-42,-10,36,-21,-50,-49,82,33,-18,-72,-15,40,44,9,10,5,3
32,36,-38,-17,42,-24,46,-78,83,30,-258,-72,94,114,40,9,10,5,3
-63,-104,-139,91,-119,6,330,-65,-151,35,-263,-79,78,92,22,9,10,5,3
-195,-107,57,113,-117,19,270,-37,-110,34,-249,-92,48,68,5,9,10,5,3
-168,-106,53,137,-115,35,218,2,-71,34,-211,-87,10,49,-8,9,10,5,3
-140,-106,41,159,-112,56,194,1,-31,53,-31,-58,-60,4,29,9,10,5,3
-114,-98,26,-8,99,-40,-416,-104,315,51,-20,-56,-68,6,34,9,10,5,3
134,32,-32,-11,91,-34,-449,-140,329,39,-17,-63,-74,9,34,9,10,5,3
141,9,-49,-20,81,-26,-497,-192,352,33,-20,-69,-78,12,30,9,10,5,3
145,-17,-69,-34,67,-13,-628,-370,376,33,-28,-74,-77,13,26,9,10,5,3
148,-43,-90,-49,50,-1,-742,-584,317,55,-37,-60,-36,10,57,9,10,5,3
147,-66,-114,-63,-14,-2,81,179,10,44,-52,-63,-34,6,42,9,10,5,3
15,0,-94,-35,-21,-9,91,176,0,28,-67,-72,-38,0,27,9,10,5,3
-1,3,-79,-3,-28,-13,101,182,-10,24,-87,-79,-46,-8,14,9,10,5,3
-23,0,-61,25,-37,-14,108,198,-23,49,-239,-68,18,79,79,9,10,5,3
-47,-7,-42,51,-42,-15,105,222,-33,73,-236,-59,17,65,57,9,10,5,3
-65,-12,-25,-65,62,-45,-28,386,-141,91,-213,-55,10,48,43,9,10,5,3
-26,120,14,-71,75,-53,1,352,-173,87,-184,-69,1,25,27,9,10,5,3
-33,118,13,-70,85,-61,38,331,-204,71,-149,-82,-8,9,14,9,10,5,3
-40,104,14,-63,93,-66,74,297,-233,14,-50,-83,-24,24,66,9,10,5,3
-43,80,15,-50,96,-71,104,268,-248,18,-66,-78,-19,25,63,9,10,5,3
-44,54,14,4,-39,29,-656,17,82,28,-74,-71,-10,21,63,9,10,5,3
126,11,-140,17,-42,14,-636,-10,66,41,-85,-77,-1,22,60,9,10,5,3
118,31,-132,26,-45,-1,-610,-26,47,52,-92,-73,8,32,57,9,10,5,3
106,49,-115,30,-46,-17,-570,-25,21,85,-78,-83,48,16,34,9,10,5,3
93,63,-91,29,-43,-30,-515,-9,0,98,-93,-84,41,18,30,9,10,5,3
76,74,-61,-19,34,-35,114,4,153,107,-107,-82,33,17,23,9,10,5,3
1,33,29,-26,41,-29,137,-7,150,109,-113,-80,22,13,17,9,10,5,3
-4,22,31,-33,49,-22,178,-40,140,105,-112,-82,13,10,14,9,10,5,3
-11,13,25,-40,57,-15,221,-93,133,12,-68,-78,-86,52,61,9,10,5,3
-19,3,12,-10,-6,46,25,-277,6,17,-54,-78,-78,50,54,9,10,5,3
2,3,0,-8,-8,41,22,-290,14,25,-43,-80,-76,45,48,9,10,5,3
5,5,-3,-4,-12,36,9,-309,32,28,-33,-78,-75,45,41,9,10,5,3
5,7,-6,-1,-16,31,0,-328,55,26,-86,-73,-60,73,60,9,10,5,3
2,10,-7,1869,1442,776,7,-331,59,29,-96,-70,-46,70,65,9,10,5,3
-3,14,-7,-22,6,-5,-169,-221,105,29,-101,-67,-31,68,67,9,10,5,3
35,32,-20,-4,5,-6,-67,-78,201,23,-91,-67,-15,69,67,9,10,5,3
15,19,-18,10,4,-4,-81,-32,207,46,-134,-89,-97,67,91,9,10,5,3
-7,4,-13,22,2,-1,-93,1,202,35,-153,-95,-98,77,88,9,10,5,3
-30,-9,-8,48,-52,12,-95,5,188,29,-160,-97,-98,82,79,9,10,5,3
-65,-15,21,43,-41,12,-125,133,65,26,-151,-94,-97,80,68,9,10,5,3
-58,-10,24,35,-32,13,-147,76,112,23,346,1421,-99,77,55,9,10,5,3
-49,-8,27,27,-19,17,-168,4,175,27,-91,-68,-2,-5,34,9,10,5,3
-37,-13,28,-32,90,-42,-167,-10,200,15,-75,-62,-3,-8,30,9,10,5,3
-24,-16,28,-22,89,-41,-186,5,190,7,-52,-64,-7,-9,28,9,10,5,3
23,11,-18,-9,83,-38,-94,264,-110,-2,-27,-58,-13,-3,25,9,10,5,3
26,11,-23,0,73,-34,-114,274,-139,-14,-17,-58,-20,0,24,9,10,5,3
32,12,-26,4,62,-29,-107,284,-152,92,-105,-54,3,76,104,9,10,5,3
39,14,-30,-15,0,51,-92,294,-145,102,-130,-68,5,79,102,9,10,5,3
45,17,-35,-23,-10,54,-80,299,-138,110,-142,-80,12,75,88,9,10,5,3
34,86,2,-31,-20,53,-250,270,67,115,-144,-81,21,61,72,9,10,5,3
16,90,24,-37,-26,50,-37,139,153,72,-63,-83,-9,-26,3,9,10,5,3
0,87,43,-3600,-545,-1646,3,97,158,75,-71,-84,-10,-28,5,9,10,5,3
-14,82,57,-5,53,-69,43,56,163,77,-80,-85,-14,-31,7,9,10,5,3
-33,-38,-1,2,53,-67,75,19,165,80,-81,-82,-19,-24,6,9,10,5,3
-10,-41,3,14,50,-62,96,-16,162,84,-76,-79,-21,-21,8,9,10,5,3
11,-44,5,29,44,-51,-100,-332,8,35,-91,-81,-81,26,14,9,10,5,3
30,-47,3,47,35,-35,-104,-323,9,36,-121,-86,-76,36,24,9,10,5,3
39,-50,0,17,13,-10,-116,-295,16,39,-149,-90,-70,42,34,9,10,5,3
7,22,-5,10,13,-11,-128,-261,23,45,-160,-88,-66,47,42,9,10,5,3
9,23,-6,4,11,-12,-133,-247,35,53,-143,-77,-65,51,48,9,10,5,3
8,23,-8,0,9,-13,-965,-196,308,-66,-106,-81,119,150,72,9,10,5,3
3,22,-9,-3,6,-13,-929,-161,284,-55,-125,-87,134,130,48,9,10,5,3
-2,21,-9,91,-42,23,-855,-187,248,-34,-131,-86,131,112,31,9,10,5,3
-170,66,148,102,-21,31,-759,-229,217,1,-129,-82,113,100,23,9,10,5,3
-156,48,120,98,3,33,-634,-279,181,39,-120,-82,86,89,16,9,10,5,3
-136,31,84,80,27,32,-62,87,145,19,29,-49,-85,44,36,9,10,5,3
-111,15,45,15,3,24,-98,126,143,28,40,-49,-82,46,38,9,10,5,3
9,-42,-23,12,-1,28,-134,153,137,32,34,-53,-79,49,41,9,10,5,3
15,-36,-27,9,-5,30,-154,160,127,26,11,-58,-77,47,44,9,10,5,3
16,-29,-27,6,-8,32,-78,318,26,36,-29,-66,-36,5,43,9,10,5,3
14,-22,-22,-24,57,-21,-111,319,9,26,-21,-57,-35,2,42,9,10,5,3
41,31,-35,-33,56,-17,-137,313,-7,19,-19,-63,-34,0,37,9,10,5,3
45,31,-36,-42,52,-12,-148,297,-16,26,-23,-72,-32,1,31,9,10,5,3
46,33,-36,-52,48,-8,-151,273,-30,40,-34,-74,-28,0,23,9,10,5,3
44,35,-37,-62,45,-8,-370,39,44,96,-137,-82,31,44,19,9,10,5,3
41,38,-37,-10,22,-5,-389,99,29,94,-122,-80,31,35,12,9,10,5,3
1,17,18,-44,23,28,-443,159,24,83,-103,-74,23,34,9,9,10,5,3
-7,13,16,-61,26,29,-491,201,17,67,-81,-65,13,36,13,9,10,5,3
-13,9,13,-75,33,31,-512,225,-2,57,-61,-70,3,40,19,9,10,5,3
-14,7,9,-84,40,31,143,-63,204,116,-53,-67,-56,28,57,9,10,5,3
-9,8,5,-86,44,29,167,-61,213,95,-50,-67,-50,32,72,9,10,5,3
-45,-17,14,-3,5,25,165,-30,231,70,-41,-72,-47,33,85,9,10,5,3
-26,28,-4,1,10,11,152,-22,240,58,-33,-74,-46,36,94,9,10,5,3
-17,38,-13,6,18,0,152,-63,224,60,-26,-73,-46,33,94,9,10,5,3
-10,45,-22,9,26,-7,-46,-300,-65,25,-21,-72,-109,25,24,9,10,5,3
-5,45,-29,15,33,-13,-51,-318,-70,31,-32,-68,-112,27,22,9,10,5,3
-5,41,-31,1,15,-9,-58,-321,-70,41,-50,-64,-112,29,22,9,10,5,3
67,6,-1,0,14,2,-71,-320,-66,50,-68,-58,-112,33,22,9,10,5,3
58,-7,-12,0,11,14,-85,-325,-62,53,-81,-58,-106,31,22,9,10,5,3
50,-24,-25,1,5,26,44,-81,143,87,-61,-67,-75,70,65,9,10,5,3
43,-42,-37,0,-2,35,80,-75,137,97,-76,-70,-74,75,64,9,10,5,3
39,-61,-49,37,-22,-37,103,-54,138,93,-87,-69,-74,75,58,9,10,5,3
-13,-10,-19,46,-21,-30,111,-31,135,76,-93,-68,-76,75,58,9,10,5,3
-15,-22,-14,54,-22,-18,116,-30,123,62,-96,-71,-80,69,55,9,10,5,3
-22,-30,-10,62,-24,-3,1,155,267,40,-119,-66,51,-22,30,9,10,5,3
-34,-36,-6,66,-29,11,-41,268,238,13,-113,-76,24,-32,27,9,10,5,3
-47,-42,0,80,-24,1,-90,366,212,-11,-109,-77,-5,-25,35,9,10,5,3
-14,-69,-14,81,-31,17,-133,442,182,-29,-106,-82,-32,-13,47,9,10,5,3
-7,-59,-17,75,-37,32,-176,485,137,-37,-100,-83,-43,-4,52,9,10,5,3
0,-49,-21,64,-38,42,-112,319,-138,9,-50,-87,-23,17,5,9,10,5,3
9,-40,-27,49,-38,49,-197,259,-33,45,-52,-85,-9,11,10,9,10,5,3
18,-29,-32,-83,24,23,-196,73,111,81,-67,-80,2,12,21,9,10,5,3
38,49,5,-83,28,13,-45,-78,195,106,-91,-73,12,25,40,9,10,5,3
-9,47,34,-79,30,7,41,-25,249,122,-113,-63,19,47,72,9,10,5,3
-4,52,19,-70,30,5,-96,220,16,49,-70,-80,0,0,12,9,10,5,3
3,56,1,-59,28,5,-103,207,29,34,-59,-75,-5,-1,5,9,10,5,3
12,58,-13,1,40,8,-92,182,52,16,-40,-72,-11,-3,-1,9,10,5,3
22,60,-21,0,34,18,-93,176,55,-4,-20,-72,-17,-12,-9,9,10,5,3
-35,-21,-15,-4,30,29,-107,173,62,-19,-3,-77,-24,-27,-16,9,10,5,3
-29,-18,-26,-10,26,39,-6,-218,44,55,-47,-79,-118,23,16,9,10,5,3
                                                                                                                                                                                                                                                                                                                                                                                                                                                                                                                                                                                                                                                                                                                                                                                                                                                                                                                                                                                                                                                                                                                                                                                                                                                                                                                                                                                                                                                                                                                                                                                                                                                                                                                                                                                                                                                                                                                                                                                                                                                                                                                                                                                                                                                                                                                                                                                                                                                                                                                                                                                                                                                                                                                                                                                                                                                                                                                                                    