-112,179,389,-88,41,19,119,56,75,-3,34,-70,-23,-51
-120,160,423,-93,27,22,96,48,82,-7,17,-67,-31,-57
-138,138,459,-122,279,-121,102,48,83,-8,13,-66,-35,-61
-153,113,503,-106,294,-120,106,48,83,-9,8,-64,-36,-59
233,157,-831,-96,309,-118,111,51,81,-8,3,-63,25,-48
197,172,-802,-95,320,-110,132,33,76,-17,66,-84,17,-63
167,181,-773,616,-290,441,131,34,74,-13,67,-94,5,-68
138,173,-748,623,-225,430,129,35,75,-6,61,-108,-4,-64
-10,172,354,630,-152,416,129,34,79,0,50,-119,-10,-68
-34,170,341,640,-68,400,114,74,74,-22,9,-68,-15,-57
-55,151,330,203,-360,-1114,120,65,73,-18,21,-68,-10,-74
-88,136,337,229,-329,-1057,122,57,71,-16,30,-68,-3,-93
-44,-26,376,256,-283,-992,122,51,70,-17,36,-71,-13,-73
-4,-72,367,288,-223,-917,151,51,67,-24,10,-21,15,-80
49,-114,353,-395,86,273,151,48,68,-21,0,-9,53,-85
107,-147,339,-380,59,315,147,51,70,-15,-4,-3,92,-83
-7,21,-670,-360,22,354,144,54,69,-2,-10,-1,-40,16
-48,-7,-642,-341,-27,385,115,18,82,29,46,-68,-33,-13
-82,-33,-602,604,338,320,135,56,74,28,46,-64,-27,-15
-113,-62,-549,574,412,258,135,60,68,26,48,-68,-28,-19
-136,299,473,535,480,184,134,65,67,22,48,-75,32,-76
-262,277,396,493,544,92,133,70,70,-17,15,-66,23,-61
-295,261,378,234,-159,-596,109,38,77,-16,17,-69,12,-63
-314,247,352,234,-117,-505,112,39,78,-13,19,-68,2,-69
-321,225,323,247,-84,-435,117,39,76,-12,16,-70,-2,-69
156,-358,-370,276,-60,-382,121,38,77,9,12,-72,26,-70
179,-326,-447,-666,-390,559,131,25,69,7,10,-75,54,-68
192,-279,-517,-666,-535,625,129,28,67,5,7,-72,76,-54
186,-220,-581,-637,-666,716,127,31,66,4,6,-67,23,-30
115,35,164,-555,-789,810,128,31,71,-14,33,-67,33,-45
143,58,158,282,753,-135,143,54,67,-22,34,-65,36,-34
173,79,141,173,79,141,141,53,70,-28,28,-72,39,-41
195,78,112,221,772,-239,135,56,70,-31,23,-73,56,-76
-306,56,156,167,771,-348,133,58,68,-18,21,-70,74,-67
-245,66,149,220,142,-131,103,27,77,-11,24,-74,96,-63
-174,67,161,195,172,-90,101,30,78,-3,27,-74,116,-56
-99,48,184,160,199,-52,101,32,75,2,27,-72,99,-17
139,-83,-323,109,228,-15,105,34,76,-5,15,-64,99,-19
142,-69,-338,-390,-613,784,140,23,72,-1,16,-64,89,-16
145,-57,-353,505,-599,617,138,21,69,2,20,-66,-32,1
89,8,-28,555,-529,561,137,18,69,-14,77,-65,-20,-1
96,0,-17,588,-458,519,133,42,74,-18,70,-62,-11,-3
102,-4,-5,612,-393,498,132,44,73,-16,59,-61,-5,-7
116,-10,0,-279,-299,-1047,134,48,74,-13,52,-59,94,-63
-192,98,174,-268,-334,-1058,137,46,72,-2,1,-81,99,-62
-146,64,185,-244,-364,-1069,113,22,68,-1,11,-68,105,-54
-108,21,200,-214,-395,-1087,120,30,70,-1,5,-66,114,-50
-71,-12,215,-352,136,148,127,30,72,-3,-1,-65,86,-64
214,-165,-136,-342,107,121,134,28,71,1,-7,-61,99,-56
211,-163,-157,-333,93,95,140,27,67,-8,-11,-61,103,-48
202,-154,-184,-321,89,82,118,-7,78,-20,-14,-59,99,-41
189,-139,-215,744,143,349,117,-13,82,-22,-10,-58,-130,-4
57,-82,-145,741,207,257,116,-16,83,-13,18,-66,-120,-15
85,-78,-119,719,258,179,-452,2443,1214,-16,9,-67,-106,-20
92,-63,-84,689,304,114,160,31,63,-19,0,-71,-87,-36
81,-45,-43,-196,-472,-1075,153,29,66,-19,-3,-69,116,-75
239,14,234,-114,-500,-1065,145,27,70,-6,-20,-69,118,-55
292,11,236,-28,-506,-1037,137,21,73,-6,-23,-72,112,-38
312,11,234,60,-499,-998,153,6,67,-5,-25,-72,98,-21
302,6,228,-304,221,243,156,13,66,1,-26,-73,3,3
82,-44,-401,-282,215,299,159,19,66,32,27,-67,-16,10
88,-44,-389,-267,195,356,2311,-172,3265,28,25,-75,-33,11
87,-43,-375,-271,144,418,121,0,77,21,22,-76,-46,10
77,-41,-353,609,237,190,118,10,78,20,22,-72,-46,-16
-63,0,76,588,302,124,117,14,81,-7,6,-68,-47,-24
-94,9,69,562,363,42,116,13,83,-8,1,-72,-40,-31
-114,22,56,530,414,-44,141,19,71,-10,4,-70,-28,-40
-118,35,44,527,-279,-690,136,18,73,-13,-1,-73,-26,6
17,-40,191,520,-156,-569,132,19,72,20,22,-72,-36,2
0,-37,125,483,-52,-442,158,-9,70,16,23,-71,-44,2
10,-39,149,-476,106,188,159,-9,71,11,20,-69,11,-32
30,-54,158,-487,103,200,160,-9,73,21,11,-72,9,-13
52,-78,152,-504,86,206,160,-9,73,15,11,-74,11,-13
84,-37,-582,-487,85,203,139,-20,76,11,10,-74,14,-15
91,-35,-562,387,-330,343,140,-19,75,11,12,-69,-5,-42
98,-32,-531,398,-305,337,139,-18,71,-4,35,-74,8,-30
103,-24,-491,449,-296,339,142,-15,71,-3,30,-74,20,-22
-152,162,294,495,-267,324,155,23,69,-3,24,-73,26,-12
-191,171,302,-133,-82,-932,151,17,68,-5,21,-70,83,-41
-210,191,303,-107,-117,-946,146,13,66,-9,23,-65,101,-43
-216,214,300,-70,-131,-940,143,10,68,-7,19,-67,125,-74
57,-304,150,-189,307,-56,145,-12,71,-5,16,-72,89,-45
51,-260,-263,-202,297,-63,147,-13,67,11,-9,-65,91,-48
40,-230,-281,-213,287,-67,148,-13,65,21,-11,-70,93,-54
26,-203,-304,-227,281,-64,148,-12,67,29,-6,-67,92,-58
15,-179,-331,279,-384,237,121,-30,75,37,-5,-63,66,-78
-123,-73,173,275,-382,275,123,-23,78,-7,25,-69,58,-73
-109,-62,177,257,-356,315,126,-20,79,-10,19,-69,41,-50
-69,-46,166,264,-336,359,126,-17,78,-11,16,-71,28,-54
-20,-25,142,-301,-2,-1045,138,0,65,-11,12,-75,46,-91
-360,85,324,-290,-87,-1095,137,0,69,-16,13,-74,96,-109
-321,66,306,-247,-173,-1152,137,-3,70,-11,12,-78,124,-29
-272,35,293,-180,-253,-1191,135,-4,70,-7,13,-76,152,2
-218,0,281,-405,187,244,143,-36,72,-1,10,-77,52,-28
110,-187,-105,-428,173,254,143,-36,70,28,5,-69,69,-17
105,-187,-131,-458,159,282,144,-38,70,30,5,-68,86,-23
96,-185,-162,-497,128,323,144,-40,69,30,5,-66,93,-13
89,-179,-196,336,-390,398,120,-35,74,31,5,-66,-14,-24
-57,-65,-22,380,-362,373,123,-35,74,10,3,-79,-26,-15
16,-71,-54,439,-345,347,124,-36,74,5,0,-73,-11,18
85,-71,-73,534,-330,296,121,-36,77,1,-4,-66,-27,41
137,-55,-67,-294,-275,-951,122,-36,77,0,-9,-68,52,-41
-108,132,236,-245,-347,-978,118,-36,78,0,20,-80,59,-17
-39,143,232,-182,-406,-1008,117,-35,81,0,21,-80,55,-3
18,147,231,-115,-447,-1023,114,-33,82,2,23,-79,48,2
60,143,239,-315,219,176,156,-41,69,6,20,-80,67,-44
41,-187,-359,-343,220,178,156,-49,68,39,0,-73,72,-26
36,-155,-393,-375,216,181,157,-49,68,42,12,-66,74,-20
34,-127,-425,-406,205,188,154,-47,67,45,22,-67,66,-19
30,-109,-457,260,-344,369,134,-36,71,42,34,-65,6,-26
-21,4,72,272,-300,369,137,-32,74,-24,21,-70,-49,-21
-25,23,83,334,-259,340,137,-29,73,-26,21,-78,-46,-29
-25,30,83,339,-206,334,137,-26,69,-27,27,-77,-36,-42
-13,20,70,-6,-221,-937,128,-47,74,-27,26,-77,-29,-47
-388,28,118,-32,-193,-913,127,-44,75,-1,15,-74,124,-106
-339,21,110,-60,-159,-885,128,-42,76,1,13,-68,124,-89
-283,6,110,-100,-116,-852,125,-41,80,0,11,-62,126,-75
-225,-20,112,-644,99,216,136,-59,71,-2235,2442,313,128,-71
154,-140,-208,-635,91,187,135,-54,69,24,17,-76,-35,-4
162,-131,-227,-609,101,182,132,-50,68,22,20,-74,-38,0
160,-131,-250,-582,109,197,129,-45,69,20,22,-72,-34,-5
148,-135,-272,308,-129,266,124,-67,75,346,281,-1401,-30,-2
-143,-68,106,317,-96,250,126,-63,77,-7,7,-67,29,-24
-117,-65,58,333,-69,227,127,-62,80,-7,5,-67,36,-31
-90,-48,9,360,-42,209,124,-61,79,-7,3,-71,47,-20
-73,-20,-23,-268,-58,-726,107,-31,74,-4,4,-73,61,-29
-306,-43,54,-255,-81,-766,107,-30,71,-4,17,-63,91,-47
-222,-56,32,-220,-111,-806,113,-28,80,-9,11,-65,86,-44
-128,-61,14,-183,-152,-845,111,-36,76,-14,11,-70,77,-41
-27,-57,2,-489,283,269,123,-63,71,-2,23,-64,107,-50
116,-227,-21,-478,264,268,123,-65,74,0,27,-66,105,-49
148,-226,-54,-471,226,255,123,-67,75,-1,25,-70,97,-48
184,-219,-92,-468,175,240,123,-69,76,-6,21,-69,86,-50
221,-205,-134,309,-285,255,101,-72,78,19,42,-68,-7,-24
-81,-100,-20,315,-263,248,101,-72,81,22,43,-67,-7,-8
-62,-91,-10,308,-246,247,100,-72,77,22,40,-72,-5,-14
-44,-75,5,309,-228,246,99,-69,77,20,35,-77,-2,-18
-33,-59,14,-204,79,-868,129,-49,67,-18,14,-67,107,-75
-131,117,191,-187,23,-886,128,-52,68,-21,16,-66,135,-63
-96,100,204,-160,-33,-890,127,-56,71,-23,17,-67,171,-76
-78,73,216,-31,207,60,117,-66,71,7,2,-67,-6,-22
-68,45,220,-257,255,18,117,-70,70,9,10,-72,-3,-24
85,-173,-254,-275,261,29,118,-71,68,12,10,-79,4,-38
70,-161,-294,-299,260,38,117,-68,69,9,16,-75,16,-44
55,-148,-326,-328,251,48,109,-78,76,9,28,-67,-36,-28
48,-130,-346,406,-145,102,107,-76,77,16,37,-69,-29,-27
-16,-31,127,406,-124,78,107,-79,81,16,45,-71,-24,-36
-25,-15,140,409,-98,54,-1734,1993,-714,15,54,-70,-16,-47
-28,6,141,414,-88,20,122,-63,71,-4,12,-70,53,-52
-18,29,128,-70,-306,-1115,121,-64,72,-6,15,-61,70,-65
73,-33,251,-29,-328,-1140,120,-65,75,-11,15,-63,94,-77
156,-32,222,33,-355,-1137,117,-66,73,-13,13,-72,106,-84
211,-27,184,94,-380,-1115,132,-75,67,37,-15,-62,74,-64
245,-21,148,-544,-14,440,131,-81,70,29,-1,-64,88,-50
131,-169,-241,-561,-65,462,127,-89,72,33,2,-74,108,-63
137,-145,-288,-615,-121,501,125,-93,72,35,24,-67,110,-56
151,-118,-335,-653,-173,522,92,-83,79,31,64,-71,-8,-41
167,-88,-380,309,-95,384,93,-74,80,33,61,-70,-18,-24
-23,-24,-25,319,-21,394,94,-69,81,32,56,-71,-17,-16
-18,-17,-16,348,61,369,95,-66,81,30,53,-70,-16,-14
-21,-22,-6,375,145,318,124,-71,74,-9,15,-63,165,-32
-27,-31,10,213,-410,-873,122,-72,74,-15,15,-67,140,-5
208,96,187,273,-369,-802,118,-70,71,-20,11,-69,100,-9
201,67,203,329,-317,-719,115,-65,70,-26,7,-67,72,-23
199,36,219,368,-259,-631,117,-110,71,21,20,-69,78,-36
193,6,227,-494,86,298,115,-114,69,27,29,-72,100,-36
-16,-115,-282,-494,58,316,112,-119,68,28,33,-76,100,-10
0,-99,-284,-494,22,348,110,-120,69,27,37,-76,97,-3
26,-83,-296,-501,-21,403,69,-92,84,25,42,-71,0,-25
-106,-37,11,342,-491,42,76,-90,86,25,42,-65,5,-25
-66,-5,-12,332,-491,106,81,-89,85,28,46,-61,15,-32
-9,9,-37,333,-479,177,86,-93,78,35,37,-72,26,-33
59,12,-48,351,-441,253,113,-68,72,-24,15,-62,85,-117
-107,-31,2,-1038,2410,-2115,112,-67,73,-28,18,-63,87,-37
-21,-22,10,267,-25,-208,111,-66,71,-32,19,-71,100,-29
51,-9,37,256,23,-152,106,-90,72,10,10,-71,21,-55
103,8,73,249,71,-102,108,-94,71,5,3,-71,30,-61
117,-159,-384,239,122,-63,108,-99,70,7,0,-72,46,-63
124,-140,-414,-275,-388,522,109,-100,71,9,6,-66,63,-58
116,-125,-441,-228,-446,548,66,-112,76,19,34,-74,-16,-30
98,-108,-457,-177,-487,560,67,-111,80,17,40,-75,-7,-41
326,142,14,-112,-511,544,66,-110,76,11,50,-74,6,-53
365,155,30,199,405,24,65,-107,79,10,57,-73,13,-57
382,154,74,157,432,-43,118,-88,70,-11,-12,-71,28,-77
368,160,146,122,448,-82,119,-89,66,-14,0,-65,34,-63
-234,-98,-88,99,474,-101,116,-90,65,-16,12,-63,47,-69
-183,-118,-104,258,-50,-286,111,-93,68,-18,22,-64,64,-74
-117,-129,-115,254,-31,-236,81,-97,79,15,17,-73,-21,-59
-38,-121,-117,267,-30,-195,84,-96,78,16,14,-71,-17,-55
102,-163,-75,-482,-65,384,88,-94,77,12,11,-71,-5,-55
127,-157,-91,-504,-130,421,95,-106,72,19,6,-65,-57,2
151,-144,-113,-546,-197,469,91,-105,67,13,3,-75,-59,3
168,-133,-139,-576,-256,504,94,-104,77,8,10,-76,-56,0
114,-10,-169,402,-243,-139,89,-104,75,9,14,-75,-54,-2
135,-25,-149,376,-269,-106,114,-97,69,-16,0,-68,27,-49
163,-40,-124,358,-278,-51,115,-99,68,-20,0,-64,16,-54
188,-40,-90,339,-251,20,117,-100,68,-21,0,-65,7,-67
-431,-38,-90,70,-267,-1103,118,-101,67,-20,0,-68,0,-74
-361,-34,-112,125,-349,-1042,88,-103,77,1,31,-65,147,-85
-272,-15,-118,196,-412,-980,87,-105,72,1,26,-69,150,-82
-173,8,-105,302,-442,-907,87,-105,72,2,20,-68,146,-76
105,-340,-44,-331,189,66,87,-109,75,3,12,-68,132,-51
106,-340,-100,-296,185,71,89,-102,68,1024,-3288,-2495,15,-14
106,-337,-155,-264,182,77,93,-105,70,6,35,-70,28,-11
98,-329,-210,-249,182,100,95,-110,67,15,40,-63,36,5
6,-199,14,130,-296,411,65,-114,76,17,39,-70,-13,-22
150,86,230,142,-266,422,70,-117,75,-18,7,-75,-41,-23
190,97,212,177,-233,412,77,-115,74,-16,3,-71,-57,-32
208,107,214,210,-180,385,83,-111,72,-17,-2,-68,-70,-25
202,132,253,195,-217,-819,76,-90,77,-19,-8,-66,137,-28
-50,49,168,198,-200,-772,74,-88,75,-7,4,-68,135,-28
-9,-57,261,203,-172,-698,73,-86,72,-6,0,-61,130,-30
14,-78,276,214,-123,-606,73,-88,71,0,-3,-59,126,-39
37,-94,284,-235,208,116,52,-117,73,4,-7,-64,-26,-8
58,-109,281,-269,197,143,55,-112,72,-6,12,-72,-18,-12
-1141,3799,2149,-306,174,170,58,-107,71,-11,8,-74,-1,-15
132,-26,-302,-342,133,195,59,-107,70,-13,5,-72,20,-11
124,-32,-275,332,-37,126,73,-103,76,-9,3,-67,30,-40
119,-39,-249,353,-21,89,78,-106,79,-7,-6,-74,22,-51
112,-48,-224,357,-17,56,78,-106,72,-5,-7,-72,14,-53
-247,198,312,355,-21,36,82,-105,68,-2,-6,-70,1,-51
-278,199,295,0,-140,-760,62,-72,72,0,-6,-73,137,-74
-306,199,282,-12,-130,-731,68,-76,68,-1,17,-70,154,-80
-319,198,264,-20,-122,-695,73,-79,66,0,13,-71,168,-80
92,-185,90,3,-115,-646,77,-88,73,1,10,-67,181,-81
71,-197,56,-421,311,96,53,-121,71,3,7,-62,52,-28
46,-210,27,-467,272,122,55,-119,71,11,1,-73,-55,32
19,-224,-1,-510,234,140,58,-120,73,11,-2,-75,-81,15
129,16,-336,-528,182,179,60,-120,72,13,-6,-74,-91,0
126,17,-312,455,-207,262,47,-128,74,17,-8,-71,-85,-1
123,8,-285,471,-177,203,52,-129,74,6,5,-69,7,-44
117,-4,-258,483,-146,146,58,-125,74,7,0,-70,20,-52
-304,120,238,471,-116,115,64,-120,73,7,0,-72,26,-48
-330,113,233,-88,-321,-1015,45,-121,74,6,-1,-72,34,-47
-341,106,220,-55,-340,-989,48,-123,71,-31,-2,-67,56,-45
-350,102,197,23,-351,-960,56,-119,69,-29,0,-69,24,-36
-4,-136,184,125,-350,-917,64,-115,68,-24,0,-68,-5,-27
6,-155,166,-480,148,296,30,-129,79,-16,-3,-66,-30,-25
6,-166,150,-491,114,330,31,-120,76,42,-12,-68,24,11
3,-165,146,-500,70,365,36,-111,75,45,-18,-70,11,10
-11,-70,-736,-501,22,395,43,-104,73,44,-22,-70,-4,9
-35,-78,-666,359,-384,399,37,-130,76,42,-29,-71,-20,10
-56,-87,-582,363,-329,416,39,-132,78,4,12,-71,-16,-52
-66,-103,-491,380,-263,404,40,-131,78,1,8,-67,-15,-58
-137,237,346,401,-180,375,41,-127,76,-2,4,-67,-10,-63
-279,134,305,98,-216,-761,62,-106,75,-22,14,-66,64,-37
-265,83,277,138,-171,-711,59,-108,77,-24,21,-67,66,-46
-240,30,260,170,-121,-651,53,-111,78,-25,26,-68,65,-47
-202,-14,249,190,-66,-584,48,-114,76,-25,27,-67,52,-31
89,-166,-151,-511,-45,460,25,-111,72,25,19,-66,61,22
89,-160,-194,-558,-102,500,22,-112,72,28,22,-69,41,16
88,-151,-237,-589,-175,537,20,-113,74,34,24,-71,24,3
7,9,237,429,-196,381,43,-127,75,-20,8,-70,-37,-20
-15,16,253,467,-126,313,47,-123,74,-15,4,-71,-28,-35
-28,10,231,500,-66,236,52,-116,74,-11,0,-72,-21,-39
-197,122,314,-191,-38,-561,-2261,-1074,-320,-8,-3,-72,-5,-63
-221,123,317,-210,-42,-547,26,-100,77,3,-12,-68,56,-14
-246,123,315,-235,-31,-543,27,-93,78,8,-14,-72,44,14
-273,120,306,-260,-10,-548,29,-83,80,10,-16,-72,30,20
-29,-20,312,-191,294,261,31,-72,81,12,-18,-71,21,12
-21,-43,288,-271,288,275,35,-140,72,12,21,-71,40,2
-6,-61,268,-332,283,285,35,-138,70,12,18,-70,34,-6
10,-79,242,-367,278,293,34,-138,69,11,17,-70,30,-8
108,-20,-332,186,-353,282,30,-140,71,11,19,-70,15,-6
119,-6,-342,162,-318,283,23,-123,75,0,39,-70,42,-41
125,2,-341,167,-309,280,26,-124,72,-3,39,-71,52,-43
125,8,-327,189,-303,263,31,-125,74,-3,38,-70,55,-41
85,24,-62,159,308,-438,35,-126,76,-3,37,-67,51,-27
49,14,-31,128,284,-494,38,-176,64,0,1,-68,82,-61
15,8,-6,88,250,-533,43,-160,71,0,3,-66,85,-64
-15,3,13,46,224,-560,45,-142,76,0,5,-63,92,-60
282,110,77,361,-132,-260,45,-125,78,0,6,-61,92,-51
229,118,121,346,-14,-177,4,-92,79,8,-8,-70,-74,-64
170,122,160,307,84,-108,0,-89,84,11,-9,-69,91,-38
111,120,194,262,155,-57,-3,-87,85,13,-7,-65,95,-42
-11,-159,-124,-390,-293,443,9,-133,77,45,40,-80,101,-45
18,-145,-140,-419,-317,447,9,-125,78,48,38,-79,102,-42
53,-131,-160,-421,-344,447,5,-116,76,51,36,-77,23,-16
88,-115,-182,-382,-357,443,1,-112,78,50,35,-73,33,-14
-84,-71,-54,313,-110,177,21,-132,71,0,4,-68,40,-15
-66,-34,-68,323,-60,169,21,-129,76,0,2,-70,47,-9
-33,0,-86,331,-7,152,22,-126,79,0,3,-69,51,-58
11,15,-111,327,57,130,26,-122,79,1,2,-69,59,-49
-76,99,216,172,112,-193,0,-136,75,-9,-36,-79,74,-44
-40,97,220,145,133,-130,2,-135,78,-8,-41,-65,74,-29
-4,100,219,135,148,-80,6,-131,79,1,-42,-59,82,-26
29,106,208,133,162,-32,8,-129,78,10,-41,-59,67,-7
125,-250,-269,-312,22,204,19,-121,71,11,10,-67,58,-8
100,-230,-322,-297,-9,208,19,-119,70,-25,51,-67,-26,-9
79,-208,-367,-275,-39,215,19,-118,68,-23,52,-67,-23,-13
65,-185,-397,-264,-64,224,18,-118,69,-16,51,-67,-15,-21
1,-8,36,344,-96,126,24,-130,73,-2,18,-69,28,-22
28,1,-21,313,-42,152,25,-131,74,-3,16,-70,33,-26
68,11,-70,285,25,171,25,-133,73,-3,16,-68,38,-35
-132,170,251,-58,-98,-878,19,-146,73,-16,4,-67,75,-29
-124,171,248,-13,-108,-863,17,-149,74,-9,0,-64,65,-40
-120,169,243,19,-107,-833,15,-151,73,-3,-3,-62,56,-49
3196,-2336,-418,38,-99,-786,15,-152,72,1,-7,-61,47,-53
49,-229,-152,-218,120,180,0,-122,71,48,-2,-67,2,-1
40,-222,-184,-232,118,189,0,-125,72,41,-5,-66,2,-6
26,-211,-219,-233,107,190,-2,-128,76,32,-8,-66,0,-11
137,35,-103,421,-481,188,-5,-141,78,-6,53,-69,27,-26
140,33,-69,362,-65,76,-1,-137,75,-12,48,-70,28,-33
140,31,-43,341,-5,59,2,-133,74,-16,45,-70,27,-35
-20,140,125,321,63,32,5,-129,76,-18,41,-69,21,-23
-45,145,125,324,120,-7,9,-140,74,-28,1,-64,117,-53
-77,128,128,31,6,-469,12,-138,73,-17,3,-63,114,-50
15,-52,268,90,12,-429,13,-138,72,-6,3,-61,104,-42
17,-178,61,150,12,-382,857,2546,-602,0,0,-59,92,-41
-6,-204,2,201,9,-335,-8,-154,70,5,15,-60,14,-12
-32,-224,-57,-482,-237,525,-10,-156,71,4,19,-61,17,-14
-53,-235,-107,-469,-313,546,-13,-158,71,5,23,-62,34,-4
150,63,-8,-442,-379,564,3958,83,3340,13,14,-70,29,-2
168,51,-120,494,-95,-23,19,-133,74,8,14,-70,43,-20
221,68,-172,507,-41,-76,21,-134,72,3,13,-69,51,-36
272,82,-201,501,15,-124,21,-137,71,-1,11,-69,47,-27
312,89,-217,481,72,-172,17,-139,71,10,10,-69,51,-37
-139,138,172,-81,-22,-578,-10,-124,74,10,14,-67,52,-44
-127,108,176,-34,-36,-577,-8,-126,73,8,16,-68,58,-49
-119,87,185,-2,-29,-555,-8,-130,72,7,18,-68,64,-62
-110,73,195,49,-17,-521,-7,-132,74,27,-18,-69,-2,-42
5,-186,-55,-234,98,119,-20,-118,74,22,-10,-68,11,-37
-8,-197,-69,-247,117,109,-21,-120,79,19,-2,-67,27,-35
-19,-197,-87,-244,135,104,-21,-120,81,16,4,-66,41,-30
-29,-191,-104,-231,151,101,-23,-118,79,16,9,-70,25,-7
188,106,-50,276,-391,132,-26,-122,76,19,13,-72,28,-5
147,83,-9,345,-339,98,-27,-123,77,22,19,-73,35,-14
68,52,11,391,-289,60,-31,-122,77,-2,-1,-66,62,-17
29,78,150,-15,34,-743,-12,-137,70,-3,-4,-70,49,-18
37,74,165,-12,28,-729,-15,-135,70,-2,-5,-74,37,-33
33,80,180,-16,28,-721,-16,-133,67,-3,-4,-77,16,-38
1,93,205,-15,32,-711,-14,-129,69,-11,-7,-68,-28,-32
-37,-12,240,-319,143,212,-42,-102,83,-6,-4,-67,-55,-23
-68,-40,240,-272,115,190,-48,-104,85,-1,-4,-67,-46,-43
-91,-63,235,-222,87,170,-48,-108,80,3,-7,-71,-38,-47
-103,-81,224,-171,62,169,-43,-112,75,26,5,-73,-46,-9
129,87,-293,82,-519,263,-49,-121,75,26,4,-75,-38,-13
136,106,-216,99,-536,269,-49,-122,75,26,2,-77,-27,-9
139,117,-135,119,-559,277,-49,-124,79,26,5,-76,-7,-7
133,117,-53,144,-571,283,-51,-127,83,-6,-11,-67,60,-51
-220,97,150,-136,298,-811,-27,-132,71,-7,-8,-66,50,-46
-247,92,161,-164,233,-835,-26,-133,72,-9,-4,-67,48,-56
-278,82,167,-182,164,-854,-25,-130,71,-11,0,-66,46,-68
-311,67,167,-198,99,-878,-25,-128,72,12,6,-77,-7,-36
7,-20,266,-132,411,138,-36,-116,76,9,9,-75,-21,-42
-41,-52,257,-166,392,147,-30,-119,71,7,11,-69,-34,-46
-93,-81,245,-199,335,160,-24,-122,67,5,9,-70,-43,-45
-136,-99,229,-232,263,169,-19,-125,65,27,18,-70,-41,-23
-4,-95,-519,262,-335,31,-72,-116,80,26,23,-72,-13,-25
-9,-93,-461,208,-285,53,-63,-116,78,26,27,-76,28,-27
-10,-90,-405,141,-239,76,-55,-116,80,26,30,-77,92,-66
-7,-85,-348,71,-199,103,-48,-112,80,-4,0,-70,53,-33
-59,132,177,214,478,-348,130,172,-1724,-2,-1,-68,45,-36
-116,125,171,222,435,-446,-42,-127,72,-2,-5,-66,41,-41
-178,118,162,220,386,-522,-43,-129,72,-3,-10,-67,33,-44
-236,113,150,197,348,-576,-45,-131,70,10,-2,-68,23,-31
11,-3,254,80,111,52,-45,-132,70,15,-11,-70,11,-31
-20,-11,244,68,122,78,-61,-127,73,18,-19,-71,0,-29
-39,-18,230,49,135,108,-62,-125,73,23,-22,-70,-8,-28
-44,-32,213,25,149,135,-62,-122,73,8,21,-67,-6,-25
121,-61,-316,-145,-301,421,-61,-120,73,4,23,-70,-33,2
127,-47,-303,76,-395,299,-63,-106,80,1,25,-72,-62,23
135,-33,-286,301,-552,72,-58,-107,78,1,23,-74,-51,6
140,-20,-265,317,-581,-3,-53,-108,79,-3,1,-67,46,-31
119,93,126,170,323,-99,-61,-128,73,-2,2,-69,53,-28
71,89,149,46,158,-502,-60,-126,71,-1,3,-72,61,-31
15,84,167,10,159,-500,-58,-125,71,-2,22,-72,73,-35
-41,83,181,-20,171,-497,-57,-123,73,-5,24,-72,62,-36
245,100,-15,-42,182,-493,-63,-122,72,-7,25,-71,60,-38
247,119,13,37,102,161,-64,-120,75,-9,25,-71,58,-30
234,123,44,-11,108,170,-67,-118,75,5,5,-69,73,-7
211,116,72,-77,119,171,-68,-117,74,3,0,-68,85,0
-26,-85,-83,-133,121,184,-64,-113,76,2,0,-66,87,11
-41,-81,-59,-337,-128,230,-65,-111,77,2,-1,-66,86,14
-55,-77,-30,-353,-148,241,-70,-111,76,17,20,-73,43,-22
-60,-74,-2,-351,-169,259,-73,-111,77,16,17,-71,83,-39
54,-79,-127,-327,-172,300,-53,-122,71,14,13,-69,134,-88
15,-94,-100,213,-198,195,-50,-119,74,11,12,-67,103,-46
-9,-105,-69,163,-141,250,-50,-115,78,-4,5,-72,35,-56
-24,-104,-31,141,-87,279,-52,-111,80,-5,10,-72,25,-25
-343,74,16,143,-33,284,-67,-108,72,-5,13,-72,29,-20
-338,71,-6,140,-85,-705,-62,-108,68,-6,16,-68,24,-13
-328,72,-23,174,-98,-632,-59,-110,73,-10,-14,-66,51,-23
-315,77,-36,201,-114,-546,-57,-111,73,-6,-22,-68,45,-34
5,-3,255,217,-132,-462,-83,-96,79,-3,-25,-68,30,-32
13,-32,227,-199,134,54,-86,-97,80,1,-27,-70,25,-39
25,-61,196,-200,132,45,-86,-96,79,22,20,-66,21,-2
35,-91,162,-206,134,47,-86,-97,79,21,20,-65,22,-3
143,-57,-560,-222,135,65,-92,-126,68,23,21,-66,22,0
123,-58,-560,127,-444,210,-89,-125,70,27,22,-69,26,0
108,-60,-547,127,-437,217,-84,-124,70,-4,38,-70,17,-9
95,-59,-532,112,-434,229,-79,-122,72,-2,36,-67,19,-13
-39,93,144,95,-436,246,-83,-116,72,-1,32,-66,22,-17
-54,112,148,74,314,-776,-88,-117,74,0,27,-68,22,-17
-71,127,150,34,280,-810,-88,-117,73,-6,11,-68,149,14
-86,136,153,-6,248,-835,-86,-117,73,-7,11,-67,139,5
252,122,97,-40,215,-853,-75,-98,71,-9,11,-67,124,-3
-41,30,210,-119,188,294,-72,-95,73,-11,10,-69,115,-18
-53,26,203,-153,177,286,-72,-92,75,6,31,-71,81,0
-54,25,196,-184,167,275,-74,-89,76,8,31,-70,77,3
-47,19,185,-211,165,271,-84,-102,72,8,29,-65,77,2
271,-66,-278,-426,-265,435,-89,-103,71,4,25,-62,71,3
277,-54,-300,-399,-262,528,-91,-105,70,3,13,-71,34,10
276,-47,-319,-309,-281,548,-91,-106,71,4,17,-70,15,2
273,-35,-327,-200,-319,509,-70,-86,77,5,20,-69,2,-10
-20,-18,52,160,232,-42,-68,-89,78,5,22,-69,0,-31
-37,-7,80,162,262,-74,-68,-92,78,-4,0,-65,19,-30
-60,12,107,168,293,-113,-69,-95,77,-5,3,-65,21,-31
-83,34,127,151,323,-154,-86,-102,73,-5,5,-66,25,-33
76,-39,7,256,-179,-322,-89,-101,72,-3,6,-68,31,-36
282,90,53,255,-162,-257,-92,-101,73,21,10,-72,-30,-16
266,90,66,236,-152,-197,-92,-102,73,15,5,-68,-31,-21
237,82,83,208,-147,-149,-93,-97,72,13,7,-66,-26,-28
198,68,104,-314,140,89,-91,-96,71,14,12,-67,-18,-33
213,-80,-90,-310,111,120,-92,-98,75,15,14,-71,7,14
247,17,-225,-301,81,158,-89,-98,72,18,11,-70,-7,11
226,33,-215,-302,49,197,-119,-98,74,20,14,-71,-8,-5
203,44,-203,377,-69,-73,-119,-96,72,21,18,-72,-7,-20
175,47,-192,372,-52,-107,-118,-95,72,22,21,-71,47,-15
-59,121,133,360,-37,-113,-115,-93,75,-7,12,-67,60,-26
-219,127,114,53,35,-724,-83,-83,72,-7,14,-67,62,-26
-240,107,109,50,-12,-747,-82,-82,73,-7,15,-69,71,-39
-244,90,95,38,-54,-756,-78,-81,74,-7,17,-69,57,-25
-241,80,83,32,-93,-765,-77,-84,73,18,5,-73,65,-32
-98,11,197,-272,186,181,-95,-85,74,22,4,-71,65,-31
-79,-75,180,-300,180,148,-94,-84,72,25,4,-67,53,-21
-55,-94,205,-332,175,111,-94,-83,73,24,1,-65,42,-21
-29,-121,227,-365,176,78,-95,-80,75,-9,-16,-66,35,-23
5,-153,238,-7,-213,253,-103,-96,71,-12,-15,-66,29,-19
-81,-68,-479,16,-223,252,-106,-95,72,-14,-15,-65,22,-43
-155,-96,-174,37,-231,247,-110,-94,76,-14,-13,-65,16,-29
-155,-97,-134,52,-237,236,-114,-93,74,10,2,-73,15,-26
-154,-90,-91,281,417,-323,-96,-119,67,10,-2,-77,16,-31
-154,-78,-53,229,408,-397,-102,-122,65,13,-3,-74,94,-52
-222,167,160,182,379,-480,-107,-123,65,11,-11,-74,103,-41
-231,137,137,127,347,-553,-109,-122,67,-1,-8,-63,112,-38
-244,125,124,96,160,69,-103,-45,82,-2,-6,-68,130,-40
-235,127,126,67,169,102,-87,-38,82,-5,-3,-69,5,6
125,-208,-115,30,176,126,-70,-33,81,-8,-2,-68,20,5
116,-223,-140,-5,180,144,-56,-28,80,17,41,-73,23,15
106,-229,-168,-341,-144,257,-111,-92,67,21,40,-73,33,14
96,-228,-197,-312,-161,249,-111,-93,68,22,40,-71,-64,4
-12,-62,-166,-290,-209,239,-114,-96,68,21,59,-74,-50,-9
-43,-78,-100,-273,-245,232,-116,-98,67,15,69,-74,-21,-34
-73,-88,-27,317,81,130,-108,-89,71,9,74,-71,41,-64
-90,-94,15,307,137,112,-109,-92,70,3,71,-69,28,-36
-159,173,133,293,182,84,-110,-95,70,-22,19,-72,32,-31
-188,166,134,274,221,45,-111,-96,68,-23,26,-67,34,-27
-222,147,136,40,56,-225,-118,-56,77,-23,32,-62,36,-19
-253,120,135,47,42,-209,-134,-32,86,-24,36,-61,-46,-19
97,-65,109,58,22,-193,-138,-27,87,45,38,-67,-38,-26
64,-82,101,78,-5,-166,-139,-22,85,37,32,-67,-28,-26
32,-95,81,-373,116,164,-134,-24,80,32,28,-69,-8,-29
-2,-102,51,-339,94,184,-116,-75,67,29,26,-71,0,-1
204,-49,-347,-309,67,194,-118,-70,69,5,11,-70,-5,13
192,-39,-346,-282,41,198,-114,-70,69,2,12,-71,-8,11
177,-28,-345,185,-469,321,-107,-72,68,0,14,-73,-9,4
162,-15,-346,248,-450,302,-120,-51,78,0,16,-76,49,-49
-177,95,212,330,-421,269,-121,-56,78,-7,-14,-68,22,-35
-211,101,212,377,-369,242,-123,-57,77,-8,-15,-68,25,-35
-232,104,201,77,-114,-763,-115,-67,72,-7,-16,-69,27,-40
-247,104,186,110,-137,-725,-116,-65,73,-6,-18,-68,24,-43
73,205,340,142,-161,-668,-116,-62,71,28,8,-71,-1146,281
41,183,375,165,-188,-602,-115,-59,71,29,11,-69,70,11
18,162,403,-127,139,24,-119,-57,72,29,11,-69,73,25
2,135,424,-144,145,19,-119,-57,75,27,12,-71,85,26
146,38,-742,-162,152,18,-116,-57,75,0,21,-68,85,34
143,45,-779,-173,157,21,-113,-58,74,-1,28,-61,-35,-39
127,47,-802,291,-479,120,-122,-47,75,-1,28,-63,41,-17
114,44,-822,338,-473,64,-122,-49,75,-3,28,-64,38,-2
-227,277,384,328,-418,60,-123,-49,76,-12,21,-71,40,-2
-200,230,348,316,-382,64,-126,-48,78,-11,18,-71,41,-14
-148,213,313,103,330,-351,-97,-62,78,-10,14,-70,35,-21
-80,228,274,95,288,-401,-103,-66,74,-7,9,-68,45,-32
148,-99,-56,73,251,-430,-106,-65,69,-20,42,-72,53,-32
222,-63,-66,51,216,-460,-114,-67,77,-16,37,-73,67,-36
281,-30,-74,-178,206,74,-129,-47,76,-8,36,-75,23,-40
327,8,-68,-209,217,59,-127,-46,73,-1,37,-77,39,-35
36,-164,-307,-230,226,43,-127,-47,73,20,3,-65,59,-26
18,-164,-322,-243,234,27,-128,-49,75,21,7,-65,79,-14
1,-160,-329,-188,-500,528,-135,-36,74,21,11,-66,113,-63
-12,-150,-330,81,-613,362,-137,-34,77,24,15,-66,72,-20
272,3204,370,262,-726,185,-143,-31,80,-10,33,-67,49,0
184,249,132,185,19,102,-123,-54,73,-11,28,-71,75,-27
241,279,136,163,68,122,-124,-55,75,-10,27,-75,71,-29
285,306,142,138,111,136,-125,-57,76,-5,-12,-63,59,-23
306,327,152,118,139,135,-123,-57,73,-7,-13,-64,48,-23
114,-190,-145,256,-322,-491,-118,-20,75,-6,-11,-67,19,-20
196,-149,-135,267,-339,-427,-119,-23,74,-3,-5,-68,33,-20
270,-89,-123,274,-330,-355,-121,-26,75,2,-19,-64,46,-21
322,-20,-106,272,-297,-280,-124,-28,75,5,-12,-67,52,-18
42,-113,-26,-26,146,18,-119,-26,75,8,-6,-72,13,-15
54,-106,-27,-206,72,161,-119,-30,76,16,14,-72,23,-6
67,-107,-37,-237,35,191,-118,-34,76,15,17,-70,33,-2
81,-114,-52,-273,-10,220,-118,-38,75,13,15,-70,47,-3
-51,-5,123,-307,-66,247,-125,-18,77,7,11,-67,69,-51
-77,13,182,-1465,-3708,-3553,-124,-22,75,-15,13,-67,58,-47
-107,33,242,195,497,-188,-123,-27,74,-13,10,-67,52,-43
-570,24,30,185,519,-263,-126,-28,75,-13,8,-67,53,-36
-575,9,-3,172,527,-346,-124,-28,73,-12,10,-69,64,-39
-553,3,-40,162,511,-414,-119,-28,69,-10,9,-70,76,-40
-520,7,-68,94,44,112,-117,-30,69,-6,10,-72,93,-37
-78,-143,230,36,72,110,-128,-18,75,-4,8,-70,151,5
-66,-164,198,-10,101,107,-126,-21,76,23,-28,-64,161,13
-54,-183,163,-47,128,112,-125,-23,75,29,-26,-66,143,34
-43,-203,126,-318,-192,207,-125,-23,76,34,-23,-67,145,18
12,-147,-485,-328,-222,229,-140,-15,73,39,-20,-68,76,-65
4,-145,-432,-314,-233,243,-141,-14,75,2,11,-62,149,-97
10,-134,-375,-266,-269,241,-141,-14,75,-2,10,-60,135,-57
18,-111,-319,441,377,-285,-142,-14,75,-8,9,-61,122,-26
-189,129,236,403,373,-391,-132,-33,72,-12,10,-65,54,8
-243,104,261,357,360,-478,-136,-31,72,-7,14,-65,70,-10
-290,89,275,281,-276,-452,-139,-29,72,1,-13,-67,74,-15
176,149,86,307,-267,-367,-121,-7,75,1,-14,-68,-3578,2843
156,160,125,306,-236,-276,-130,-12,78,5,-10,-67,59,-21
132,160,167,-153,160,125,-128,-11,77,-2,36,-71,74,-16
118,-145,-154,-141,160,118,-127,-10,76,0,31,-74,85,-12
142,-126,-194,-130,155,114,-129,-9,77,3,24,-74,87,-6
163,-112,-238,-121,151,106,-151,-13,71,6,17,-73,87,-35
173,-110,-280,161,-189,76,-150,-11,71,1,41,-70,178,-69
-29,-26,152,63,-185,156,-150,-8,75,0,41,-69,154,-39
-10,-20,143,-22,-189,224,-148,-5,74,0,39,-70,94,-3
18,-13,128,-83,-207,270,-133,-26,73,0,32,-73,8,-26
51,-7,108,58,336,-361,-133,-24,74,-2,8,-70,3,-27
-378,-40,127,25,320,-390,-135,-23,75,-3,7,-70,-1,-28
-352,-35,108,0,308,-412,-136,-20,73,-3,5,-72,-8,-30
-334,-44,88,-20,297,-422,-127,-16,72,-2,5,-71,62,13
-328,-63,67,103,99,201,-126,-13,71,26,-2,-65,47,16
-64,-102,334,52,111,245,-126,-9,71,16,0,-62,39,6
-53,-131,296,-4,128,279,-117,1,74,8,4,-63,16,-16
-37,-154,255,-345,104,199,-130,6,72,19,10,-65,2,-20
-24,-177,212,-366,66,229,-132,6,72,16,13,-67,-8,-22
103,-49,-500,-384,20,263,-133,7,72,14,18,-69,-18,-19
122,-40,-486,-398,-34,303,-132,6,73,13,21,-70,54,-18
144,-27,-461,445,-146,-77,-136,-19,72,-18,8,-74,49,-3
164,-10,-430,442,-145,-101,-139,-15,74,-13,7,-71,42,11
-72,102,166,440,-127,-113,-140,-11,72,-6,0,-68,36,-8
-95,98,181,1174,-12,-8,-139,-8,71,0,-5,-67,30,-22
-127,91,197,89,-37,-609,-120,2,73,-2,32,-73,27,-32
-172,84,213,126,-30,-572,-126,8,69,-7,30,-74,26,-37
-19,96,337,164,-21,-522,-136,12,72,-14,25,-73,18,-22
16,90,347,197,-12,-472,-142,13,73,-17,21,-71,22,-29
57,85,352,-200,105,87,-110,-9,69,20,14,-66,29,-32
89,70,349,-96,7,152,-111,-11,69,10,17,-66,32,-31
108,-105,-520,-118,-8,166,-116,-11,70,0,19,-66,22,0
82,-123,-537,-137,-25,181,-121,-10,71,-9,24,-66,27,-15
61,-127,-542,-161,-40,195,-133,16,78,-15,44,-66,10,-16
47,-116,-539,350,-89,-119,-136,15,78,-16,38,-68,-14,-19
156,132,120,361,-94,-189,-136,10,76,-15,31,-69,34,-1
134,188,128,350,-92,-208,-136,6,72,-15,22,-68,27,-8
109,224,121,333,-85,-193,-138,0,69,-1,1,-68,27,-20
89,232,111,20,66,-442,-133,0,73,0,0,-67,28,-30
-24,-67,22,142,-23,-244,-126,0,73,1,-2,-66,36,-3
-14,-70,27,157,-42,-207,-124,2,75,2,-1,-66,26,-1
0,-50,26,157,-62,-163,-132,21,73,9,22,-69,38,-11
26,-22,22,151,-81,-132,-134,17,73,6,23,-67,36,-9
186,-233,-101,-192,101,166,-137,14,74,4,26,-67,18,20
198,-214,-146,-173,72,181,2712,265,-2771,3,26,-68,12,18
207,-192,-187,-154,42,194,-146,45,76,23,23,-76,6,8
212,-169,-218,-145,15,209,-142,46,79,21,28,-73,-3,3
-40,21,214,199,-252,277,-140,45,83,18,34,-72,5,-22
-45,19,260,218,-206,252,-136,44,84,17,41,-74,5,-20
-42,26,303,241,-166,245,828,970,363,-3,-11,-72,7,-25
-360,22,64,66,3,-715,-136,16,69,-4,-11,-71,110,0
-379,4,49,35,10,-709,-138,16,70,-6,-10,-70,118,3
-395,-19,35,23,18,-697,-140,18,69,12,25,-70,115,11
-406,-49,25,31,27,-667,-141,19,69,15,21,-70,117,10
39,-208,-132,-270,186,66,-120,22,71,20,23,-67,28,12
47,-193,-163,-261,176,71,-119,28,71,25,25,-66,26,10
52,-175,-188,-253,166,70,-121,35,73,20,16,-69,22,9
50,-164,-211,-249,157,70,-124,39,76,27,22,-76,20,5
104,52,-55,92,-192,103,-136,29,70,25,23,-76,34,-46
70,24,-25,30,-169,136,-136,23,70,21,26,-74,65,5
25,2,8,-10,-172,171,-135,19,68,18,27,-73,66,0
-19,-7,44,-25,-177,203,-137,17,69,-4,-10,-66,66,-5
-386,81,121,-58,295,-454,-122,23,75,-4,-8,-67,65,-30
-400,64,117,-79,311,-489,-123,25,73,-2,-6,-66,66,-18
-408,47,111,-92,322,-523,-123,28,74,0,-6,-67,72,-9
-406,37,106,-98,317,-563,-124,31,75,28,23,-70,79,3
-102,-122,81,-118,299,-26,-131,45,73,25,23,-70,132,18
-112,-142,49,-134,296,-37,-129,38,72,22,20,-71,143,24
-117,-156,13,-150,305,-42,-126,33,72,20,18,-71,122,38
3971,190,-245,-180,321,-34,-124,32,72,3,-1,-66,116,39
79,-37,-363,156,-241,83,-122,53,74,-1,9,-70,17,-16
60,-29,-354,119,-184,103,-119,47,77,-5,23,-70,7,-20
44,-22,-349,98,-169,131,-116,38,78,-9,34,-70,-4,-25
36,-16,-342,80,-173,156,-115,29,76,1,36,-74,-2,-31
-49,191,266,57,181,-563,-124,37,72,0,34,-70,14,-20
-86,207,274,42,150,-605,-124,29,66,-2,28,-67,20,-10
-119,218,279,28,122,-616,-124,26,65,-2,21,-71,30,0
66,199,78,156,-33,15,-135,64,72,0,21,-73,42,-27
116,241,108,126,-36,62,-131,61,74,0,16,-71,35,-25
152,253,156,108,-41,99,-127,57,75,4,12,-69,27,-17
169,226,215,103,-41,126,-119,50,75,10,10,-66,21,-11
136,-121,-296,-273,-125,347,-710,513,-845,12,-17,-67,8,9
137,-112,-326,-255,-172,333,-118,59,72,13,-18,-68,-1,18
140,-99,-357,-250,-201,320,-120,57,74,14,-17,-68,-16,21
143,-88,-395,-264,-227,311,-120,58,74,13,-14,-67,-14,6
124,38,83,438,-36,-7,-122,62,75,-4,-4,-70,3,-43
143,52,92,403,0,-12,-134,30,69,-5,-7,-69,11,-40
145,64,101,363,46,-21,-133,31,69,-5,-9,-70,19,-44
143,83,104,322,99,-27,-136,35,71,-6,-8,-71,31,-40
-165,-140,3,177,-170,-618,-136,42,69,9,5,-71,48,-23
-85,-103,-22,199,-161,-570,-114,64,78,8,4,-72,58,-17
-12,-73,-38,217,-146,-520,-113,66,77,6,5,-73,66,-10
50,-54,-40,237,-127,-464,-114,63,75,4,6,-73,62,-1
85,-182,-41,-450,147,126,-113,61,73,6,14,-73,52,24
104,-172,-81,-439,139,112,-125,48,70,7,15,-67,44,17
114,-161,-120,-423,134,107,-125,52,70,6,10,-67,35,10
117,-151,-153,-408,125,116,-128,57,70,6,3,-65,31,1
20,24,-9,75,-238,315,-129,63,69,-4,37,-72,48,-50
10,27,18,103,-208,302,-120,37,76,-5,32,-73,27,-41
7,17,37,156,-185,268,-118,29,75,-7,27,-73,17,-29
12,12,60,216,-153,218,-117,20,72,-8,20,-72,11,-18
-280,-55,126,-60,170,-508,-117,14,71,0,15,-72,43,-3
-296,-75,105,-2,-78,-678,-116,70,74,-2,17,-71,55,5
-310,-103,88,6,-85,-655,-118,69,74,-4,19,-69,55,17
-324,-120,79,0,-77,-628,-118,68,72,-3,21,-68,62,21
2,89,417,1,-64,-597,-119,67,73,4,22,-68,54,-8
-1,58,439,-384,182,129,-119,52,71,3,20,-70,55,-2
-5,30,449,-366,175,110,-120,54,71,2,19,-71,55,3
-12,4,453,-351,170,89,-117,54,70,0,17,-72,58,9
163,-44,-943,-338,167,69,-113,56,75,14,50,-69,-35,-4
149,-113,-934,-40,-478,395,-106,72,66,11,49,-68,-35,-13
136,-182,-909,68,-493,315,-109,77,68,9,46,-69,-28,-26
130,-245,-865,272,-535,208,-112,83,72,9,43,-71,-25,-32
-78,471,374,447,-573,68,-115,89,78,0,-3,-69,11,-45
-164,421,384,77,344,-750,-110,58,68,0,-5,-68,8,-43
-238,358,393,38,303,-778,-113,57,71,1,-6,-68,10,-41
-305,278,397,-5,258,-801,-116,53,74,3,-7,-68,15,-32
145,-31,392,-88,171,98,-104,46,74,30,-5,-70,39,31
144,-80,367,-117,206,90,-102,49,71,30,-8,-73,37,31
152,-121,338,-143,236,68,-100,53,70,30,-10,-73,33,30
102,-96,-672,-277,-461,714,-104,100,72,15,30,-75,133,9
100,-115,-646,-67,-592,592,-101,103,73,14,31,-75,56,34
98,-131,-613,350,-827,297,-101,106,74,11,30,-76,19,42
91,-140,-572,485,-919,103,-99,112,76,10,31,-77,-21,40
-5,164,276,143,236,-458,-122,70,69,-25,2,-66,44,-6
-70,120,308,105,222,-446,-120,69,70,-22,4,-68,58,0
-138,84,327,83,216,-428,-116,67,71,-17,5,-70,53,6
-210,60,326,78,213,-413,-113,64,71,-12,7,-69,55,5
236,204,157,220,-52,32,-89,74,77,15,18,-68,-2,-47
209,203,207,189,-10,74,-91,86,77,17,18,-70,3,-41
173,188,250,139,22,107,-91,81,77,19,22,-71,9,-33
-3879,-3580,-2005,80,51,133,-88,77,78,21,24,-72,10,-30
140,-87,-559,-617,-376,577,-88,73,79,16,39,-72,-40,-34
125,-99,-549,-537,-390,645,-88,123,72,17,41,-73,-21,-45
108,-109,-539,-421,-415,643,-87,122,75,18,41,-75,7,-45
85,-117,-517,-307,-414,599,-88,121,78,17,40,-76,44,-29
33,126,88,301,317,-411,-85,122,77,-13,17,-72,103,0
-182,64,221,283,310,-504,-105,68,71,-16,15,-75,108,24
-249,52,234,259,287,-588,-109,74,69,-18,14,-75,119,44
-307,40,245,35,65,-242,-111,81,67,12,0,-66,-302,-980
210,97,83,65,55,-215,-82,88,75,12,0,-68,-10,-7
189,93,106,101,45,-180,-82,88,74,10,1,-70,8,-4
166,89,127,132,34,-127,-82,85,72,10,2,-70,0,-1
149,82,145,-339,125,164,-83,83,72,5,3,-70,15,-7
158,-67,-352,-315,77,188,-108,123,69,2,1,-73,74,-33
168,-41,-335,-299,24,218,-105,124,69,-2,1,-70,126,-18
172,-14,-313,-288,-35,255,-101,123,70,-6,0,-69,89,10
171,15,-281,417,95,108,-100,117,72,-13,11,-70,57,37
4,-41,-27,426,144,74,-104,90,71,-12,11,-72,69,3
-10,-39,-28,426,191,29,-104,87,71,-10,10,-74,88,6
-28,-37,-28,-87,4,-726,-104,85,70,2,24,-73,70,14
83,-91,31,209,-24,-248,-86,96,69,4,26,-70,25,-5
130,-57,18,204,-19,-201,-90,90,72,4,24,-69,34,-6
171,-14,4,186,-11,-149,-91,89,75,3,23,-66,39,-5
207,31,-9,161,0,-98,-88,91,74,24,0,-68,53,-3
113,-100,-5,-306,-82,277,-80,98,74,28,-1,-66,29,27
134,-89,-46,-288,-109,291,-84,102,73,31,-1,-67,28,19
155,-76,-88,-287,-133,301,-90,104,71,33,0,-69,25,18
182,-62,-122,-289,-163,306,-94,107,69,-12,60,-71,22,15
-18,101,126,361,-246,169,-86,103,75,-14,63,-71,30,-22
-3,93,113,397,-233,91,-90,98,75,-16,64,-72,29,-18
14,86,101,405,-217,24,-92,94,75,-18,62,-73,36,-16
28,79,89,394,-194,-6,-92,91,72,-11,20,-69,40,-10
-276,-71,61,-52,88,-532,-75,102,75,-10,21,-70,44,11
-272,-88,55,192,-120,-398,-77,104,73,-10,21,-71,49,9
-266,-105,48,200,-123,-359,-79,104,71,-11,21,-69,47,10
-255,-122,35,207,-121,-319,-79,106,71,3,2,-69,47,13
-4,99,222,211,-116,-274,-59,98,77,1,5,-68,48,21
-5,92,214,-155,-2,163,-58,96,80,0,9,-68,38,17
-12,74,207,-149,-6,155,-57,94,76,0,14,-67,29,12
-22,46,199,-139,-12,143,-56,96,76,3,13,-70,24,7
140,-50,-247,-122,-19,131,-90,111,68,1,13,-70,9,2
145,-50,-254,-60,-66,70,-90,108,69,-1,11,-69,26,-10
153,-50,-259,-152,-43,205,-88,109,71,0,15,-71,32,-10
16,-4,1,-125,-41,195,-84,103,73,-1,12,-71,38,-10
13,5,5,-93,-33,176,-85,105,71,-1,9,-68,41,-12
7,20,8,-63,-38,135,-84,106,69,-1,5,-65,44,-5
2,33,14,112,3,240,-83,107,70,9,2,-69,41,0
-35,15,29,135,29,229,-66,120,77,10,2,-67,41,0
-41,6,24,157,57,207,-65,120,76,9,3,-67,41,3
-46,0,18,173,81,179,-66,119,75,7,2,-70,59,18
-52,-8,11,0,-115,-524,-68,116,74,2,0,-70,57,17
-35,-95,-24,20,-128,-511,-59,116,76,3,3,-71,58,17
-32,-99,-35,37,-142,-491,-59,116,75,3,5,-70,59,20
-20,-88,-41,50,-150,-466,-61,115,74,4,8,-70,61,7
0,-70,-49,-129,22,220,-62,115,73,7,-1,-67,54,5
58,-45,362,-154,21,229,-47,115,80,1,-4,-65,48,2
75,-92,335,-176,26,231,-44,116,79,-2,-3,-65,44,0
91,-138,300,-198,32,228,-42,118,78,1,0,-66,48,23
106,-178,255,-167,-110,211,-42,115,77,-2,15,-72,44,23
79,-93,-526,-190,-157,225,-61,132,71,0,14,-71,39,21
76,-89,-478,-249,-196,254,-61,136,72,0,14,-69,34,16
79,-85,-433,-262,-245,290,-61,140,71,1,14,-68,36,-17
89,-80,-393,118,20,244,-59,145,71,-7,3,-66,31,-21
21,257,221,114,74,229,-70,109,74,-9,4,-64,38,-25
-49,226,252,117,120,206,-69,107,75,-11,4,-64,45,-26
-131,190,272,122,161,177,-68,107,75,-13,4,-68,97,99
-216,151,280,368,-208,-471,-64,107,75,-3,14,-69,96,81
237,280,280,391,-209,-385,-46,111,78,-3,14,-71,93,62
179,240,336,393,-194,-295,-43,112,78,-2,14,-70,-2592,-1808
123,193,384,384,-172,-206,-40,115,80,0,12,-73,45,53
72,149,417,-443,-3,353,-40,117,77,16,15,-58,43,44
210,-38,-572,-429,-462,631,-40,128,76,13,12,-61,41,35
216,-47,-600,-238,-514,566,-36,128,73,11,13,-63,40,22
206,-68,-617,-73,-569,497,-35,130,72,12,14,-69,32,3
194,-79,-608,-13,-580,458,-31,134,72,-23,19,-77,27,0
-214,58,212,267,265,-117,-75,136,69,-20,11,-73,36,-7
-221,49,177,249,296,-159,-73,136,70,-17,5,-67,37,-10
-229,33,151,220,327,-198,-72,132,72,-15,1,-61,74,42
-239,18,131,187,349,-231,-70,128,72,-10,20,-73,52,46
234,175,2,372,59,-33,-40,109,77,-11,21,-71,38,38
187,210,43,336,102,12,-41,111,77,-11,20,-69,25,28
130,238,92,295,151,56,-39,116,77,-12,19,-69,26,52
73,260,138,239,205,108,-36,123,75,10,10,-69,22,47
225,-106,-314,-222,9,133,-41,127,66,11,14,-69,14,40
205,-99,-331,-221,-1,148,-43,124,67,12,15,-68,7,31
188,-92,-347,-228,-17,169,-40,120,66,13,18,-67,12,-13
177,-85,-364,-242,-36,194,-36,119,68,9,54,-73,13,-7
-35,27,188,431,-208,11,-44,129,73,8,53,-74,19,0
4,99,133,436,-200,-5,-45,125,75,5,50,-76,63,-3
9,91,134,441,-183,0,-44,121,73,-2274,1922,3548,79,11
2,98,143,439,-151,23,-45,117,70,-9,8,-68,92,29
-6,119,145,126,-169,-678,-21,128,84,-9,6,-67,98,48
207,186,423,172,-204,-603,-21,128,81,-10,4,-66,16,-58
173,171,449,209,-229,-532,-25,123,78,-13,0,-67,34,-51
130,152,475,257,-244,-452,-32,116,74,23,-21,-69,41,-41
89,128,500,-600,24,428,-31,166,70,27,-15,-68,1431,472
-32,-146,-595,-675,-62,507,8,166,76,32,-6,-68,15,-7
-42,-130,-529,-766,-191,593,9,160,76,38,0,-69,16,-10
-46,-115,-463,-772,-342,677,8,151,78,-10,31,-71,23,-14
-45,-107,-393,329,539,-922,8,141,79,-15,23,-73,31,-13
-552,0,352,265,439,-1014,-63,109,69,-20,17,-75,81,-19
-524,36,289,200,350,-1069,-58,109,69,-22,10,-74,62,58
-495,65,260,107,282,-1098,-50,110,72,37,-20,-72,59,36
-473,77,259,-29,399,71,-42,112,76,37,-24,-73,50,15
205,-163,-459,-31,417,37,-23,140,64,38,-23,-72,43,-8
179,-139,-488,-28,444,26,-21,131,64,38,-22,-69,-6,41
153,-119,-507,-31,474,43,-20,127,65,6,39,-81,-20,13
125,-101,-514,654,-458,526,-18,126,66,12,46,-84,-28,-15
-26,36,181,714,-351,495,-36,154,67,16,51,-82,-34,-40
8,74,166,776,-260,452,-43,155,67,21,56,-77,-202,-44
29,91,144,817,-159,381,-48,153,68,-941,3019,-2495,61,56
31,98,133,189,-199,-911,-51,151,70,2,-2,-68,42,46
235,218,300,247,-139,-830,3,115,75,8,-2,-67,28,40
231,210,321,318,-61,-718,1,125,75,12,-4,-66,25,29
219,182,356,391,35,-572,-5,130,72,17,-5,-67,14,43
209,142,400,-536,-319,656,-13,134,71,40,-12,-63,19,58
30,-41,-883,-520,-397,697,33,174,76,27,-8,-58,16,66
21,-81,-881,-489,-467,728,25,160,77,15,0,-56,14,53
4,-127,-860,-437,-536,745,20,148,78,6,10,-59,-5,-60
-22,-172,-813,329,594,-762,15,138,78,-34,10,-71,-2,-56
-130,311,337,233,595,-855,-33,144,66,-35,9,-70,8,-55
-135,335,336,157,557,-950,-34,145,65,-36,8,-70,15,-57
-152,327,351,101,490,-1040,-40,140,67,-35,7,-68,67,-22
-178,292,371,-251,375,320,-42,135,70,24,-1,-70,61,-23
288,-304,-236,-263,367,324,-9,138,64,22,-5,-69,60,-20
278,-303,-308,-264,360,326,-9,134,64,15,-10,-65,56,-13
274,-274,-385,-266,351,326,-7,130,65,8,-16,-62,-23,-35
266,-234,-464,283,-1006,553,-4,127,68,3,95,-75,-31,-38
176,158,107,335,-981,551,-6,142,78,-5,90,-72,-25,-39
261,278,82,376,-952,566,-9,143,75,-12,82,-73,-24,-37
324,370,63,442,-909,591,-17,144,75,-14,78,-75,69,85
347,443,68,71,128,-815,-24,142,74,-3,-10,-70,80,106
237,142,119,106,120,-724,9,138,71,1,-12,-69,89,116
229,118,125,151,88,-614,11,138,71,7,-11,-67,100,115
220,96,156,210,36,-491,10,137,70,11,-12,-67,46,66
203,88,213,-371,149,201,9,135,72,26,-21,-68,39,65
112,-144,-508,-331,121,220,27,145,72,29,-18,-70,31,61
116,-129,-498,-293,86,239,30,146,73,34,-13,-69,27,56
122,-108,-478,-267,46,258,33,146,74,38,-8,-68,57,-53
128,-86,-454,207,-232,185,35,144,72,-20,9,-69,65,-36
136,281,129,239,-211,174,-21,137,70,-22,7,-70,65,-9
113,251,138,270,-179,162,-22,136,70,-22,7,-71,59,16
79,225,141,288,-138,148,-25,134,71,-20,7,-73,58,17
42,194,143,3,77,-636,-27,132,70,5,0,-69,58,13
-36,-69,-44,19,33,-650,8,131,75,6,-1,-71,56,10
-7,-65,-30,40,-10,-652,9,131,77,5,-2,-71,57,9
17,-57,-19,62,-51,-641,9,131,75,3,0,-68,41,19
37,-49,-10,-65,-53,245,7,131,72,6,22,-70,10,-7
78,-57,85,-53,-56,235,24,125,73,8,20,-72,9,-2
65,-72,74,-50,-50,221,26,127,75,9,19,-69,6,0
56,-86,56,632,2154,-2182,27,129,77,12,18,-67,16,5
49,-101,36,2,81,12,28,130,75,0,32,-70,15,18
141,-37,-423,-4,68,22,14,141,72,0,14,-72,13,42
128,-34,-416,-25,51,32,13,139,69,1,13,-72,17,57
110,-30,-399,-61,23,46,9,140,69,3,13,-74,17,57
90,-26,-378,130,-152,146,5,138,69,7,13,-77,36,32
69,218,149,211,65,92,8,133,71,0,0,-67,33,26
46,217,147,206,78,85,10,136,71,0,2,-68,27,20
20,204,141,194,91,79,10,137,72,-1,6,-67,27,12
-9,184,135,174,106,69,9,137,71,-2,10,-67,35,31
-42,-69,-60,134,-144,-445,15,130,68,1,18,-72,39,27
-25,-54,-56,61,16,-198,16,130,68,3,19,-71,45,27
-13,-43,-45,61,29,-194,18,130,71,3,20,-69,44,32
-7,-37,-28,71,42,-188,23,132,73,3,20,-68,67,42
103,-8,188,80,56,-175,17,121,73,6,0,-70,61,42
115,-7,178,-80,36,102,16,117,73,7,0,-71,52,41
129,-3,164,-93,36,99,16,114,75,7,0,-71,40,39
146,1,151,-105,35,98,18,113,76,6,0,-69,14,-2
181,-55,-406,-115,34,96,25,135,69,0,16,-67,14,-3
170,-48,-392,-34,-203,177,25,136,69,-1,20,-67,18,0
158,-42,-369,-16,-206,180,27,136,70,-2,22,-69,17,32
145,-38,-348,-2,-213,184,26,137,68,-2,23,-72,52,31
-59,140,131,10,-217,186,20,128,71,-2,4,-67,49,37
-61,132,117,111,166,65,19,127,70,-1,5,-70,48,37
-61,121,106,109,177,51,19,127,73,-1,5,-69,49,35
-60,106,98,104,186,38,18,124,73,0,7,-68,46,26
-68,-72,-39,97,195,27,34,131,72,-2,13,-69,49,69
-67,-80,-34,202,-168,-442,32,131,72,-3,13,-68,49,65
-63,-85,-33,217,-154,-408,31,130,72,-3,9,-70,49,61
-60,-83,-32,226,-137,-364,31,128,72,-4,12,-69,41,58
-101,-66,202,221,-117,-321,43,116,77,14,0,-69,49,28
-77,-58,192,-110,4,182,44,117,77,15,-2,-70,36,22
-43,-48,178,-92,0,179,48,118,76,15,-3,-70,28,17
-2,-41,161,-81,-4,173,50,119,75,15,-6,-67,22,14
167,-69,-287,-82,-5,165,44,134,67,-5,-18,-65,31,-57
150,-68,-251,-135,-98,168,45,135,68,-3,-15,-66,26,-54
133,-55,-216,-146,-93,176,42,137,70,-1,-11,-68,23,-37
122,-41,-178,-154,-93,187,36,140,71,0,-7,-68,25,-20
13,13,7,-148,-98,197,40,112,77,14,14,-71,38,15
19,5,6,172,170,15,43,113,79,12,13,-71,37,17
21,0,5,167,174,-3,47,115,78,9,13,-71,41,18
19,0,6,149,185,-18,50,117,76,6,14,-71,40,19
-37,-71,-69,142,192,-46,40,131,69,-8,15,-70,26,62
-11,-66,-68,229,-15,-177,39,130,69,-8,15,-69,22,49
17,-59,-59,210,9,-120,38,130,72,-10,14,-71,21,34
37,-51,-41,184,28,-70,38,128,72,-11,15,-70,22,20
-48,-71,88,153,39,-21,58,110,76,13,11,-68,54,24
136,-109,32,-61,32,72,58,111,76,12,10,-68,53,23
156,-108,7,-52,36,67,60,113,76,11,9,-67,52,20
168,-110,-25,-46,41,56,63,114,74,12,10,-67,50,14
172,-110,-58,-42,45,45,-2522,-2036,3904,9,2,-66,65,-51
33,47,-8,-80,-250,251,54,117,76,6,6,-68,63,-74
-10,86,30,-50,-222,239,55,115,76,3,10,-71,52,-88
-36,115,50,-23,-204,225,54,113,75,0,15,-70,26,-100
-44,136,52,-3,-196,216,54,114,77,8,0,-67,30,0
-106,-22,13,192,252,-246,57,126,72,7,-1,-67,23,-23
-119,-41,10,165,260,-270,58,128,71,5,-1,-69,24,-18
-134,-62,10,141,268,-291,58,129,70,-2,22,-70,26,-10
-154,-82,13,118,273,-316,58,130,71,-1,22,-69,24,-1
87,198,80,216,26,86,69,109,77,0,21,-69,27,-29
111,224,102,184,54,181,70,111,77,0,19,-70,32,-27
127,241,128,132,76,268,71,113,75,0,-5,-65,37,-21
134,249,156,73,88,341,72,115,73,20,11,-70,38,-14
205,-149,-235,-9,40,72,59,112,69,21,12,-69,25,26
205,-135,-268,-10,31,75,68,116,68,21,14,-69,68,16
204,-122,-298,-15,20,77,74,120,68,22,16,-70,65,5
196,-118,-332,-27,11,83,75,125,68,4,23,-71,61,-7
-40,61,70,347,-225,143,70,104,77,3,23,-70,56,-17
-21,62,60,364,-175,116,68,106,75,3,21,-69,70,36
-7,65,50,367,-119,84,65,108,75,2,20,-69,71,34
5,69,39,352,-61,58,61,109,74,0,-1,-67,70,31
-229,-88,-39,-3058,-1890,-3065,68,109,72,0,1,-68,43,39
-229,-93,-52,215,45,-228,71,110,72,2,4,-69,32,29
-201,-103,-59,183,36,-186,71,111,73,20,9,-71,30,15
54,178,283,143,31,-140,75,112,75,22,11,-70,28,3
56,152,298,98,37,-95,72,83,81,20,13,-69,32,1
48,122,310,-123,90,14,71,83,81,17,10,-68,26,5
38,93,316,-99,92,17,71,84,79,-2,18,-69,19,4
226,-52,-364,-81,98,24,73,86,77,-4,16,-70,16,-1
241,-35,-393,-69,104,31,75,126,67,-7,14,-70,51,21
240,-28,-422,-2,-349,330,76,125,68,-9,13,-70,60,24
229,-32,-448,28,-353,342,75,124,70,0,29,-73,57,22
-7,126,113,56,-342,351,77,122,71,0,26,-74,67,19
-11,141,123,69,-329,359,57,113,73,-1,22,-75,66,19
-16,147,131,19,203,-267,56,113,72,-2,17,-70,54,22
-16,138,133,8,203,-276,59,112,69,-9,19,-68,50,24
-136,-76,-22,3,193,-292,63,113,69,-9,18,-69,54,29
-128,-84,-33,0,178,-311,85,91,77,-6,22,-70,28,20
-128,-90,-43,96,72,-21,83,91,77,2,17,-70,31,21
-122,-89,-50,66,80,19,82,92,76,2,14,-69,36,20
-7,32,161,35,76,52,72,88,75,4,11,-69,36,7
11,-104,18,-288,136,58,72,87,76,9,17,-69,35,6
24,-102,9,-284,130,80,72,88,76,8,16,-69,35,5
34,-104,0,-278,119,104,-3958,-3442,-829,8,17,-68,33,5
44,-106,-12,-271,103,124,92,108,68,9,18,-68,41,5
0,-32,-139,122,-109,293,90,108,68,-14,45,-73,36,-1
-1,-34,-122,168,-113,260,94,107,70,-13,41,-70,40,-4
20,-31,-114,239,-145,222,99,104,71,-10,37,-69,55,-4
33,-31,-117,302,-158,171,94,103,72,-7,32,-71,57,-10
-181,38,160,-19,110,-525,98,105,71,-7,15,-66,59,-12
-196,4,161,-47,96,-541,94,105,71,-7,16,-67,52,-10
-213,-24,161,-73,81,-560,88,103,72,-6,16,-67,51,-4
-228,-45,153,-90,63,-580,82,98,73,-5,15,-68,26,-9
-124,114,214,-132,256,334,96,82,75,17,27,-68,19,-21
-134,110,219,-213,267,351,93,81,79,13,23,-64,17,-28
-138,103,216,-300,274,360,90,80,80,8,14,-62,23,-31
-141,88,215,-386,275,351,87,81,79,4,6,-61,-3,-30
199,-50,-262,-96,-33,46,97,95,74,-16,22,-70,3,-26
196,-59,-283,-119,-21,46,91,95,74,-19,18,-69,5,-23
190,-70,-300,-144,-10,51,84,97,73,-20,13,-68,6,-19
182,-77,-312,-159,-5,53,78,100,72,-22,11,-67,58,-21
0,92,81,221,-83,72,68,96,72,-5,7,-71,47,-19
20,104,77,192,-61,96,71,96,73,-3,2,-71,40,-10
43,117,78,169,-40,113,77,96,73,-3,0,-71,34,1
62,130,83,173,-20,117,83,95,73,-3,-3,-70,41,33
-76,-132,-99,37,-52,-694,104,90,72,-4,12,-69,46,33
-68,-126,-110,50,-60,-687,103,90,70,-3,14,-69,47,32
-52,-107,-121,63,-72,-679,100,90,70,-2,18,-69,48,31
-44,-93,-132,77,-84,-669,95,91,71,0,18,-70,51,30
-103,-91,96,-305,55,156,103,66,77,26,7,-71,50,34
-67,-85,62,-271,47,127,102,66,78,25,6,-71,52,38
-32,-77,36,-236,45,106,100,66,77,22,5,-71,-3040,-751
-1,-69,23,-202,46,95,98,67,76,19,7,-69,27,37
170,-77,-547,-105,-51,52,120,94,68,0,15,-67,22,31
163,-72,-564,-116,-66,62,116,93,68,1,14,-66,17,26
156,-66,-576,-121,-78,73,116,91,68,2,12,-67,12,21
153,-60,-581,-128,-91,85,115,85,69,5,11,-69,62,12
29,542,314,179,-263,292,99,90,74,-8,12,-66,68,10
-16,549,327,175,-209,304,98,91,72,-10,10,-67,72,11
-57,541,329,159,-155,323,94,91,72,-10,7,-67,83,11
-91,512,328,145,-104,346,89,90,74,-10,6,-68,15,32
174,-73,-148,394,-132,-449,82,73,74,0,-3,-66,68,78
222,4,-124,407,-107,-365,85,72,78,0,-5,-65,68,74
247,74,-98,407,-79,-291,90,69,79,1,-5,-64,73,69
244,131,-69,390,-57,-229,93,69,78,4,-1,-69,71,58
160,-192,-288,-43,95,1,107,66,73,20,26,-72,25,21
146,-183,-318,-131,2,159,110,67,74,16,30,-72,25,35
134,-171,-345,-136,-20,169,113,65,75,11,33,-69,23,44
-62,-2809,-434,-136,-55,177,115,63,76,5,36,-66,23,50
-151,83,266,-124,-92,184,111,63,75,-15,39,-72,33,-33
-145,37,248,323,-136,-5,91,67,76,-15,36,-71,29,-38
-145,15,229,315,-122,-25,97,69,76,-12,33,-70,43,-34
-152,10,213,294,-99,-29,103,73,74,-9,30,-71,58,-26
-184,-157,-18,259,-68,-19,111,75,73,2,24,-70,64,35
-67,-83,-18,103,-83,-669,105,64,74,-1,27,-71,69,52
-74,-100,-12,139,-85,-649,117,54,75,-5,28,-70,66,68
-85,-116,5,174,-76,-619,124,51,75,6,2,-70,55,-10
-99,-129,27,208,-65,-580,124,54,76,2,1,-68,62,-1
170,-148,-95,-258,129,44,104,60,74,-2,0,-67,63,12
173,-124,-125,-252,127,49,107,59,73,-6,-2,-65,64,30
174,-104,-164,-244,122,58,108,59,71,-11,10,-69,14,-9
170,-91,-200,-235,115,68,104,60,69,-12,13,-68,18,-10
-99,-24,151,221,-438,373,126,41,80,-12,16,-68,23,-8
-103,-42,166,180,-378,402,125,45,79,-12,20,-67,23,-5
-126,-77,166,158,-336,435,123,48,78,-10,-4,-67,41,3
-150,-109,163,148,-273,445,121,49,78,-14,0,-66,45,11
-176,16,200,-39,63,-464,102,48,75,-16,3,-67,36,14
-197,0,183,-70,65,-462,105,49,76,-17,8,-69,36,16
-224,-27,173,-95,68,-463,107,48,77,-6,8,-68,42,48
-258,-60,171,-103,68,-470,110,46,78,-6,7,-68,42,49
-65,36,273,-170,129,99,119,30,78,-7,6,-68,42,50
-63,27,275,-183,117,101,115,29,77,-8,7,-69,39,47
-56,18,273,-203,113,115,109,33,75,5,-24,-65,17,33
-46,11,263,-223,109,135,104,39,74,5,-19,-67,18,22
122,-61,-505,-39,-211,237,147,39,70,3,-15,-67,18,16
101,-62,-491,-44,-238,252,143,40,71,1,-14,-68,21,14
74,-62,-471,-49,-261,268,138,41,72,-9,35,-72,35,-10
46,-60,-441,-64,-284,285,133,43,74,-10,36,-73,34,-3
16,90,63,199,271,-449,115,66,71,-9,36,-73,32,3
14,80,67,182,247,-509,117,64,68,-9,35,-72,37,11
4,68,74,148,220,-559,120,63,70,-3,19,-72,41,46
-8,66,75,113,184,-595,123,63,71,-2,16,-70,46,36
93,71,-24,85,76,-90,117,35,77,0,12,-68,40,23
107,94,-7,57,97,-26,116,36,76,2,9,-69,31,12
124,108,18,37,110,27,116,35,75,19,21,-69,43,28
134,100,48,30,115,68,116,34,74,16,23,-70,43,36
199,-63,-254,-124,-71,257,159,30,64,11,24,-69,36,42
213,-39,-271,-98,-124,271,154,31,67,6,26,-68,28,48
224,-13,-293,-81,-180,284,147,38,69,-22,50,-70,27,29
229,3,-315,-77,-231,292,138,42,71,-21,44,-72,22,16
-47,83,68,367,156,70,114,41,76,-18,38,-73,16,2
-47,87,70,346,196,41,117,41,76,-13,32,-72,23,-6
-42,88,69,326,231,4,117,43,76,4,-16,-70,33,30
-35,85,64,304,260,-50,116,49,75,6,-16,-68,30,28
-95,-107,35,169,-46,-494,121,25,80,7,-13,-67,24,25
-68,-100,41,175,-30,-439,125,25,77,3161,-548,1275,23,28
-41,-79,47,184,-16,-381,127,26,74,16,0,-63,34,76
-15,-45,50,199,-3,-325,128,28,74,14,5,-64,32,78
103,-113,-94,-251,102,106,119,26,74,10,6,-65,29,77
111,-109,-122,-230,102,100,118,28,73,5,9,-64,25,75
120,-101,-145,-207,99,101,118,30,73,-9,7,-68,-3,15
130,-91,-168,-185,96,104,120,31,73,-6,9,-69,-1,7
18,95,84,147,-428,215,130,17,76,-2,10,-70,-10,-1
-35,93,129,142,-435,227,127,18,75,1,10,-70,0,1
-79,89,165,144,-398,232,127,16,75,-3,2,-71,34,-20
-112,84,194,147,-374,239,128,15,77,-4,0,-73,36,-29
-115,-46,57,65,-122,54,119,27,73,-3,-1,-72,31,-38
-116,-56,48,-28,-36,-736,122,26,73,-2,-1,-72,29,-40
-118,-65,44,-18,-48,-739,126,24,73,2,8,-69,32,27
-120,-74,43,-2,-50,-732,130,23,73,1,8,-71,31,24
93,151,195,16,-41,-709,132,17,75,0,6,-72,35,26
109,161,192,-203,65,91,132,16,72,0,8,-72,39,25
124,160,184,-195,79,74,134,17,72,12,9,-70,15,30
134,142,176,-189,95,62,134,17,72,1,10,-71,13,39
125,-45,-326,-180,109,57,155,10,68,0,10,-69,12,44
134,-39,-325,-126,-407,392,158,7,70,0,9,-69,11,47
135,-37,-318,158,-430,268,157,5,72,0,10,-70,42,17
128,-38,-308,305,-419,156,157,6,71,-12,14,-69,66,20
7,132,86,294,-358,121,140,25,67,-12,10,-72,60,18
18,166,71,132,242,124,137,27,69,-12,8,-71,61,15
30,197,65,150,279,68,132,27,70,-11,6,-70,34,-2
34,228,76,158,308,6,126,31,73,-2,21,-66,33,7
-177,-196,-120,162,323,-49,119,6,79,-5,20,-68,36,24
-136,-147,-88,401,-76,-212,119,5,79,-7,22,-69,39,38
-92,-93,-35,-113,188,148,118,1,81,-7,23,-71,37,6
-47,-38,18,-178,209,198,118,-1,83,13,-33,-67,-10,69
293,-53,-778,-240,222,231,132,7,63,18,-32,-65,-24,79
237,-10,-843,-300,232,241,133,5,63,20,-33,-66,-33,82
190,16,-884,-302,-840,562,137,4,67,21,-34,-67,-35,82
148,44,-934,-181,-857,512,140,1,68,0,61,-74,72,103
-186,297,547,-42,-871,457,147,16,68,-1,57,-74,86,110
-176,327,494,97,-878,389,136,21,68,-3,54,-70,86,105
-167,369,453,187,545,-193,126,33,69,-8,49,-66,94,99
-152,402,414,161,536,-235,114,46,70,13,-11,-59,71,22
-78,-258,-121,100,518,-281,107,-5,76,9,-1,-59,70,33
-23,-189,-127,24,499,-326,110,-5,76,3,6,-63,70,49
33,-127,-134,145,483,-75,114,-10,77,-1,17,-66,77,68
94,-68,-134,-513,468,-31,119,-11,74,-6,8,-62,5,138
-92,-417,-536,-582,473,-17,119,-29,75,-5,2,-66,7,136
-52,-416,-560,-644,483,6,111,-27,77,0,1,-71,10,126
-5,-394,-598,-691,492,35,103,-27,76,10,2,-76,10,111
36,-355,-637,149,-330,35,94,-27,73,-34,45,-66,84,51
-339,35,559,123,-272,14,127,16,73,-39,31,-76,74,30
-297,4,462,88,-251,10,125,6,77,-46,27,-66,59,15
-241,-13,347,48,-262,9,121,-6,75,-50,20,-65,48,0
-170,-16,225,-211,568,-709,115,-9,68,2,-2,-67,106,26
-120,-229,-1,-218,522,-853,104,-5,74,-12,-2,-67,101,42
-86,-202,-7,-213,430,-992,102,-4,72,-10,-4,-71,97,64
-43,-177,-9,-199,288,-1123,101,-2,70,-9,-8,-72,83,83
11,-136,0,-363,299,136,98,4,70,-8,-12,-71,21,115
145,-184,-378,-378,277,127,108,-23,69,39,11,-67,0,107
127,-185,-403,-381,259,120,105,-24,69,38,15,-68,-16,94
112,-187,-419,-377,245,120,103,-26,71,35,18,-72,-33,79
100,-186,-432,184,-751,242,101,-26,72,32,23,-72,27,22
-58,40,121,224,-719,199,134,-12,66,-24,32,-84,40,27
-22,54,85,270,-673,146,134,-5,67,-28,21,-85,45,28
40,83,31,132,288,320,133,-2,67,-31,12,-80,27,-5
118,122,-19,159,341,282,132,-1,68,-33,8,-69,20,-8
-273,-153,46,187,387,203,130,-22,76,-8,20,-68,20,-9
-261,-148,42,219,410,102,135,-27,73,-7,16,-73,22,-15
-242,-152,47,244,-115,-378,140,-31,71,-8,14,-71,-5,42
-222,-161,57,245,-74,-320,145,-35,74,-9,13,-65,-2,33
11,-16,222,252,-24,-265,129,-37,73,3,7,-68,-2,22
33,-16,214,260,28,-207,125,-37,73,6,6,-67,4,10
54,-23,199,-158,103,86,122,-37,73,10,5,-65,4,1
1059,1982,3541,-130,90,98,120,-39,73,15,6,-63,8,2
60,-66,-368,-108,70,121,125,-38,72,11,30,-69,6,-2
42,-74,-304,-89,41,152,125,-38,72,10,31,-70,7,-6
31,-77,-244,369,-149,163,122,-40,76,8,32,-70,31,11
23,-80,-187,387,-135,127,123,-42,79,7,32,-69,37,5
-16,102,61,397,-119,100,120,-13,75,-1,1,-69,41,1
-27,62,60,397,-100,93,115,-12,75,0,5,-68,44,5
-40,31,58,-123,-55,-733,111,-13,73,0,8,-68,28,33
-48,9,56,-113,-70,-746,110,-14,74,-1,9,-70,29,45
-6,62,141,-87,-89,-758,122,-37,72,4,9,-70,35,62
-5,78,154,-53,-101,-753,120,-37,74,7,11,-72,28,66
-1,78,170,-278,134,186,119,-36,75,7,13,-71,10,53
5,66,190,-281,140,155,117,-34,75,8,13,-68,9,47
40,-88,-295,-276,147,125,127,-38,70,0,11,-71,9,41
70,-71,-288,-2403,-1902,2064,131,-40,70,1,8,-69,6,33
104,-50,-293,335,-527,149,134,-40,69,2,7,-67,13,47
137,-34,-301,344,-498,162,137,-40,69,4,5,-64,12,32
-5,52,85,349,-459,171,123,-16,75,-2,-5,-71,20,21
-14,62,84,332,-405,184,123,-19,76,0,0,-69,35,18
-17,77,78,66,203,-547,122,-23,74,0,3,-68,18,31
-12,100,75,46,168,-574,122,-28,74,0,6,-65,21,28
-135,-229,-4,20,135,-597,128,-39,69,-8,15,-68,22,26
-115,-194,-14,-10,105,-618,128,-35,70,-9,15,-68,24,25
-84,-157,-15,-6,195,269,127,-32,73,-10,13,-67,37,-47
-42,-125,-8,-63,184,302,125,-31,75,-11,11,-66,56,-32
99,-166,-82,-119,182,326,103,-48,74,27,14,-70,54,-11
104,-163,-121,-161,169,343,105,-50,73,26,13,-71,49,7
106,-156,-149,-135,-149,305,109,-52,72,24,13,-71,13,52
102,-143,-167,-201,-183,310,115,-54,76,21,13,-70,10,46
18,38,-58,-226,-231,291,129,-52,76,-5,30,-72,11,43
1,0,-11,275,-165,197,129,-50,75,-6,31,-72,36,78
-15,-46,40,273,206,66,129,-50,76,-7,32,-72,35,84
-37,-73,78,249,247,27,126,-49,75,-7,30,-73,34,77
-174,-155,54,220,285,-10,118,-60,73,-14,32,-69,34,70
-169,-149,43,187,321,-47,118,-61,71,-12,33,-66,6,90
-168,-138,40,201,-51,-345,115,-58,70,-12,28,-68,13,79
-171,-133,38,202,-40,-290,116,-54,73,-13,27,-67,18,70
-53,67,315,206,-23,-226,111,-65,77,5,6,-63,24,65
-48,49,301,219,2,-149,111,-69,77,8,7,-64,1,34
-37,33,280,-290,154,23,110,-69,76,11,7,-68,0,36
-22,16,257,-275,156,37,107,-69,76,11,6,-70,-1,38
168,30,-362,-265,155,50,126,-67,71,17,4,-71,0,42
154,32,-352,-258,145,62,124,-67,67,17,6,-73,11,41
138,28,-333,124,-265,425,123,-70,68,16,9,-74,8,39
115,28,-298,137,-222,458,123,-76,70,12,15,-71,14,34
12,40,7,190,-166,466,120,-50,73,-5,0,-68,31,53
-15,31,20,255,-95,447,119,-51,71,-7,0,-71,34,71
-41,19,30,-49,-62,-653,118,-51,70,-9,2,-72,30,84
-59,1,43,-34,-76,-662,119,-51,71,-11,4,-71,29,93
45,237,188,-10,-91,-664,104,-72,76,0,-3,-80,26,-20
56,250,212,5,-106,-659,103,-74,76,3,6,-80,47,14
68,243,239,-220,169,48,105,-71,74,5,16,-75,40,36
78,219,269,-208,178,46,110,-67,72,2,21,-70,50,61
165,133,-513,-206,188,56,122,-95,70,-6,34,-63,4,15
167,142,-557,111,-500,256,127,-92,72,-8,32,-60,20,11
168,138,-605,113,-487,255,131,-87,71,-12,26,-60,19,-7
171,129,-649,119,-484,267,133,-81,69,-15,19,-64,3,-35
-22,258,190,116,-472,287,123,-54,70,-5,-8,-68,40,-15
-29,254,195,85,240,-555,123,-58,71,-4,0,-66,50,-9
-29,248,200,56,198,-601,121,-59,71,-6,4,-64,48,-3
-28,246,211,23,165,-623,119,-59,70,-7,5,-67,41,-2
52,91,29,-1,140,-625,105,-86,78,-9,4,-71,15,-9
58,137,25,-75,267,182,104,-88,75,4,30,-67,26,-8
62,173,33,-141,246,181,104,-86,76,7,30,-69,34,-10
65,192,53,-200,220,171,101,-83,75,8,30,-69,42,-9
123,-110,-353,-248,196,163,118,-100,68,5,25,-67,-28,43
112,-110,-363,-245,-494,663,120,-102,69,11,21,-76,-24,44
103,-101,-371,-90,-537,582,121,-102,72,17,24,-76,0,38
-2680,-374,-782,229,-593,347,121,-102,71,21,28,-74,24,36
-80,115,150,373,-606,156,123,-72,67,24,32,-72,50,-31
-72,106,127,123,364,-458,119,-70,69,-10,9,-68,57,-36
-61,95,109,87,336,-521,116,-67,72,-12,16,-68,61,-38
-47,83,97,55,299,-581,112,-63,74,-14,20,-68,62,-37
49,142,75,38,253,-635,92,-74,79,-17,24,-68,12,10
58,194,92,-136,268,284,96,-76,76,-1,20,-65,23,8
71,234,121,-204,262,265,99,-77,72,0,19,-66,32,7
83,260,163,-259,252,241,102,-78,73,0,15,-66,42,10
205,10,-307,-302,244,218,84,-80,75,-1,8,-66,3,-23
198,23,-332,-69,-607,407,84,-81,79,19,12,-67,-26,-17
189,29,-351,54,-613,363,84,-84,78,19,15,-73,-27,-12
50,74,-63,93,-577,333,99,-92,75,16,22,-75,36,55
50,91,-40,299,325,-237,105,-83,74,-8,-22,-71,34,44
50,88,-17,251,339,-234,112,-72,74,-7,-17,-69,31,29
53,71,0,207,364,-239,116,-64,77,-8,-15,-66,35,12
-13,-69,67,172,387,-265,86,-73,77,-10,-14,-63,17,71
24,-19,52,227,165,103,83,-75,76,24,10,-70,13,51
59,33,45,117,199,148,82,-78,75,19,6,-66,15,37
88,96,45,17,215,180,81,-76,74,13,-1,-63,23,31
148,-34,-142,-52,218,194,82,-94,75,9,-3,-62,10,13
149,-40,-155,-263,-277,352,81,-98,78,15,12,-65,4,8
152,-48,-164,-274,-303,359,84,-103,80,10,10,-64,3,6
157,-58,-175,-277,-328,361,85,-104,79,6,9,-66,2,6
37,-35,14,-294,-352,358,87,-98,74,4,10,-68,12,62
52,-12,38,321,-21,28,110,-92,72,-9,-3,-61,21,55
56,15,72,311,34,47,109,-83,72,-6,-6,-63,27,51
-231,-160,127,294,86,55,106,-70,73,-2,-8,-67,20,6
-232,-191,121,270,132,37,104,-62,73,0,-10,-71,6,9
-242,-229,116,183,-237,-536,104,-98,71,-7,1,-68,14,27
-251,-270,104,214,-245,-468,105,-101,71,-14,-5,-67,15,44
113,-62,168,236,-227,-391,105,-103,71,-19,-14,-66,-11,66
136,-78,112,246,-174,-300,103,-103,70,-21,-16,-67,23,-36
157,-94,56,-253,63,220,81,-112,72,-17,53,-69,34,-35
31,-12,-199,-285,0,254,78,-112,73,-15,48,-65,36,-33
-15,-12,52,-331,-71,296,76,-113,75,-9,46,-65,52,13
-50,-55,75,468,-84,148,88,-75,73,-15,22,-68,38,8
-65,-92,87,490,-26,82,92,-82,73,-15,21,-66,43,20
-153,-88,220,478,39,20,95,-91,72,-16,17,-71,15,52
-181,-136,225,-187,169,-612,81,-112,75,-4,14,-67,15,53
-206,-177,220,243,-235,-599,81,-114,75,0,11,-63,26,61
92,299,180,295,-241,-541,79,-115,74,1,8,-63,17,-5
73,256,221,341,-225,-465,78,-112,74,13,16,-65,21,-8
51,212,257,369,-200,-377,77,-106,74,15,16,-67,24,-13
35,163,284,-223,68,195,78,-101,75,18,16,-69,32,-12
112,-40,-421,-234,35,234,79,-96,76,20,14,-69,5,-41
102,-35,-403,-244,-6,273,72,-134,75,16,29,-75,27,-45
87,-38,-383,-249,-58,307,69,-132,75,14,33,-78,45,-35
65,-47,-355,453,-11,-20,66,-134,76,12,43,-73,58,-11
1,248,83,458,-2,-85,64,-135,77,8,50,-72,32,8
4,243,76,442,0,-133,69,-103,76,-4,20,-69,29,12
7,232,70,416,9,-168,67,-106,76,-3,19,-70,27,19
10,215,67,-154,55,-581,65,-109,76,-2,18,-71,22,21
8,-41,0,-120,32,-605,64,-109,74,-2,18,-70,7,75
27,-42,20,-78,11,-633,73,-103,76,-20,-21,-69,2,65
41,-41,37,-32,-10,-654,72,-104,73,-13,-13,-72,4,56
48,-36,46,-160,14,218,71,-104,72,0,-2,-72,6,44
181,-8,-223,-178,32,209,69,-106,73,12,8,-72,0,41
167,-16,-238,-197,44,198,61,-120,72,7,-3,-72,2,44
155,-24,-256,-207,50,185,60,-121,72,9,0,-72,6,42
143,-30,-271,107,-183,134,56,-121,73,11,3,-72,11,39
15,6,60,121,-164,126,56,-121,74,12,8,-70,36,49
30,37,62,153,-141,114,84,-117,70,-10,-3,-67,22,53
39,73,67,194,-121,73,84,-118,70,-11,0,-67,16,64
42,111,76,70,356,-257,83,-117,71,-10,5,-69,12,74
-229,-252,17,18,355,-288,83,-113,72,-9,9,-69,-15,99
-217,-273,21,-37,355,-320,62,-132,70,-12,6,-70,-16,107
-202,-294,20,-89,354,-356,64,-131,69,-12,9,-69,-9,111
-184,-311,12,-88,104,163,67,-129,70,-7,12,-71,-3,103
45,-65,162,-138,117,171,68,-126,72,-6,15,-71,10,89
66,-81,136,-186,132,182,59,-162,69,13,9,-70,9,94
92,-95,109,-233,148,189,60,-170,71,29,15,-71,9,96
121,-102,77,-104,-428,336,62,-176,67,28,18,-71,7,94
50,40,-368,314,-364,-12,65,-170,63,27,17,-69,2,55
34,16,-322,262,-297,37,64,-110,75,-16,7,-73,15,39
24,-6,-265,204,-263,86,67,-109,71,-13,-2,-68,30,24
111,267,21,188,338,-237,68,-110,72,-13,-1,-70,52,36
96,240,58,171,358,-296,64,-116,70,-13,0,-70,50,31
65,198,93,163,352,-369,66,-111,70,-13,0,-69,55,38
27,153,118,139,339,-426,66,-110,74,-3,5,-67,49,32
82,314,114,114,-29,182,63,-109,76,-2,2,-66,12,35
75,312,151,57,-12,206,55,-148,70,-2,0,-65,15,30
67,296,192,11,11,228,56,-150,71,-3,-4,-64,10,22
58,263,234,-24,37,240,55,-154,73,2,24,-68,10,19
180,-31,-460,-397,-265,341,52,-156,72,5,21,-69,21,-27
169,-18,-459,-394,-309,373,36,-111,85,11,19,-69,24,-61
153,-6,-450,-419,-364,387,29,-115,87,16,18,-67,40,-64
127,0,-434,-501,-377,481,21,-121,87,-2,-11,-71,60,-38
24,370,167,150,106,35,14,-123,84,-3,-12,-66,12,8
0,341,197,126,130,27,52,-139,73,-4,-15,-65,13,8
-26,299,215,112,152,24,35,-124,72,-7,-16,-67,18,12
-51,250,223,99,181,21,37,-122,71,0,9,-69,19,14
30,-92,-67,224,-88,-511,41,-120,72,1,6,-69,0,27
61,-26,-67,272,-99,-458,44,-118,73,2,6,-70,0,18
87,51,-60,314,-115,-388,31,-131,75,10,18,-67,3,8
11,-124,21,-383,194,88,32,-126,77,12,17,-69,11,19
27,-116,6,-356,165,131,32,-135,78,14,15,-70,5,15
56,-122,-19,-325,131,178,32,-145,78,14,14,-70,-3,15
92,-131,-40,-292,90,227,33,-151,76,11,16,-70,-10,18
-36,-138,4,219,-211,230,43,-120,74,6,19,-69,42,2
-21,-131,-7,264,-236,186,42,-125,73,1,23,-70,41,6
2,-103,-33,312,-242,136,41,-127,73,-10,18,-70,36,8
21,-71,-46,339,-229,81,41,-133,72,-9,16,-71,36,18
-280,-176,209,-184,133,-575,29,-131,72,-9,14,-70,2,72
-298,-158,191,-169,93,-609,27,-126,74,-4,17,-71,8,76
-296,-131,165,-150,47,-637,28,-127,74,0,15,-71,7,72
-285,-118,145,-120,0,-658,30,-127,73,1,9,-73,7,66
203,-172,-24,-258,276,0,29,-125,72,2,1,-74,-30,62
218,-181,-99,-276,288,-10,33,-156,66,0,7,-65,-22,59
228,-185,-172,-292,302,-11,33,-158,65,-3,11,-65,-15,55
225,-186,-240,-309,314,-2,33,-158,65,-3,13,-68,-8,52
-36,92,39,191,-233,147,33,-157,65,-4,19,-70,52,94
-49,65,115,171,-192,174,51,-119,70,-29,10,-71,56,107
-51,29,162,158,-167,199,50,-126,69,-29,2,-69,53,104
-49,4,195,130,-161,228,50,-131,69,-29,-3,-69,40,83
-218,-249,130,-96,381,-473,51,-134,70,-28,-9,-70,58,70
-226,-281,112,-169,389,-530,8,-123,77,-11,3,-74,41,69
-231,-317,108,-230,397,-589,9,-122,78,-11,-5,-72,32,73
-219,-345,112,-267,400,-650,10,-118,77,-8,-9,-69,20,75
120,-33,34,-130,188,142,12,-115,79,1,-9,-68,-30,69
136,-98,15,-179,203,123,19,-131,71,6,-4,-68,-32,73
147,-138,12,-230,225,107,16,-133,73,6,-7,-67,-30,75
154,-155,12,-283,253,97,14,-132,71,10,-11,-71,-26,73
83,53,-13,295,-347,91,14,-130,73,12,-8,-65,19,74
63,49,55,282,-323,86,27,-137,70,-40,18,-65,25,67
26,54,116,262,-300,85,42,-129,69,-37,11,-66,31,61
-19,65,166,234,-290,90,42,-129,68,-32,5,-69,42,55
-127,-191,-34,4,303,-779,42,-129,71,-25,0,-71,5,128
-139,-207,-35,-48,-14,-895,17,-137,69,-13,-2,-68,-2,130
