46,2,-73,-110,22,-291,23,-31,74,-14,2,-88,-34,-58,97,9,3216,1759,209
34,22,-35,-94,3,-280,24,-31,73,-8,-5,-79,-34,-60,96,9,3216,1759,209
25,38,1,-89,-18,-283,22,-32,75,0,-17,-70,-33,-54,94,9,3216,1759,209
14,48,19,-90,-37,-303,23,-27,76,7,-29,-66,-30,-43,91,9,3216,1759,209
-6,73,27,-6,73,27,13,-19,74,7,-39,-66,-16,-21,88,9,3216,1759,209
-15,87,36,-15,87,36,9,-17,71,-3,-39,-64,-1,-5,80,9,3216,1759,209
-29,98,50,-29,98,50,4,-15,72,-3,-39,-64,12,4,75,9,3216,1759,209
-29,98,50,-29,98,50,0,-14,75,-6,-8,-75,12,4,75,9,3216,1759,209
-17,-10,192,-151,57,-50,0,-12,78,-7,-23,-87,-28,-16,47,9,3216,1759,209
-13,12,193,-140,16,11,0,-12,78,-6,-26,-89,-25,-5,51,9,3216,1759,209
-15,28,186,-116,14,45,1,4,74,-3,-25,-85,-22,3,57,9,3216,1759,209
-8,34,166,-83,36,46,-4,0,73,2,-20,-81,-20,4,69,9,3216,1759,209
33,29,153,-34,74,20,-6,-1,71,5,-6,-72,-15,-6,87,9,3235,1769,224
48,12,171,-11,88,32,-6,-3,76,2,-1,-66,-14,-12,92,9,3235,1769,224
55,-5,189,11,94,63,-2,-5,82,-3,1,-63,-13,-19,96,9,3235,1769,224
66,-28,193,28,85,111,4,-4,88,-10,1,-63,-13,-28,98,9,3235,1769,224
97,-43,177,35,57,167,10,-4,92,-17,-2,-64,-14,-39,99,9,3235,1769,224
122,-79,151,21,-69,270,23,-2,88,-24,-14,-79,-26,-46,97,9,3235,1769,224
112,-121,154,-9,-148,289,24,-2,82,-25,-17,-86,-38,-47,100,9,3235,1769,224
100,-166,143,-50,-210,284,23,-3,78,-22,-17,-89,-51,-46,105,9,3235,1769,224
85,-197,115,-80,-246,276,19,-2,76,-15,-15,-85,-60,-47,111,9,3235,1769,224
59,-208,83,-81,-248,268,14,-1,75,-7,-15,-74,-68,-49,120,9,3235,1769,224
-26,-189,71,-33,-184,246,13,5,79,-5,-18,-62,-83,-53,128,9,3235,1769,224
-63,-180,74,-1,-138,256,16,7,79,-7,-18,-62,-88,-48,126,9,3235,1769,224
-72,-170,71,14,-109,282,19,4,79,-18,-10,-70,-101,-51,133,9,3235,1769,224
-56,-163,48,0,-109,288,24,0,79,-21,-20,-76,-104,-62,131,9,3235,1769,224
-35,-157,27,-22,-115,282,27,-6,81,-25,-11,-72,-104,-72,132,9,3235,1769,224
-18,-142,37,-42,-131,262,29,-10,79,-21,-19,-71,-102,-77,126,9,3235,1769,224
-7,385,-702,102,91,25,30,-8,78,2,-9,-87,5,-38,78,9,3235,1769,224
-60,360,-692,121,28,36,30,-8,78,9,13,-89,7,-37,66,9,3235,1769,224
-127,320,-680,151,-49,65,-4,-16,69,9,28,-81,8,-34,52,9,3235,1769,224
-182,287,-655,181,-117,90,-17,-9,71,7,36,-70,5,-26,37,9,3235,1769,224
-204,263,-611,198,-148,103,-27,-1,71,13,44,-65,-1,-13,26,9,3235,1769,224
-182,199,-500,133,-136,130,-42,5,84,16,44,-80,-22,0,28,9,3235,1769,224
-157,156,-442,54,-111,122,-49,5,92,10,40,-92,-33,0,38,9,3235,1769,224
-128,116,-386,-12,-85,98,-53,3,97,4,33,-88,-41,-1,50,9,3235,1769,224
-112,81,-341,-43,-67,78,-55,3,96,1,24,-77,-45,-1,60,9,3235,1769,224
-101,54,-294,-28,-55,71,-50,3,86,2,12,-67,-50,0,71,9,3235,1769,224
-97,-17,-143,70,-41,117,-32,-2,70,5,-2,-66,-53,10,96,9,3235,1769,224
-122,-68,-45,88,-43,166,-20,-5,75,3,0,-78,-53,15,110,9,3235,1769,224
-168,-104,60,73,-47,189,-11,-3,83,-4,3,-85,-49,21,120,9,3235,1769,224
-226,-108,138,39,-46,170,-4,2,88,-10,8,-77,-41,23,124,9,3235,1769,224
-259,-89,165,2,-46,128,0,8,84,-11,6,-61,-23,20,117,9,3235,1769,224
-168,-68,104,-28,-61,77,3,9,69,-5,-16,-53,10,14,102,9,3235,1769,224
-66,-67,43,-20,-64,86,4,6,71,-6,-28,-64,19,18,102,9,3235,1769,224
22,-87,-17,-1,-54,107,11,2,76,-15,-33,-78,24,27,107,9,3235,1769,224
100,-109,-52,21,-36,122,20,2,82,-25,-31,-87,26,38,113,9,3235,1769,224
225,-130,-47,40,-13,117,24,4,85,-30,-24,-86,27,42,116,9,3235,1769,224
396,-131,-18,45,8,89,27,0,74,-29,-14,-78,27,43,111,9,3235,1769,224
334,-125,-548,26,78,109,25,-3,72,8,11,-87,12,-12,71,9,3235,1769,224
265,-93,-402,-5,34,110,25,-3,72,10,24,-91,5,-16,60,9,3235,1769,224
207,-70,-269,-57,-44,109,25,-3,72,9,37,-89,-5,-23,57,9,3235,1769,224
164,-33,-122,-111,-120,98,18,-18,76,4,41,-79,-18,-33,63,9,3235,1769,224
135,30,46,-143,-168,85,16,-17,76,0,40,-72,-33,-46,78,9,3235,1769,224
63,152,351,-107,-144,77,19,-12,75,-6,26,-69,-48,-62,105,9,3235,1769,224
31,180,456,-62,-89,73,23,-8,74,-14,12,-67,-54,-60,118,9,3235,1769,224
-36,203,494,-29,-27,58,27,-6,77,-22,-1,-71,-64,-55,129,9,3235,1769,224
-84,202,501,-29,22,31,29,-7,82,-26,-11,-76,-74,-52,135,9,3235,1769,224
-107,176,471,-50,49,7,29,-7,84,-26,-20,-78,-77,-46,133,9,3235,1769,224
-125,119,378,-40,46,63,24,-6,80,-15,-30,-75,-71,-31,127,9,3235,1769,224
-83,100,320,12,43,124,18,-4,77,-7,-31,-72,-63,-22,122,9,3235,1769,224
-25,84,248,69,59,160,11,0,75,0,-28,-70,-51,-18,113,9,3235,1769,224
28,70,178,109,81,169,8,0,77,4,-22,-72,-39,-12,107,9,3235,1769,224
62,55,120,127,92,175,9,1,79,5,-14,-73,-27,-8,101,9,3235,1769,224
81,31,62,93,67,167,15,-1,80,-3,-3,-72,-6,-5,96,9,3235,1769,224
74,28,67,52,38,142,22,-3,79,-9,1,-71,3,-7,93,9,3235,1769,224
72,28,69,14,4,123,31,-4,77,-11,3,-71,15,-11,89,9,3235,1769,224
83,27,68,-7,-26,126,39,-6,75,-11,6,-74,22,-11,88,9,3235,1769,224
86,25,62,-6,-38,146,44,-7,73,-8,8,-79,24,-8,89,9,3235,1769,224
77,28,73,4,-25,168,42,0,74,-5,12,-81,21,-2,91,9,3235,1769,224
4,-33,-57,-307,138,-198,33,3,76,-20,6,-63,-60,-65,130,9,3235,1769,224
5,-29,-58,-273,140,-313,33,3,76,-17,13,-49,-58,-65,117,9,3235,1769,224
3,-28,-57,-228,134,-437,33,3,76,-8,16,-46,-56,-60,106,9,3235,1769,224
5,-29,-53,-187,116,-548,13,-20,72,0,17,-54,-51,-49,93,9,3235,1769,224
11,-30,-49,-152,94,-625,9,-18,74,4,14,-64,-43,-34,77,9,3235,1769,224
22,-25,-55,-86,54,-654,6,-17,72,-5,-6,-76,-19,-2,44,9,3235,1769,224
9,-17,-49,-40,41,-650,8,-18,71,-11,-20,-85,-1,10,27,9,3235,1769,224
-8,-8,-27,12,28,-664,8,-21,73,-10,-32,-89,13,24,9,9,3235,1769,224
-23,1,6,56,8,-686,10,-25,74,-6,-43,-88,27,38,-6,9,3235,1769,224
-30,12,38,83,-18,-693,10,-28,74,1,-50,-87,38,51,-17,9,3235,1769,224
-42,31,74,93,-74,-650,6,-27,80,14,-34,-92,48,54,-21,9,3235,1769,224
-52,30,92,72,-101,-617,0,-21,83,16,-8,-86,43,46,-6,9,3235,1769,224
-55,21,123,26,-134,-583,-6,-15,83,15,14,-68,41,40,10,9,3235,1769,224
-48,7,150,-24,-160,-552,-13,-8,83,10,21,-49,42,33,30,9,3235,1769,224
-34,-8,166,-60,-164,-517,-20,-5,81,11,22,-45,41,27,55,9,3235,1769,224
-19,-26,164,-73,-112,-446,-25,-1,83,17,16,-71,40,12,99,9,3274,1788,240
-17,-20,171,-48,-59,-432,-21,1,86,5,3,-80,38,3,113,9,3274,1788,240
-6,-13,186,-12,6,-428,-15,1,88,-9,-10,-88,32,-4,122,9,3274,1788,240
8,-9,190,19,78,-417,-9,-1,87,-17,-21,-94,21,-11,128,9,3274,1788,240
26,-11,187,41,139,-401,-4,-7,84,-17,-27,-96,10,-18,131,9,3274,1788,240
50,-14,181,52,186,-387,4,-22,84,-12,-32,-93,-1,-22,127,9,3274,1788,240
-66,-174,-182,-2,-90,140,6,-23,83,-22,-16,-82,-42,-21,121,9,3274,1788,240
0,-147,-194,-9,-108,169,6,-23,83,-14,-4,-67,-45,-22,118,9,3274,1788,240
35,-134,-197,-8,-140,223,6,-23,83,-9,23,-32,-46,-26,112,9,3274,1788,240
25,-127,-211,-5,-165,266,43,25,107,-7,33,0,-51,-33,110,9,3274,1788,240
-11,-107,-241,-1,-174,276,49,29,123,-2,18,-3,-52,-41,107,9,3274,1788,240
-55,-16,-332,5,-161,231,39,31,110,-8,-18,-62,-52,-59,102,9,3274,1788,240
-27,34,-345,18,-161,215,38,26,92,-18,-23,-82,-51,-70,99,9,3274,1788,240
23,76,-332,35,-153,196,38,21,77,-33,-19,-98,-51,-81,95,9,3274,1788,240
58,99,-314,51,-126,165,37,10,69,-49,-19,-114,-55,-88,93,9,3274,1788,240
50,102,-302,43,-89,116,36,-7,62,-59,-21,-123,-61,-85,92,9,3274,1788,240
-41,100,-302,-41,-44,28,28,-36,54,-37,-15,-115,-65,-61,94,9,3274,1788,240
-67,117,-313,-35,-35,30,23,-40,51,-19,-9,-106,-61,-48,96,9,3274,1788,240
-67,150,-322,19,-28,61,18,-37,51,-9,-5,-102,-50,-38,97,9,3274,1788,240
-44,190,-324,84,-16,89,8,-29,52,-6,-5,-104,-38,-35,97,9,3274,1788,240
-12,224,-320,120,0,93,-5,-20,55,-5,-6,-108,-26,-35,94,9,3274,1788,240
16,242,-310,91,37,43,-19,-17,62,-12,-15,-97,-18,-35,81,9,3274,1788,240
3,232,-300,77,57,29,-18,-21,67,-18,-19,-86,-19,-30,75,9,3274,1788,240
-14,218,-288,89,69,47,-13,-27,73,-22,-19,-76,-20,-26,70,9,3274,1788,240
-29,207,-278,114,77,81,-7,-30,79,-27,-22,-67,-19,-22,68,9,3274,1788,240
-35,203,-268,142,80,109,-1,-26,85,-25,-29,-59,-16,-19,69,9,3274,1788,240
-26,205,-263,160,75,128,6,-12,83,-16,-35,-50,-13,-18,71,9,3274,1788,240
71,7,-143,76,-93,244,5,-9,76,-16,-35,-50,-32,-10,100,9,3274,1788,240
97,13,-91,66,-81,234,5,-9,76,-32,-22,-81,-24,-14,103,9,3274,1788,240
85,6,-10,77,-53,229,5,-9,76,-32,-24,-75,-16,-16,105,9,3274,1788,240
37,-11,71,95,-29,233,29,6,78,-27,-27,-71,-8,-17,106,9,3274,1788,240
-20,-34,135,94,-18,235,28,7,79,-23,-30,-73,-3,-17,108,9,3274,1788,240
-87,-43,180,52,4,205,35,3,82,-23,-20,-79,0,-13,114,9,3274,1788,240
-79,-24,172,41,24,194,37,2,82,-25,-10,-78,0,-12,115,9,3274,1788,240
-55,0,147,46,43,193,35,-2,79,-23,-1,-73,1,-13,117,9,3274,1788,240
-30,18,111,66,63,193,32,-7,77,-18,2,-68,2,-13,116,9,3274,1788,240
-1,15,67,113,103,172,30,-9,71,-10,-7,-66,3,-2,109,9,3274,1788,240
16,-4,88,113,118,146,25,-7,67,-6,-13,-69,3,4,106,9,3274,1788,240
46,-25,143,87,130,108,20,-7,65,-5,-15,-73,2,12,102,9,3274,1788,240
85,-40,234,41,134,61,16,-7,67,-4,-14,-79,1,19,97,9,3274,1788,240
96,-51,330,-8,133,17,13,-7,72,-2,-8,-85,2,25,90,9,3274,1788,240
151,-12,359,-35,126,-21,13,-7,79,5,8,-88,-1,39,72,9,3274,1788,240
214,33,311,-21,108,-13,14,-8,79,9,14,-85,-5,43,66,9,3274,1788,240
247,75,241,-9,77,10,17,-8,79,7,12,-77,-9,47,64,9,3274,1788,240
196,96,190,-12,42,33,20,-8,77,1,7,-66,-13,50,70,9,3274,1788,240
41,103,206,-36,12,39,21,-4,72,-5,0,-58,-11,50,81,9,3274,1788,240
-434,70,279,-116,-25,13,13,11,69,-23,-19,-61,2,45,110,9,3274,1788,240
-539,50,185,-151,-36,2,4,19,73,-31,-24,-67,10,44,122,9,3274,1788,240
-499,15,-25,-174,-40,0,-8,22,77,-36,-24,-72,10,44,122,9,3274,1788,240
-370,-25,-320,-174,-40,0,-22,23,79,-37,-18,-74,-18,0,110,9,3274,1788,240
-370,-25,-320,65,27,79,-37,23,79,-31,-10,-77,-3,-5,115,9,3274,1788,240
-5,73,191,58,22,118,38,1,72,-36,-20,-84,13,-10,111,9,3274,1788,240
-17,62,188,47,22,146,33,6,77,-31,-13,-85,12,-9,104,9,3274,1788,240
-20,49,177,40,21,164,28,13,79,-26,0,-82,8,-6,98,9,3274,1788,240
-22,36,160,37,21,165,23,15,80,-28,8,-72,3,-1,89,9,3274,1788,240
-19,12,123,22,27,150,21,10,77,-33,17,-63,-3,9,80,9,3274,1788,240
-15,1,106,10,31,160,21,10,77,-33,15,-68,-9,11,83,9,3274,1788,240
-12,-7,88,-1,35,175,23,11,77,-33,8,-71,-15,15,90,9,3274,1788,240
-3,-12,77,-10,37,185,26,13,76,-35,-5,-71,-21,20,96,9,3274,1788,240
-1,-18,64,-16,39,181,25,15,78,-38,-20,-74,-26,24,100,9,3274,1788,240
-17,-27,50,-34,49,122,6,16,83,-32,-39,-83,-26,22,102,9,3274,1788,240
-20,-33,41,-50,55,62,-4,13,82,-27,-41,-82,-22,17,103,9,3274,1788,240
-15,-38,24,-70,61,-21,-13,10,83,-20,-35,-79,-15,12,101,9,3274,1788,240
1,-44,5,-91,57,-123,-20,9,84,-12,-26,-75,-8,5,101,9,3274,1788,240
11,-53,-10,-101,36,-210,-23,8,82,-8,-13,-71,0,0,99,9,3274,1788,240
-17,-63,-3,-89,-19,-143,-11,7,77,-6,11,-67,6,0,89,9,3274,1788,240
-51,-64,4,-69,-28,16,-1,11,77,-7,19,-69,1,5,84,9,3274,1788,240
-78,-63,8,-36,-7,186,7,16,76,-11,20,-72,-9,11,82,9,3274,1788,240
-85,-65,3,1,30,285,15,21,76,-17,16,-75,-22,15,83,9,3274,1788,240
-60,-71,-10,19,54,304,15,24,77,-25,11,-78,-34,16,87,9,3274,1788,240
-33,-77,-34,0,44,282,11,23,83,-34,-1,-78,-44,12,93,9,3274,1788,240
-5,54,116,-81,-90,-434,9,24,83,-34,-1,-78,66,15,85,9,3274,1788,240
-12,51,142,-77,-66,-394,9,24,83,15,-17,-91,62,11,92,9,3274,1788,240
-11,51,160,-69,-39,-365,-19,-23,81,17,-10,-86,53,6,98,9,3274,1788,240
-2,53,168,-48,-10,-358,-21,-18,82,20,-1,-77,43,2,102,9,3284,1798,255
9,52,168,-21,28,-362,-19,-15,81,22,2,-67,31,-2,106,9,3284,1798,255
31,35,178,12,118,-375,-15,-15,84,19,5,-59,11,-5,107,9,3284,1798,255
36,28,187,22,157,-380,-13,-14,86,12,5,-59,1,-5,106,9,3284,1798,255
38,29,192,28,185,-383,-11,-11,88,5,1,-61,-7,-7,105,9,3284,1798,255
34,34,187,24,207,-389,-10,-8,89,-1,-5,-64,-17,-14,106,9,3284,1798,255
10,25,181,8,233,-395,-5,0,83,-8,-17,-88,-27,-34,103,9,3284,1798,255
-4,13,196,8,233,-395,-3,1,78,-5,-18,-95,-26,-45,97,9,3284,1798,255
-6,7,220,8,233,-395,0,-2,74,-1,-15,-95,-24,-55,90,9,3284,1798,255
2,8,232,8,233,-395,1,-8,74,3,-10,-92,-26,-62,83,9,3284,1798,255
10,12,213,8,233,-395,5,-9,77,6,-2,-82,-33,-67,78,9,3284,1798,255
29,-1,183,-47,297,-336,8,0,84,6,1,-61,-51,-65,80,9,3284,1798,255
58,-33,201,-72,285,-250,8,0,82,4,3,-64,-51,-60,82,9,3284,1798,255
94,-60,217,-84,240,-141,10,0,79,-1,3,-67,-51,-52,87,9,3284,1798,255
121,-73,220,-81,188,-38,9,-3,75,-10,0,-68,-49,-47,95,9,3284,1798,255
106,-101,208,-73,100,24,2,-9,78,-13,-11,-74,-50,-45,111,9,3284,1798,255
70,-133,211,-73,100,24,5,-7,80,-10,-17,-78,-49,-41,116,9,3284,1798,255
39,-168,221,-17,-58,32,8,-3,80,-10,-22,-80,-44,-35,118,9,3284,1798,255
21,-190,230,-37,-33,-2,8,-1,80,-7,-20,-80,-39,-28,118,9,3284,1798,255
15,-203,209,-70,39,-23,6,-4,79,-7,-4,-75,-33,-13,117,9,3284,1798,255
-1468,-1625,-2371,-30,76,-15,9,0,82,-10,0,-70,-33,-13,117,9,3284,1798,255
-1468,-1625,-2371,34,107,-6,11,4,86,-11,4,-65,-32,-21,87,9,3284,1798,255
-4,137,-262,92,126,-2,14,6,87,-11,4,-65,-26,-22,77,9,3284,1798,255
0,134,-208,118,129,0,14,6,87,-17,3,-84,-24,-28,68,9,3284,1798,255
-47,74,-153,94,139,-21,8,14,89,-12,0,-92,-20,-38,56,9,3284,1798,255
-72,63,-159,113,161,-5,3,16,86,-12,6,-93,-16,-38,57,9,3284,1798,255
-89,77,-183,142,185,29,-5,11,82,-15,9,-84,-8,-32,63,9,3284,1798,255
-97,110,-211,164,204,58,-15,3,79,-18,8,-70,4,-26,70,9,3284,1798,255
-87,151,-229,166,198,77,-25,-4,78,-16,6,-61,17,-23,75,9,3284,1798,255
-20,219,-242,127,44,127,-39,-6,81,-17,-5,-66,25,-13,82,9,3284,1798,255
-2,220,-244,115,-66,145,-37,-2,82,-21,-8,-70,18,-6,84,9,3284,1798,255
-7,202,-240,118,-167,152,-26,0,82,-22,-12,-78,6,-5,85,9,3284,1798,255
-28,179,-239,125,-228,149,-11,0,88,-21,-14,-83,-6,-8,87,9,3284,1798,255
-49,165,-237,124,-245,147,0,0,95,-18,-17,-82,-14,-17,90,9,3284,1798,255
-51,183,-232,98,-195,159,18,0,84,-9,-21,-66,-13,-31,92,9,3284,1798,255
-35,201,-235,91,-149,175,29,-1,78,-2,-19,-61,-10,-37,92,9,3284,1798,255
-26,216,-239,87,-115,201,33,-5,74,1,-15,-60,-8,-39,89,9,3284,1798,255
-27,227,-241,87,-115,201,30,-12,68,1,-10,-66,-10,-36,84,9,3284,1798,255
-24,228,-246,18,207,23,21,-18,63,-2,-3,-73,-15,-31,80,9,3284,1798,255
-46,190,-256,152,99,79,7,-16,66,-10,0,-78,-26,-26,73,9,3284,1798,255
-63,166,-250,187,46,108,2,-12,69,-8,-4,-78,-28,-29,72,9,3284,1798,255
-1964,167,3473,203,0,133,0,-8,71,-5,-10,-80,-28,-29,72,9,3284,1798,255
-1964,167,3473,212,-39,147,2,-7,72,-869,-227,-888,18,27,96,9,3284,1798,255
24,-105,174,217,-58,144,5,-11,74,-869,-227,-888,30,43,107,9,3284,1798,255
42,-35,158,200,-55,117,-3,13,77,-15,-1,-69,52,64,114,9,3284,1798,255
-25,2,95,201,-45,118,0,13,75,-7,4,-70,62,68,113,9,3284,1798,255
-124,25,50,196,-43,130,3,13,74,-2,8,-71,65,62,114,9,3284,1798,255
-198,31,58,163,-48,146,10,12,76,-4,12,-70,63,54,117,9,3284,1798,255
-185,10,183,77,-59,155,17,12,81,-5,14,-67,49,44,129,9,3284,1798,255
-124,-5,216,46,-70,163,13,10,76,-5,11,-70,44,42,132,9,3284,1798,255
-63,-10,207,31,-72,172,9,9,72,-4,6,-77,38,41,131,9,3284,1798,255
-26,-3,174,39,-56,182,4,8,73,-1,5,-84,33,41,127,9,3284,1798,255
-23,4,146,76,-35,197,-2,5,73,0,6,-85,25,42,123,9,3284,1798,255
-29,18,117,145,-28,235,-5,0,76,0,9,-77,3,50,111,9,3284,1798,255
-47,8,72,159,-23,245,-8,0,75,4,16,-73,-12,56,112,9,3284,1798,255
-54,-10,-2,168,-5,259,-8,-2,73,8,22,-69,-27,63,115,9,3284,1798,255
-31,-25,-98,161,30,272,-7,-5,72,9,28,-63,-40,65,117,9,3284,1798,255
11,-42,-200,147,78,281,-4,-7,72,11,34,-62,-45,66,115,9,3284,1798,255
139,-146,-469,127,118,282,-2,-6,80,7,34,-67,-38,67,105,9,3284,1798,255
344,-194,-649,-75,-2,-140,0,-3,80,5,25,-68,-24,60,103,9,3284,1798,255
552,-240,-769,-55,-7,-116,4,1,75,5,16,-73,-6,44,98,9,3284,1798,255
496,-257,-602,-25,-6,-93,5,0,69,3,4,-82,0,24,94,9,3284,1798,255
167,-206,-203,12,2,-76,4,-3,67,-1,-5,-94,-2,-1,91,9,3284,1798,255
-274,56,369,55,20,-57,4,-11,80,-4,-5,-102,-15,-33,89,9,3284,1798,255
-274,56,369,55,18,-43,0,-9,89,-6,-1,-92,-24,-3,102,9,3284,1798,255
27,0,68,45,15,-28,-2,-4,93,-6,-1,-92,-29,0,102,9,3284,1798,255
23,-4,59,33,16,-11,-2,-4,93,-29,-24,-65,-32,4,98,9,3284,1798,255
14,-7,64,17,26,38,0,17,81,-20,-15,-67,-33,13,90,9,3284,1798,255
9,-13,63,16,33,63,0,20,82,-22,-13,-70,-31,18,86,9,3284,1798,255
6,-21,52,22,40,86,2,20,82,-26,-14,-73,-28,22,83,9,3284,1798,255
0,-32,37,35,49,105,8,17,80,-30,-16,-75,-25,24,82,9,3284,1798,255
-9,-45,18,49,60,126,14,14,76,-33,-19,-78,-21,24,83,9,3284,1798,255
-10,-62,-3,79,74,199,19,8,75,-32,-23,-79,-11,21,84,9,3284,1798,255
-13,-67,-5,97,77,242,20,8,75,-26,-20,-77,-7,21,87,9,3245,1774,270
-17,-71,-8,107,81,267,17,7,76,-22,-16,-73,-4,22,90,9,3245,1774,270
-15,-72,-20,109,89,271,11,7,76,-21,-10,-70,-2,23,93,9,3245,1774,270
-11,-70,-37,105,94,264,4,7,76,-21,-3,-65,0,23,94,9,3245,1774,270
-7,-71,-51,73,108,223,-4,13,77,-24,9,-73,9,25,87,9,3245,1774,270
-15,-74,-43,39,110,193,-3,15,77,-26,11,-80,11,29,81,9,3245,1774,270
-27,-72,-30,9,118,145,0,15,76,-29,11,-81,8,34,78,9,3245,1774,270
-38,-67,-15,-8,133,68,0,12,77,-30,8,-80,1,36,78,9,3245,1774,270
-41,-65,-11,-8,133,68,0,8,80,-28,2,-79,-8,36,83,9,3245,1774,270
-45,-72,-38,-129,-57,-363,2,4,88,-24,-13,-74,-30,22,100,9,3245,1774,270
-45,-81,-54,-141,-56,-325,2,5,88,-21,-15,-72,-36,12,111,9,3245,1774,270
-49,-92,-64,-150,-53,-282,2,5,83,-18,-11,-67,-36,12,111,9,3245,1774,270
-49,-92,-64,-148,-44,-266,2,5,78,-18,-8,-62,-1,25,90,9,3245,1774,270
0,47,66,-123,-4,-264,0,5,76,-18,-8,-62,11,18,102,9,3245,1774,270
0,49,90,-43,135,-228,11,-13,78,-11,-28,-71,31,8,112,9,3245,1774,270
4,37,97,-7,185,-211,6,-15,82,-13,-24,-72,38,8,109,9,3245,1774,270
11,24,93,31,222,-209,2,-16,85,-15,-22,-68,41,10,104,9,3245,1774,270
24,18,82,65,246,-222,1,-16,85,-14,-22,-66,37,12,100,9,3245,1774,270
56,19,65,75,265,-239,0,-11,80,-8,-21,-80,19,9,97,9,3245,1774,270
55,18,63,63,255,-233,1,-10,81,-7,-16,-88,10,2,96,9,3245,1774,270
41,17,63,46,230,-217,5,-8,83,-5,-7,-92,0,-4,93,9,3245,1774,270
21,15,63,21,15,63,9,-6,83,0,0,-87,-10,-13,92,9,3245,1774,270
0,14,62,0,14,62,10,-4,82,3,9,-76,-21,-24,92,9,3245,1774,270
-24,4,83,33,200,-185,8,-2,79,8,12,-63,-42,-46,95,9,3245,1774,270
-15,-3,102,17,174,-138,6,0,75,9,12,-67,-49,-53,98,9,3245,1774,270
-4,-11,117,5,152,-83,3,0,75,8,9,-74,-55,-57,100,9,3245,1774,270
1,-16,125,-4,130,-24,0,3,77,-1,0,-79,-62,-60,103,9,3245,1774,270
2,-18,137,-18,103,26,-6,2,84,-16,-16,-90,-71,-60,106,9,3245,1774,270
7,-18,149,93,277,-133,-7,0,86,-19,-21,-94,-69,-60,104,9,3245,1774,270
11,-19,157,223,257,-31,-7,-1,85,-19,-21,-95,-62,-59,98,9,3245,1774,270
1,-24,160,339,220,90,-7,-7,83,-12,-14,-93,-53,-57,91,9,3245,1774,270
-28,-34,166,413,189,188,-6,-12,83,-5,-4,-86,-46,-53,87,9,3245,1774,270
-77,-66,223,399,132,267,-5,-11,87,0,1,-68,-37,-40,91,9,3245,1774,270
-67,-84,253,312,86,258,-4,-9,88,0,1,-69,-34,-34,95,9,3245,1774,270
-42,-98,267,185,16,245,-3,-5,89,-4,-2,-71,-29,-34,102,9,3245,1774,270
-21,-112,266,63,-66,246,-1,-4,88,-12,-11,-71,-24,-37,107,9,3245,1774,270
104,-20,-229,-53,-184,307,14,-6,83,-21,-20,-74,32,15,98,9,3245,1774,270
96,-21,-221,-46,-226,335,19,-7,78,-23,-4,-72,18,1,100,9,3245,1774,270
60,-34,-211,-12,-265,360,19,-7,78,-26,-20,-82,5,-10,103,9,3245,1774,270
20,-44,-202,27,-291,372,-17,6,80,-24,-31,-87,-6,-18,107,9,3245,1774,270
-42,-22,-210,27,-291,372,-8,7,75,-15,-41,-79,-25,-28,115,9,3245,1774,270
-52,6,-218,27,-291,372,0,9,77,-12,-36,-76,-30,-31,118,9,3245,1774,270
-49,34,-217,27,-291,372,10,10,80,-13,-29,-73,-35,-36,120,9,3245,1774,270
-41,47,-206,27,-291,372,23,12,83,-19,-21,-72,-42,-43,121,9,3245,1774,270
-30,31,-160,27,-291,372,42,8,85,-36,-16,-70,-56,-58,115,9,3245,1774,270
-22,20,-142,27,-291,372,54,3,80,-41,-20,-71,-63,-62,112,9,3245,1774,270
-17,18,-135,27,-291,372,59,0,74,-42,-28,-74,-69,-61,108,9,3245,1774,270
-28,44,-123,27,-291,372,54,-9,67,-40,-42,-83,-74,-55,100,9,3245,1774,270
-33,58,-107,27,-291,372,48,-10,70,-34,-31,-89,-71,-53,94,9,3245,1774,270
-36,72,-92,27,-291,372,39,-11,75,-24,-6,-88,-65,-54,89,9,3245,1774,270
-42,73,-77,27,-291,372,27,-11,79,-21,12,-74,-55,-54,82,9,3245,1774,270
-65,48,-53,27,-291,372,8,-9,87,-10,30,-54,-40,-51,74,9,3245,1774,270
-71,40,-54,-48,67,-144,1,-9,86,1,36,-64,-36,-44,73,9,3245,1774,270
-72,38,-65,-35,72,-137,0,-10,84,6,33,-71,-30,-34,71,9,3245,1774,270
-68,50,-80,-23,73,-130,1,-10,82,1,23,-74,-22,-27,70,9,3245,1774,270
-46,97,-122,0,68,-107,9,-15,75,-6,-10,-93,2,-21,72,9,3245,1774,270
-54,94,-118,-12,58,-97,7,-19,73,1,-18,-94,3,-20,74,9,3245,1774,270
-63,89,-112,-16,54,-92,2,-23,73,10,-16,-94,0,-17,77,9,3245,1774,270
-72,82,-106,-15,54,-93,-1,-24,74,21,-4,-93,-2,-15,81,9,3245,1774,270
-73,81,-99,-16,51,-90,-6,-25,77,29,9,-78,-4,-14,86,9,3245,1774,270
-52,92,-77,-13,33,-70,-9,-21,89,31,16,-48,-3,-15,88,9,3245,1774,270
-52,92,-77,2,30,-67,-6,-18,87,32,13,-52,-25,30,89,9,3245,1774,270
66,20,-126,15,35,-59,0,-17,82,32,13,-52,-31,23,85,9,3245,1774,270
91,-13,-88,9,39,-44,-1150,1825,2935,7,31,-72,-34,14,82,9,3245,1774,270
90,-43,-36,-4,36,-24,-1150,1825,2935,-9,13,-73,-36,5,78,9,3245,1774,270
43,-45,24,-8,7,-14,49,15,78,-42,-27,-80,-33,-9,72,9,3245,1774,270
36,-36,44,5,-13,-20,49,13,72,-44,-35,-89,-30,-14,71,9,3245,1774,270
19,-35,63,15,-27,-31,45,11,72,-43,-39,-96,-26,-17,69,9,3245,1774,270
-3,-44,88,22,-33,-42,37,11,79,-43,-38,-95,-23,-19,70,9,3245,1774,270
-57,-87,156,11,-10,-21,14,14,85,-41,-29,-72,-20,-18,73,9,3245,1774,270
-63,-106,182,2,11,2,6,13,82,-40,-26,-63,-20,-17,74,9,3245,1774,270
-35,-120,213,4,23,17,3,10,77,-37,-22,-64,-20,-17,75,9,3245,1774,270
16,-132,267,18,21,22,7,8,71,-38,-20,-67,-23,-19,77,9,3245,1774,270
80,-154,336,32,7,14,13,5,71,-41,-16,-74,-29,-21,78,9,3245,1774,270
170,-268,599,42,-8,-3,25,7,88,-37,-5,-86,-42,-24,78,9,3245,1774,270
178,-314,720,88,-45,26,25,12,93,-34,-8,-73,-48,-19,77,9,3294,1798,285
208,-305,776,80,-54,33,18,16,90,-25,-15,-63,-51,-10,76,9,3294,1798,285
243,-230,746,26,-53,31,6,17,83,-16,-23,-61,-51,5,76,9,3294,1798,285
282,-94,638,-46,-48,34,-4,13,76,-14,-28,-62,-46,22,79,9,3294,1798,285
169,104,329,-46,-48,34,-8,9,67,-27,-5,-71,-22,51,94,9,3294,1798,285
-92,89,156,-95,-41,39,-5,9,65,-27,12,-74,-7,58,103,9,3294,1798,285
-424,63,-49,-95,-23,40,-4,11,67,-24,23,-72,5,63,113,9,3294,1798,285
-674,89,-291,-48,13,36,-5,12,68,-14,32,-71,18,67,123,9,3294,1798,285
-733,156,-546,107,175,-34,-19,15,73,3,39,-76,28,61,130,9,3294,1798,285
60,27,105,183,285,-89,-22,13,79,3,39,-76,66,43,72,9,3294,1798,285
30,14,126,221,384,-135,-20,11,81,-11,51,-72,63,40,70,9,3294,1798,285
2,4,150,197,436,-178,-20,11,81,-24,42,-75,57,36,76,9,3294,1798,285
-17,2,164,134,417,-211,-11,4,85,-28,31,-81,51,29,87,9,3294,1798,285
-18,3,173,81,342,-216,-16,4,82,-26,20,-83,45,19,99,9,3294,1798,285
6,13,142,92,156,-93,-28,1,74,-16,7,-83,26,8,121,9,3294,1798,285
22,9,129,107,70,-13,-29,2,75,-14,5,-80,11,7,130,9,3294,1798,285
-7,8,132,105,4,41,-25,4,81,-16,5,-74,-4,6,136,9,3294,1798,285
-24,3,133,86,-33,59,-16,6,85,-16,8,-67,-22,10,135,9,3294,1798,285
-31,4,127,53,-61,80,-2,6,85,-14,10,-62,-36,15,128,9,3294,1798,285
-16,-2,126,20,-87,130,20,2,87,-9,6,-65,-55,19,109,9,3294,1798,285
1,-11,116,25,-42,204,29,0,80,-9,0,-70,-61,17,100,9,3294,1798,285
23,-23,96,20,-66,225,36,-1,72,-9,-7,-74,-63,13,93,9,3294,1798,285
38,-29,75,-14,-89,248,40,-1,67,-8,-15,-80,-61,7,87,9,3294,1798,285
49,-30,60,-67,-108,265,42,2,62,-7,-21,-82,-59,1,85,9,3294,1798,285
44,-27,40,-160,-116,239,32,5,66,-8,-19,-78,-56,-13,90,9,3294,1798,285
27,-26,26,-185,-102,192,29,4,70,-12,-13,-75,-53,-20,94,9,3294,1798,285
9,-25,14,-198,-82,132,27,3,76,-18,-7,-72,-54,-27,96,9,3294,1798,285
-1,-24,4,-203,-56,75,20,3,81,-27,-4,-68,-56,-35,97,9,3294,1798,285
-1,-22,-5,-201,11,-37,15,2,84,-42,-7,-66,-64,-43,94,9,3294,1798,285
2,-14,0,-163,87,-129,16,4,85,-45,-11,-71,-67,-45,94,9,3294,1798,285
0,-5,4,-94,151,-287,15,5,84,-46,-16,-76,-1261,1119,1376,9,3294,1798,285
-3,3,5,6,207,-452,14,5,84,-46,-19,-80,-1261,1119,1376,9,3294,1798,285
-3,3,5,88,239,-561,12,5,82,-1842,2613,-3678,0,50,84,9,3294,1798,285
19,13,29,72,206,-637,7,4,79,-6,0,-72,-2,57,95,9,3294,1798,285
4,12,36,20,156,-655,20,-4,82,-12,7,-63,0,49,98,9,3294,1798,285
-15,9,47,-29,114,-664,24,0,88,-17,11,-61,1,35,100,9,3294,1798,285
-35,4,61,-73,103,-655,26,6,91,-27,13,-65,0,24,99,9,3294,1798,285
-42,-2,86,-42,-2,86,24,13,88,-49,3,-85,-8,10,95,9,3294,1798,285
-43,-2,92,-43,-2,92,23,13,86,-53,-2,-91,-13,4,90,9,3294,1798,285
-58,-1,89,-58,-1,89,20,10,83,-50,-7,-93,-17,-3,86,9,3294,1798,285
-92,0,79,-92,0,79,21,6,80,-39,-10,-93,-19,-13,83,9,3294,1798,285
-139,-3,68,-139,-3,68,24,3,75,-29,-14,-93,-19,-23,85,9,3294,1798,285
-179,-5,141,-178,-5,81,28,-5,75,-5,-9,-89,-22,-48,94,9,3294,1798,285
-164,-9,236,-125,249,-312,29,-8,80,4,0,-85,-24,-58,97,9,3294,1798,285
-156,-11,310,-121,289,-311,29,-10,81,11,7,-79,-26,-66,95,9,3294,1798,285
-153,-14,313,-105,272,-229,26,-12,81,15,15,-75,-28,-67,91,9,3294,1798,285
-39,-44,240,73,155,-4,14,-15,86,26,14,-62,-46,-53,87,9,3294,1798,285
39,-64,234,157,83,63,8,-13,83,28,2,-60,-60,-40,92,9,3294,1798,285
89,-81,246,199,3,138,4,-13,78,27,-11,-68,-67,-26,97,9,3294,1798,285
110,-90,263,213,-78,238,2,-16,75,18,-21,-78,-68,-16,104,9,3294,1798,285
118,-98,276,205,-148,320,2,-17,74,3,-27,-87,-61,-11,108,9,3294,1798,285
140,-112,294,147,-199,325,-1,-21,76,-14,-22,-85,-32,0,108,9,3294,1798,285
157,-124,294,96,-206,336,-4,-19,77,-10,-12,-81,-21,7,108,9,3294,1798,285
166,-129,286,55,-218,372,-7,-15,77,-7,-3,-73,-21,7,108,9,3294,1798,285
166,-129,286,44,-227,407,-7,-12,77,-7,5,-63,0,-1,57,9,3294,1798,285
-159,201,-385,72,-226,422,-5,-8,78,-5,15,-61,2,-1,58,9,3294,1798,285
-168,203,-352,204,-151,350,0,1,86,-16,4,-60,0,-5,72,9,3294,1798,285
-177,187,-324,244,-128,313,-8,1,84,-15,-5,-63,-3,-8,82,9,3294,1798,285
-188,162,-293,257,-121,293,-15,0,79,-14,-12,-72,-4,-14,95,9,3294,1798,285
-198,134,-259,254,-112,288,-18,-3,74,-14,-18,-80,-3,-20,106,9,3294,1798,285
-197,84,-192,271,-89,277,-16,-9,76,-8,-18,-84,2,-28,122,9,3294,1798,285
-176,74,-156,278,-118,251,-13,-13,81,-1,-13,-83,6,-27,125,9,3294,1798,285
-149,67,-119,250,-171,213,-7,-17,85,7,-7,-79,8,-27,125,9,3294,1798,285
-129,57,-84,222,-199,187,-1,-20,87,15,0,-76,10,-26,124,9,3294,1798,285
-119,47,-49,213,-202,193,4,-24,85,16,5,-73,10,-25,121,9,3294,1798,285
-115,36,18,-60,60,-110,15,-27,78,15,15,-71,5,-23,113,9,3294,1798,285
-108,29,49,-62,63,-89,17,-26,74,15,15,-72,3,-21,111,9,3294,1798,285
-93,16,79,-52,64,-68,19,-23,73,15,13,-75,0,-20,109,9,3294,1798,285
-86,2,103,-33,64,-58,20,-21,73,15,9,-77,-3,-20,108,9,3294,1798,285
-61,-26,115,-9,54,-59,13,-16,71,16,0,-83,-10,-16,102,9,3294,1798,285
-44,-41,125,-4,45,-47,8,-16,71,14,-1,-83,-13,-12,98,9,3294,1798,285
-53,-46,125,-4,38,-25,6,-18,75,11,0,-80,-14,-8,94,9,3294,1798,285
-60,-37,105,-7,38,-2,5,-19,80,10,3,-76,-13,-4,90,9,3294,1798,285
-51,-28,73,-6,42,9,5,-18,82,9,3,-72,-12,-1,87,9,3294,1798,285
-15,-4,-5,-5,42,-2,8,-18,82,5,1,-66,-7,0,87,9,3264,1788,300
3,5,-48,-10,30,-7,9,-14,81,2,-1,-67,-7,0,87,9,3264,1788,300
26,17,-88,-14,12,0,8,-9,80,-2,-5,-73,-7,-27,98,9,3264,1788,300
26,17,-88,-12,-6,23,7,-3,77,-7,-10,-79,-6,-21,103,9,3264,1788,300
8,-21,81,-8,-22,52,6,0,73,-7,-10,-79,-7,-11,107,9,3264,1788,300
-3,-4,89,-6,-43,77,-10,-9,70,0,4,-75,-8,12,111,9,3264,1788,300
-28,26,50,-17,-55,75,-29,-9,71,3,17,-68,-8,27,107,9,3264,1788,300
-90,48,-9,-37,-70,67,-41,-6,73,9,26,-65,-5,42,102,9,3264,1788,300
-203,40,-79,-64,-82,48,-45,-1,76,13,31,-68,0,56,97,9,3264,1788,300
-365,-18,-212,-128,-85,-13,-33,2,74,13,35,-77,13,73,91,9,3264,1788,300
-318,-35,-282,-149,-72,-32,-26,1,76,11,32,-76,18,74,90,9,3264,1788,300
-200,-30,-379,-158,-47,-34,-20,2,78,12,27,-78,20,72,92,9,3264,1788,300
-45,0,-520,-146,-14,-23,-16,5,77,18,26,-84,21,67,93,9,3264,1788,300
106,51,-666,-1329,-3333,-2540,-15,8,76,20,28,-89,21,61,95,9,3264,1788,300
321,88,-663,52,37,89,-19,8,79,13,36,-85,25,39,107,9,3264,1788,300
329,27,-518,77,88,72,-20,1,84,6,42,-79,27,29,114,9,3264,1788,300
329,-22,-385,94,119,65,-17,-4,84,0,42,-74,25,19,122,9,3264,1788,300
317,-69,-298,107,130,74,-5,-8,78,-4,34,-72,18,12,126,9,3264,1788,300
195,-97,-133,128,116,99,33,-19,77,-6,10,-74,-2,-4,118,9,3264,1788,300
97,-56,19,125,113,96,49,-24,79,-5,-7,-73,-14,-16,110,9,3264,1788,300
7,5,228,108,113,83,59,-26,78,-1,-22,-72,-22,-32,100,9,3264,1788,300
-38,68,435,81,112,69,58,-25,78,5,-32,-71,-29,-44,92,9,3264,1788,300
-11,124,575,58,104,64,45,-23,82,6,-39,-67,-34,-49,83,9,3264,1788,300
59,179,627,41,87,79,17,-15,79,-4,-45,-60,-41,-47,81,9,3264,1788,300
18,170,598,40,86,86,1,-12,75,-7,-42,-62,-44,-16,99,9,3264,1788,300
18,170,598,45,89,93,-6,-9,75,-11,-38,-64,-48,-16,92,9,3264,1788,300
-7,-43,-64,55,98,99,-7,-6,78,-13,-36,-67,-51,-16,85,9,3264,1788,300
-20,-37,-49,60,112,95,-8,-3,82,-13,-36,-67,-50,-16,82,9,3264,1788,300
-70,-39,0,46,119,88,18,5,72,-25,-17,-87,-36,-14,76,9,3264,1788,300
-92,-45,11,41,120,78,17,5,70,-25,-18,-85,-31,-13,76,9,3264,1788,300
-87,-47,9,41,122,67,19,4,69,-23,-18,-81,-25,-9,74,9,3264,1788,300
-60,-42,0,37,119,70,21,3,73,-21,-19,-78,-15,-7,72,9,3264,1788,300
-13,-29,-34,14,76,113,23,7,83,-19,-14,-69,6,-3,71,9,3264,1788,300
-14,-27,-45,-17,37,109,20,8,83,-21,-10,-64,16,-2,74,9,3264,1788,300
-25,-26,-45,-67,-11,79,16,7,82,-24,-6,-64,23,-2,79,9,3264,1788,300
-36,-23,-32,-128,-62,33,7,6,83,-24,-3,-67,22,-4,88,9,3264,1788,300
-36,-22,-21,-186,-104,-11,-1,4,83,-25,-3,-68,16,-4,99,9,3264,1788,300
-7,-22,-33,-279,-109,-332,-13,6,81,-22,-10,-74,0,-8,115,9,3264,1788,300
4,-24,-45,-263,-139,-337,-15,11,81,-19,-14,-79,-5,-10,117,9,3264,1788,300
5,-31,-50,-239,-157,-322,-12,13,80,-15,-16,-80,-7,-12,114,9,3264,1788,300
-2,-37,-46,-219,-159,-300,-6,11,81,-10,-13,-79,-9,-15,112,9,3264,1788,300
-14,-35,-31,-202,-166,-261,10,2,88,-8,0,-71,-18,-27,114,9,3264,1788,300
-9,-27,-37,-196,-172,-269,17,0,90,-9,7,-67,-24,-36,117,9,3264,1788,300
-2,-23,-51,-175,-155,-289,21,1,88,-7,12,-64,-30,-44,118,9,3264,1788,300
4,-24,-64,-141,-111,-317,22,0,83,-5,16,-65,-35,-50,119,9,3264,1788,300
6,-27,-65,-91,-42,-352,22,-3,77,-2,17,-68,-37,-54,118,9,3264,1788,300
-1,-13,-18,50,133,-407,16,-11,67,-3,11,-78,-39,-55,114,9,3264,1788,300
-1,-13,-18,125,217,-418,12,-14,66,-2,10,-90,7,-23,85,9,3264,1788,300
-1,-13,-18,196,298,-400,9,-16,68,-2,11,-96,14,-20,88,9,3264,1788,300
99,2,173,245,365,-351,8,-18,71,-2,11,-96,20,-14,88,9,3264,1788,300
96,-7,171,274,419,-290,8,-18,71,5,-1,-90,23,-9,88,9,3264,1788,300
99,-18,191,295,468,-194,-1,-16,83,14,4,-81,18,1,90,9,3264,1788,300
110,-38,188,282,463,-198,-1,-13,79,20,8,-73,15,5,93,9,3264,1788,300
93,-71,169,252,449,-233,0,-12,75,22,10,-65,12,8,96,9,3264,1788,300
49,-101,164,210,421,-279,0,-12,74,20,8,-63,13,9,96,9,3264,1788,300
-33,-120,227,86,307,-307,-4,-11,78,10,4,-70,13,8,97,9,3264,1788,300
-55,-130,270,15,221,-263,-5,-8,83,0,-1,-71,8,4,103,9,3264,1788,300
-63,-149,290,-38,132,-204,-3,-3,85,-10,-12,-69,0,-1,113,9,3264,1788,300
-56,-165,274,-79,51,-159,1,0,85,-18,-22,-66,-10,-12,126,9,3264,1788,300
-41,-177,239,-1820,430,-1813,10,3,83,-22,-31,-66,-18,-27,139,9,3264,1788,300
-7,-184,193,148,-67,334,29,7,82,-26,-33,-74,-27,-55,158,9,3264,1788,300
11,-182,188,197,-146,367,39,7,82,-27,-24,-76,-33,-66,162,9,3264,1788,300
30,-177,169,237,-191,361,45,10,83,-25,-11,-73,-39,-73,161,9,3264,1788,300
40,-166,126,239,-185,330,45,11,81,-23,-3,-68,-48,-74,156,9,3264,1788,300
34,-133,26,132,-81,243,39,8,65,-17,2,-75,-69,-58,129,9,3264,1788,300
22,-119,10,55,-57,217,33,5,57,-16,4,-81,-77,-43,106,9,3264,1788,300
4,-114,18,-5,-76,193,28,1,58,-20,6,-87,-76,-25,79,9,3264,1788,300
-20,-125,31,-31,-118,170,24,-1,66,-24,9,-87,-68,-5,50,9,3264,1788,300
-46,-144,30,-15,-151,156,25,0,75,-27,9,-82,-58,11,28,9,3264,1788,300
-84,-178,-29,91,-131,187,19,6,87,-20,6,-73,-46,25,20,9,3264,1788,300
-84,-178,-29,138,-76,204,14,7,86,-18,3,-70,-46,25,20,9,3264,1788,300
-148,79,-219,138,-76,204,8,10,84,-19,5,-71,-38,-48,88,9,3264,1788,300
-151,68,-193,138,-76,204,1,11,83,-19,5,-71,-40,-44,91,9,3264,1788,300
-136,61,-162,138,-76,204,1,11,83,-5,-12,-74,-40,-42,97,9,3264,1788,300
-106,25,-83,138,-76,204,10,-21,74,-6,-5,-76,-28,-37,112,9,3264,1788,300
-105,2,-37,138,-76,204,2,-23,74,-4,-3,-73,-19,-34,116,9,3304,1803,315
-104,-15,-2,138,-76,204,-2,-23,73,0,-5,-73,-8,-28,117,9,3304,1803,315
-92,-23,20,138,-76,204,-2,-26,72,6,-1,-77,0,-22,115,9,3304,1803,315
-58,-17,52,138,-76,204,5,-29,76,16,13,-81,0,-10,113,9,3304,1803,315
-50,-25,58,138,-76,204,9,-29,81,17,17,-76,-5,-6,111,9,3304,1803,315
-51,-34,55,-5,52,-16,10,-27,85,20,17,-71,-11,0,108,9,3304,1803,315
-53,-30,37,-11,52,-13,11,-21,87,21,12,-67,-15,5,107,9,3304,1803,315
-43,5,-50,0,41,-24,6,-9,79,11,-6,-65,-16,11,99,9,3304,1803,315
-20,25,-106,13,37,-28,1,-5,73,4,-12,-71,-12,11,94,9,3304,1803,315
15,28,-149,19,37,-30,-4,-5,70,0,-14,-80,-7,10,90,9,3304,1803,315
52,13,-180,13,37,-24,-6,-5,69,-3,-12,-89,-2,7,87,9,3304,1803,315
82,-10,-193,2,37,-10,-5,-5,70,-7,-7,-91,0,1,86,9,3304,1803,315
81,-63,-130,-7,29,3,0,-3,81,-10,0,-75,1,-11,81,9,3304,1803,315
69,-73,-88,-7,22,-4,3,-1,84,-9,0,-69,-1,-17,77,9,3304,1803,315
66,-70,-51,-8,15,-16,6,0,86,-11,-2,-65,-7,-23,76,9,3304,1803,315
71,-51,-19,-14,8,-23,8,1,85,-15,-6,-66,-14,-28,78,9,3304,1803,315
78,-28,7,-22,8,-22,10,3,84,-19,-8,-70,-20,-32,82,9,3304,1803,315
79,-16,47,-6,23,-7,9,5,85,-28,-16,-77,-25,-36,88,9,3304,1803,315
-50,-121,-670,18,35,-1,8,5,83,-29,-22,-76,31,32,105,9,3304,1803,315
165,-70,-568,42,43,0,5,3,79,-29,-22,-76,18,29,104,9,3304,1803,315
266,-73,-514,54,47,-1,5,3,79,0,7,-75,7,26,106,9,3304,1803,315
270,-93,-453,50,50,-5,10,4,74,3,10,-77,-1,20,112,9,3304,1803,315
243,-89,-325,42,52,-10,7,1,78,6,15,-78,-10,12,117,9,3304,1803,315
182,-25,-3,40,59,-21,2,2,88,3,22,-70,-30,-14,123,9,3304,1803,315
141,24,119,40,59,-21,3,6,92,0,18,-69,-40,-26,125,9,3304,1803,315
112,71,216,-34,-39,125,3,8,93,-5,13,-71,-47,-37,124,9,3304,1803,315
92,104,294,-56,-74,129,2,5,90,-12,2,-73,-52,-48,125,9,3304,1803,315
71,122,367,-62,-90,125,0,0,85,-22,-9,-75,-56,-60,123,9,3304,1803,315
-72,145,489,-43,-73,80,-2,-7,84,-29,-31,-79,-67,-72,115,9,3304,1803,315
-111,156,539,-25,-55,59,-1,-6,82,-26,-38,-75,-73,-70,109,9,3304,1803,315
-134,154,547,-8,-37,44,-1,-4,77,-21,-41,-72,-77,-66,101,9,3304,1803,315
-143,143,526,6,-24,41,-1,-5,73,-16,-40,-71,-77,-59,93,9,3304,1803,315
-134,129,499,16,-15,53,0,-9,72,-16,-36,-71,-72,-50,83,9,3304,1803,315
-79,87,379,15,-6,86,0,-14,72,-20,-23,-68,-61,-29,70,9,3304,1803,315
-26,68,297,1,-6,80,1,-13,76,-20,-16,-69,-53,-21,67,9,3304,1803,315
42,55,220,-14,-5,59,3,-10,77,-18,-12,-71,-43,-14,68,9,3304,1803,315
108,44,150,-34,-1,24,4,-7,79,-16,-13,-73,-36,-10,71,9,3304,1803,315
150,33,96,-56,1,0,5,-4,79,-15,-14,-75,-28,-8,73,9,3304,1803,315
171,22,58,-64,21,5,1,0,80,-21,-27,-81,-19,-7,73,9,3304,1803,315
82,-63,84,-48,46,17,2,2,80,-24,-33,-83,-9,2,132,9,3304,1803,315
83,-78,83,-31,76,18,3,4,80,-24,-33,-83,-3,6,137,9,3304,1803,315
73,-70,59,-21,104,8,3,4,80,-31,-12,-68,0,11,139,9,3304,1803,315
46,-39,37,-11,126,-6,4,7,74,-23,-5,-66,-5,12,141,9,3304,1803,315
-9,-5,33,1,138,-17,6,5,73,-18,5,-62,-14,10,141,9,3304,1803,315
-113,5,41,22,136,-2,3,5,72,-9,22,-63,-31,1,129,9,3304,1803,315
-135,-10,56,22,136,-2,-3,4,72,-3,21,-65,-36,-3,121,9,3304,1803,315
-159,-18,56,-103,43,-282,-5,-2,73,1,18,-70,-38,-11,111,9,3304,1803,315
-184,-24,22,-100,33,-311,1,-10,73,4,15,-79,-40,-22,102,9,3304,1803,315
-192,-27,-21,-89,27,-356,6,-16,73,3,12,-87,-42,-35,94,9,3304,1803,315
-140,-9,-24,-65,-1,-427,15,-24,68,1,8,-91,-43,-58,81,9,3304,1803,315
-88,4,20,-61,-25,-419,19,-22,67,2,5,-88,-42,-61,73,9,3304,1803,315
-34,13,48,-73,-49,-380,18,-18,70,3,4,-80,-40,-58,67,9,3304,1803,315
10,23,40,-96,-72,-328,15,-17,73,5,2,-69,-38,-49,60,9,3304,1803,315
36,31,8,-117,-88,-281,14,-17,74,7,0,-60,-34,-35,53,9,3304,1803,315
7,58,7,-107,-88,-238,15,-22,78,2,-7,-61,-27,0,45,9,3304,1803,315
-16,79,65,-85,-71,-235,17,-21,81,0,-11,-67,-24,9,46,9,3304,1803,315
-30,90,140,-74,-43,-242,16,-18,81,-5,-15,-73,-20,14,50,9,3304,1803,315
-37,82,195,-80,0,-251,15,-14,79,-11,-22,-77,-11,17,55,9,3304,1803,315
-47,63,200,-88,39,-249,10,-7,81,-15,-28,-82,0,19,64,9,3304,1803,315
-58,19,101,-58,19,101,-7,0,84,-11,-34,-88,27,15,84,9,3304,1803,315
-65,7,87,-65,7,87,-14,0,84,-5,-30,-85,36,9,93,9,3304,1803,315
-80,7,118,-80,7,118,-19,0,87,0,-22,-81,36,9,93,9,3304,1803,315
-80,7,118,0,-22,-81,-20,-4,89,5,-13,-76,11,0,118,9,3304,1803,315
17,-145,-21,-96,71,-243,-17,-8,91,4,0,-72,10,4,120,9,3304,1803,315
38,-146,-33,54,-157,235,-3,2,83,1,0,-68,10,0,114,9,3304,1803,315
53,-141,-57,31,-175,259,-1,0,79,-2,-1,-68,10,-8,107,9,3304,1803,315
60,-133,-89,24,-186,267,1,-2,75,-4,0,-73,7,-18,102,9,3304,1803,315
56,-131,-121,24,-179,253,4,-3,73,-5,4,-79,2,-28,100,9,3304,1803,315
47,-130,-150,15,-163,217,7,-2,74,-5,14,-84,-1,-35,100,9,3304,1803,315
49,-113,-146,-29,-78,119,14,0,78,-4,30,-85,-14,-34,99,9,3304,1803,315
45,-111,-117,-51,-31,101,16,0,76,-1,33,-81,-19,-31,98,9,3304,1803,315
26,-117,-93,-54,0,108,19,0,74,0,32,-76,-25,-29,97,9,3304,1803,315
4,-121,-87,-36,16,119,18,-1,72,-2,24,-72,-30,-30,98,9,3304,1803,315
-9,-116,-100,-6,31,118,14,-3,73,-6,15,-71,-35,-32,103,9,3304,1803,315
13,-76,-146,36,91,74,10,-3,81,-8,1,-73,-38,-32,114,9,3323,1813,331
29,-50,-150,34,128,43,10,-2,84,-10,-7,-74,-36,-32,118,9,3323,1813,331
39,-30,-139,41,159,32,11,0,82,-13,-15,-75,-33,-32,120,9,3323,1813,331
47,-20,-119,60,174,41,14,-1,76,-12,-21,-74,-32,-33,120,9,3323,1813,331
51,-17,-103,80,163,55,16,-2,71,-11,-25,-75,-31,-34,115,9,3323,1813,331
32,-6,-109,76,71,58,21,-1,72,-12,-16,-81,-30,-33,103,9,3323,1813,331
26,4,-127,67,24,46,21,1,76,-12,-6,-78,-31,-29,99,9,3323,1813,331
25,20,-148,71,16,34,19,2,79,-13,0,-70,-31,-22,95,9,3323,1813,331
33,37,-167,73,45,26,14,2,79,-12,1,-64,-31,-22,95,9,3323,1813,331
33,37,-167,67,91,18,8,2,78,-10,0,-65,-22,-39,104,9,3323,1813,331
-163,-34,-35,65,153,17,3,1,79,-17,-19,-75,-12,-35,102,9,3323,1813,331
-154,-42,-1,88,145,29,6,3,83,-17,-16,-77,-8,-32,101,9,3323,1813,331
-154,-49,29,88,145,29,6,3,83,-16,-15,-75,-7,-28,101,9,3323,1813,331
-168,-55,52,15,85,-1,16,-6,83,-12,-15,-73,-8,-26,103,9,3323,1813,331
-206,-48,42,49,75,14,18,-7,74,-6,-9,-76,-8,-19,102,9,3323,1813,331
-210,-34,11,44,54,31,19,-8,68,-5,-2,-75,-5,-16,99,9,3323,1813,331
-194,-15,-20,30,32,49,18,-7,66,-4,4,-74,-4,-10,93,9,3323,1813,331
-161,-2,-48,10,14,55,19,-5,67,0,12,-78,-2,-3,87,9,3323,1813,331
-101,-6,-66,-8,-2,44,20,-1,70,3,21,-85,-4,5,82,9,3323,1813,331
87,-68,-25,-39,-38,23,16,1,78,1,30,-84,-13,19,84,9,3323,1813,331
175,-100,38,-49,-54,33,16,0,80,-3,28,-81,-16,21,89,9,3323,1813,331
254,-109,131,-53,-64,51,13,0,81,-5,21,-79,-17,17,93,9,3323,1813,331
309,-93,263,-47,-69,68,6,-3,82,-7,11,-80,-16,10,97,9,3323,1813,331
327,-67,398,-35,-73,79,1,-6,82,-9,3,-84,-16,4,100,9,3323,1813,331
308,-33,580,-7,-80,76,-6,-5,84,-18,-3,-79,-16,-15,101,9,3323,1813,331
298,-38,654,-4,-83,62,-11,-4,82,-21,-6,-70,-16,-23,100,9,3323,1813,331
273,-62,732,-10,-80,43,-11,-5,80,-20,-12,-61,-15,-25,96,9,3323,1813,331
245,-78,809,-24,-68,20,-9,-3,78,-16,-18,-55,-18,-23,95,9,3323,1813,331
229,-76,875,-38,-41,0,-4,0,75,-11,-23,-55,-24,-16,94,9,3323,1813,331
209,-66,900,-51,51,-24,3,6,79,-11,-31,-67,-31,-5,94,9,3323,1813,331
-186,-44,467,-51,112,-32,6,8,83,-11,-31,-67,-7,26,159,9,3323,1813,331
-158,-37,406,-50,172,-34,7,10,84,5,-53,-74,7,40,150,9,3323,1813,331
-115,-28,338,-61,223,-39,3,11,82,9,-44,-77,20,43,137,9,3323,1813,331
-51,3,235,-61,223,-39,3,11,82,9,-30,-79,31,44,121,9,3323,1813,331
44,34,128,-16,-41,82,19,6,68,7,-13,-81,37,44,107,9,3323,1813,331
200,68,-57,-2,-9,85,23,10,75,0,22,-83,41,39,79,9,3323,1813,331
223,63,-69,0,2,82,24,7,77,-8,34,-82,38,37,69,9,3323,1813,331
194,47,-57,0,9,77,22,4,78,-16,39,-78,30,36,64,9,3323,1813,331
133,31,-31,2,19,72,18,2,77,-22,39,-78,21,35,64,9,3323,1813,331
79,19,-7,10,43,65,11,0,77,-27,34,-80,11,32,67,9,3323,1813,331
29,5,29,32,115,59,-4,1,78,-36,11,-78,-10,23,83,9,3323,1813,331
19,-1,38,32,138,72,-10,3,80,-38,-1,-78,-19,15,88,9,3323,1813,331
17,-9,41,16,136,92,-13,5,83,-36,-10,-78,-26,8,90,9,3323,1813,331
11,-18,51,-11,105,102,-12,8,85,-34,-14,-77,-35,0,93,9,3323,1813,331
2,-30,55,-44,58,103,-6,12,87,-33,-15,-77,-44,-9,94,9,3323,1813,331
-32,-51,69,-100,-36,95,5,17,85,-36,-14,-72,-62,-29,103,9,3323,1813,331
-39,-51,71,-118,-68,88,11,16,82,-34,-13,-70,-67,-37,104,9,3323,1813,331
-41,-45,61,-123,-82,81,14,14,81,-29,-12,-67,-66,-45,102,9,3323,1813,331
-37,-33,48,-113,-81,79,16,11,78,-23,-12,-65,-62,-49,98,9,3323,1813,331
-28,-17,31,-96,-73,87,17,10,76,-18,-11,-66,-59,-49,97,9,3323,1813,331
-20,-6,14,-55,-37,116,20,7,71,-11,-8,-74,-57,-47,97,9,3323,1813,331
-3,16,33,-39,-17,139,19,5,71,-11,-8,-74,10,-20,96,9,3323,1813,331
5,20,34,-30,7,164,18,2,77,4,14,-77,7,-24,100,9,3323,1813,331
3,21,37,-518,1110,3366,17,-1,81,0,9,-81,2,-22,101,9,3323,1813,331
-7,15,46,-518,1110,3366,17,-1,81,0,4,-83,-1,-17,101,9,3323,1813,331
-15,9,55,-174,-154,-69,15,-13,80,4,0,-81,-4,-12,98,9,3323,1813,331
-2,8,59,-137,-78,-267,11,-13,77,13,0,-77,-9,0,92,9,3323,1813,331
12,11,53,-94,18,-366,8,-19,76,12,0,-72,-10,5,87,9,3323,1813,331
21,12,48,-38,138,-424,11,-20,75,7,0,-67,-12,9,82,9,3323,1813,331
29,9,51,20,255,-445,15,-16,76,5,0,-64,-14,11,79,9,3323,1813,331
32,2,58,68,342,-438,20,-13,76,2,0,-65,-15,8,78,9,3323,1813,331
25,-7,84,92,399,-372,26,-3,76,-13,-3,-75,-17,-7,85,9,3323,1813,331
23,-1,95,92,399,-372,27,-2,78,-18,-6,-82,-19,-16,88,9,3323,1813,331
31,10,100,92,399,-372,28,-4,80,-19,-10,-87,-21,-22,88,9,3323,1813,331
43,24,96,68,362,-330,27,-8,77,-17,-12,-88,-21,-25,85,9,3323,1813,331
55,35,81,34,277,-291,26,-10,75,-15,-13,-85,-19,-24,84,9,3323,1813,331
81,54,45,-31,55,-174,14,-5,82,-11,-6,-77,-16,-24,88,9,3323,1813,331
107,69,34,-61,-30,-124,4,-1,84,-11,-1,-74,-17,-25,92,9,3323,1813,331
135,73,33,-84,-75,-135,-3,2,82,-9,1,-70,-19,-28,97,9,3323,1813,331
144,67,55,-89,-65,-190,-13,5,80,-9,1,-70,-19,-32,100,9,3323,1813,331
143,55,103,-66,-15,-255,-19,3,82,-10,0,-77,-19,-35,101,9,3323,1813,331
142,39,151,-29,103,-284,-13,-3,83,-8,-8,-82,-18,-36,101,9,3323,1813,331
-62,-149,-274,-29,103,-284,-8,-5,85,-8,-8,-82,-12,-37,128,9,3323,1813,331
-50,-90,-310,93,-2,222,-4,-4,87,3,29,-79,-22,-35,125,9,3323,1818,346
-50,-33,-325,171,14,266,-4,0,87,1,22,-72,-30,-36,118,9,3323,1818,346
-67,19,-326,235,3,303,-4,0,87,1,10,-65,-33,-41,109,9,3323,1818,346
-93,62,-332,258,-33,319,18,-10,80,3,-6,-59,-33,-46,98,9,3323,1818,346
-145,131,-379,200,-106,305,16,-6,74,0,-33,-60,-31,-64,90,9,3323,1818,346
-147,163,-407,156,-110,284,6,-16,64,-4,-35,-70,-30,-69,91,9,3323,1818,346
-133,195,-430,126,-97,256,-2,-25,57,-10,-34,-81,-29,-72,91,9,3323,1818,346
-113,222,-440,115,-77,229,-8,-32,53,-18,-33,-84,-27,-68,90,9,3323,1818,346
-98,246,-438,122,-58,210,-4,-37,55,-22,-36,-82,-24,-59,87,9,3323,1818,346
-108,261,-409,160,-10,175,25,-40,66,-21,-41,-80,-14,-40,76,9,3323,1818,346
-132,260,-390,168,17,151,45,-34,77,-19,-41,-81,-10,-33,69,9,3323,1818,346
-143,260,-376,161,32,133,62,-21,86,-18,-39,-80,-7,-28,65,9,3323,1818,346
-145,258,-365,141,34,122,71,-8,85,-18,-34,-75,-10,-25,64,9,3323,1818,346
-145,243,-355,120,24,121,71,0,82,-18,-30,-69,-13,-22,66,9,3323,1818,346
-136,201,-328,95,-3,137,38,6,74,-20,-25,-67,-20,-19,75,9,3323,1818,346
-125,182,-301,95,-10,140,9,6,69,-19,-22,-67,-20,-17,82,9,3323,1818,346
-105,162,-270,97,-11,137,-15,5,68,-17,-19,-68,-18,-14,89,9,3323,1818,346
-77,141,-237,100,-7,132,-29,7,72,-15,-17,-72,-14,-11,92,9,3323,1818,346
-46,123,-196,99,3,124,-35,13,79,-14,-14,-75,-8,-10,94,9,3323,1818,346
-7,99,-147,-275,1711,130,-31,12,86,-7,-10,-78,-2,-10,94,9,3323,1818,346
-28,-90,193,-275,1711,130,-24,6,91,-7,-10,-78,-37,-23,96,9,3323,1818,346
-39,-96,178,-100,-14,-42,-18,-2,93,-33,-9,-83,-41,-27,96,9,3323,1818,346
-46,-100,177,-103,-29,-24,-12,-5,91,-33,-6,-80,-43,-32,93,9,3323,1818,346
-47,-101,193,-88,-35,3,-12,-5,91,-33,-4,-74,-42,-37,90,9,3323,1818,346
-48,-100,221,-64,-27,27,2,7,75,-31,-1,-69,-44,-38,89,9,3323,1818,346
-65,-97,279,-27,11,30,2,7,75,-24,-4,-66,-47,-33,86,9,3323,1818,346
-82,-95,265,-25,27,15,2,7,76,-24,-10,-66,-45,-26,85,9,3323,1818,346
-98,-83,202,-28,34,0,3,8,77,-26,-15,-70,-41,-15,85,9,3323,1818,346
-116,-62,84,-33,38,-11,2,9,79,-28,-17,-76,-34,-3,85,9,3323,1818,346
-138,-31,-65,-39,38,-18,2,8,81,-28,-16,-80,-23,7,82,9,3323,1818,346
-201,-4,-332,-28,38,0,1,11,82,-25,-12,-84,-5,24,79,9,3323,1818,346
-194,-5,-397,-16,40,17,-1,13,81,-21,-5,-84,0,28,80,9,3323,1818,346
-107,9,-423,-5,43,31,-5,13,79,-17,4,-83,5,31,82,9,3323,1818,346
31,50,-452,0,44,39,-7,10,76,-17,10,-78,9,31,82,9,3323,1818,346
194,114,-520,1,41,50,-11,7,75,-16,15,-70,16,28,83,9,3323,1818,346
543,241,-658,18,50,117,-23,2,75,-6,19,-70,31,13,84,9,3323,1818,346
639,204,-685,25,69,151,-27,0,77,-3,20,-73,29,7,89,9,3323,1818,346
659,116,-655,28,77,172,-25,-1,79,-3,19,-75,13,2,101,9,3323,1818,346
595,23,-563,31,60,186,-15,-2,81,-4,18,-78,-7,-6,120,9,3323,1818,346
457,-44,-428,28,16,194,0,-4,87,-3,13,-80,-26,-14,134,9,3323,1818,346
262,-88,-247,22,-45,199,31,-13,91,5,0,-80,-35,-25,140,9,3323,1818,346
43,33,79,-66,8,-99,40,-16,86,5,0,-80,-9,-4,85,9,3323,1818,346
40,26,70,-58,12,-88,42,-19,80,-12,-13,-77,-16,-13,84,9,3323,1818,346
30,18,64,-52,18,-76,39,-21,75,-13,-12,-68,-26,-21,84,9,3323,1818,346
20,14,61,-42,27,-64,39,-21,75,-13,-9,-64,-34,-26,85,9,3323,1818,346
20,10,58,-30,41,-62,4,1,80,-14,-9,-65,-43,-31,88,9,3323,1818,346
26,9,48,-19,76,-71,3,5,78,-23,-19,-69,-51,-39,88,9,3323,1818,346
26,12,35,-19,88,-68,8,8,79,-28,-27,-73,-49,-42,87,9,3323,1818,346
19,16,22,-22,85,-62,15,12,81,-31,-32,-76,-43,-45,85,9,3323,1818,346
10,14,20,-26,74,-52,22,13,84,-30,-34,-78,-37,-46,84,9,3323,1818,346
-5,0,24,-41,26,-30,26,8,82,-25,-26,-83,-30,-42,83,9,3323,1818,346
-12,-7,25,-53,-3,-24,25,4,78,-23,-17,-82,-28,-37,82,9,3323,1818,346
-16,-11,23,-64,-28,-22,21,0,74,-23,-6,-78,-27,-31,81,9,3323,1818,346
-17,-10,17,-71,-49,-21,14,0,71,-22,0,-74,-26,-23,82,9,3323,1818,346
-13,-8,7,-72,-64,-19,6,2,71,-20,3,-69,-24,-14,84,9,3323,1818,346
1,-6,-9,-66,-87,-4,-15,8,74,-16,3,-68,-18,0,91,9,3323,1818,346
6,-6,-11,-63,-92,15,-29,12,75,-18,0,-69,-16,2,94,9,3323,1818,346
9,-6,-9,-54,-85,37,-45,14,74,-21,-5,-72,-14,5,98,9,3323,1818,346
8,-7,-12,-38,-64,47,-60,12,76,-23,-11,-76,-12,5,99,9,3323,1818,346
0,-11,-11,-14,-30,45,-64,6,81,-22,-17,-79,-11,2,100,9,3323,1818,346
-17,-25,4,28,33,35,-34,5,113,-20,-20,-80,-9,-4,96,9,3323,1818,346
-20,-31,8,36,49,26,-30,10,119,-22,-16,-79,-9,-7,94,9,3323,1818,346
-16,-30,2,39,58,15,-22,11,106,-23,-7,-75,-10,-10,93,9,3323,1818,346
-16,-30,2,36,62,3,-5,11,89,-24,4,-70,-10,-10,93,9,3323,1818,346
19,51,58,36,62,3,11,10,81,-24,4,-70,-6,-21,98,9,3323,1818,346
18,58,76,-62,31,-133,20,5,77,15,-1,-71,-5,-10,98,9,3323,1818,346
29,61,85,-41,38,-115,16,-17,80,16,4,-72,-7,-3,97,9,3323,1818,346
43,61,86,-20,41,-100,21,-18,75,14,5,-72,-9,0,97,9,3323,1818,346
51,59,84,-2,47,-92,25,-19,74,10,3,-71,-10,-2,99,9,3323,1818,346
53,60,91,7,59,-84,25,-21,77,8,-2,-73,-8,-7,99,9,3323,1818,346
42,60,135,-6,88,-27,10,-18,75,1,-13,-84,-3,-14,98,9,3323,1818,346
35,58,161,-9,89,-2,-2,-16,77,0,-13,-87,-3,-12,95,9,3323,1818,346
35,56,185,-2,75,4,-15,-14,79,0,-12,-85,-5,-10,93,9,3323,1818,346
43,52,202,-2,75,4,-24,-10,79,1,-9,-80,-8,-7,92,9,3323,1818,346
51,37,210,-2,75,4,-36,-3,79,10,3,-71,-16,-3,88,9,3304,1803,362
46,28,203,-2,75,4,-38,-3,79,11,7,-65,-20,-2,85,9,3304,1803,362
35,17,195,0,46,-12,-34,-4,82,12,10,-64,-20,-2,82,9,3304,1803,362
19,6,196,-6,5,-44,-28,-2,85,10,11,-67,-15,-2,82,9,3304,1803,362
-12,-14,219,-23,-58,-96,-19,6,97,2,5,-77,0,-1,91,9,3304,1803,362
-8,-20,240,-20,-49,-73,-16,9,94,-4,-2,-82,2,-2,96,9,3304,1803,362
11,-26,249,-14,-33,-9,-12,9,85,-9,-8,-86,2,-3,99,9,3304,1803,362
36,-36,248,-20,-49,55,-9,7,76,-11,-11,-88,0,-5,100,9,3304,1803,362
52,-52,241,-36,-99,89,-7,0,72,-11,-13,-87,-3,-8,97,9,3304,1803,362
46,-86,210,-14,41,1,1,-4,77,-9,-6,-75,-2,-17,89,9,3304,1803,362
34,-98,201,-12,19,6,7,0,80,-6,0,-69,-3,-21,88,9,3304,1803,362
23,-106,210,4,2,14,13,6,80,-4,2,-66,-7,-25,91,9,3304,1803,362
15,-114,229,31,1,28,13,5,80,-2,4,-66,-14,-28,94,9,3304,1803,362
-65,25,-256,75,44,37,16,-7,81,-4,3,-66,1,-17,90,9,3304,1803,362
-70,46,-252,79,68,31,16,-9,83,-4,3,-66,8,-16,92,9,3304,1803,362
-77,61,-250,66,81,30,15,-7,82,-18,-12,-83,14,-14,94,9,3304,1803,362
-93,86,-263,24,50,4,9,-1,79,-13,-5,-86,13,-12,99,9,3304,1803,362
-103,101,-278,8,13,-8,4,1,77,-9,-2,-79,9,-15,98,9,3304,1803,362
-110,122,-299,3,-14,-15,4,1,77,-5,0,-71,7,-16,93,9,3304,1803,362
-119,145,-316,6,-20,-18,-36,0,76,-2,1,-66,6,-20,87,9,3304,1803,362
-149,182,-325,50,8,5,-29,0,90,-3,5,-67,2,-30,78,9,3304,1803,362
-157,188,-318,83,16,35,-16,-1,95,-7,5,-73,-1,-32,78,9,3304,1803,362
-163,180,-312,108,7,65,-1,-2,95,-12,3,-75,-4,-33,80,9,3304,1803,362
-176,159,-304,121,-16,86,14,-4,92,-15,-1,-75,-6,-35,83,9,3304,1803,362
-200,122,-270,105,-48,97,42,-3,81,-16,-13,-81,-10,-45,92,9,3304,1803,362
-200,115,-252,81,-46,95,51,-3,73,-19,-14,-84,-13,-51,97,9,3304,1803,362
-192,110,-243,50,-36,94,53,-5,68,-21,-11,-84,-18,-57,102,9,3304,1803,362
-172,103,-230,21,-20,98,51,-8,67,-21,-6,-80,-23,-58,107,9,3304,1803,362
-150,86,-210,3,-3,108,45,-8,67,-19,0,-75,-29,-57,111,9,3304,1803,362
-114,52,-178,-11,-23,172,25,-2,66,-8,6,-66,-37,-42,111,9,3304,1803,362
-86,37,-159,-40,-91,203,14,-5,67,-1,8,-69,-36,-30,102,9,3304,1803,362
-70,18,-131,-98,-178,199,6,-12,71,3,6,-76,-30,-16,91,9,3304,1803,362
-58,-4,-92,-155,-247,160,1,-18,78,5,1,-80,-21,-4,80,9,3304,1803,362
-43,-27,-55,-155,-247,160,0,-19,84,5,-3,-81,-11,4,72,9,3304,1803,362
22,-48,-5,52,-101,355,5,-16,85,8,-12,-79,3,14,73,9,3304,1803,362
22,-48,-5,85,-32,339,8,-13,84,9,-13,-82,3,14,73,9,3304,1803,362
-47,-44,185,106,25,329,8,-12,79,9,-13,-82,-6,-32,110,9,3304,1803,362
-31,-30,165,115,74,311,4,-10,72,-29,-21,-72,-14,-36,104,9,3304,1803,362
-47,-29,149,109,115,277,-2,-8,69,-24,-15,-73,-26,-39,99,9,3304,1803,362
-76,-38,198,54,145,215,-9,-5,68,-19,-10,-69,-47,-44,90,9,3304,1803,362
-48,-13,220,17,140,204,-15,7,49,-19,-12,-68,-55,-42,87,9,3304,1803,362
-26,24,219,-10,139,197,5,-1,59,-20,-14,-68,-59,-37,88,9,3304,1803,362
-106,28,157,-32,147,179,21,-8,89,-21,-15,-68,-59,-34,92,9,3304,1803,362
-281,14,-24,-52,161,141,26,-12,111,-21,-15,-68,-52,-32,96,9,3304,1803,362
-478,-1,-381,-80,186,46,43,-8,96,-19,-12,-69,-32,-25,96,9,3304,1803,362
-362,-10,-438,-96,187,2,53,-2,90,-16,-6,-70,-22,-19,97,9,3304,1803,362
-139,-2,-464,-110,185,-37,46,-4,86,-13,2,-72,-17,-14,101,9,3304,1803,362
81,20,-475,-128,180,-78,25,-18,78,-11,17,-74,-12,-9,106,9,3304,1803,362
205,52,-294,-184,163,-128,-6,-37,66,0,40,-86,-13,-5,112,9,3304,1803,362
128,74,-153,-209,160,-144,-12,-31,62,10,46,-93,-19,-6,114,9,3304,1803,362
28,73,-112,-229,166,-161,-13,-25,64,20,47,-95,-28,-6,113,9,3304,1803,362
-56,25,-191,-238,179,-187,-8,-20,71,25,40,-88,-39,-4,114,9,3304,1803,362
-112,-56,-344,-238,193,-210,1,-18,81,28,24,-77,-39,-5,115,9,3304,1803,362
-143,-229,-422,-230,212,-228,26,-18,98,31,-4,-78,-20,-16,119,9,3304,1803,362
-27,-215,-332,18,67,-75,37,-16,98,25,-13,-84,-3,-26,116,9,3304,1803,362
146,-138,-282,28,81,-72,44,-10,95,14,-17,-88,16,-35,107,9,3304,1803,362
307,-51,-290,30,71,-67,50,-4,89,0,-16,-91,34,-41,94,9,3304,1803,362
388,2,-291,29,44,-58,51,0,81,-9,-11,-91,42,-47,83,9,3304,1803,362
5,24,53,21,-27,-30,39,-2,71,-13,-4,-88,5,18,78,9,3304,1803,362
-1,20,49,1,-58,-18,25,-8,67,-19,25,-71,-5,11,88,9,3304,1803,362
-10,16,52,-22,-78,-12,10,-16,64,-16,24,-63,-20,6,95,9,3304,1803,362
-19,10,64,-37,-80,-11,-2,-19,68,-11,20,-61,-35,1,102,9,3304,1803,362
-23,-5,86,-39,-47,-22,-10,-21,73,-18,-2,-67,-57,-2,108,9,3304,1803,362
-15,-14,76,-38,-31,-19,-16,2,81,-25,-16,-74,-61,-2,106,9,3304,1803,362
-7,-23,57,-40,-32,-6,-12,-1,78,-32,-28,-80,-61,-2,104,9,3304,1803,362
-2,-26,38,-47,-47,8,-5,-8,78,-36,-35,-82,-57,-5,101,9,3304,1803,362
3,-21,28,-59,-66,19,-1,-11,81,-32,-36,-82,-53,-9,99,9,3304,1803,362
23,5,38,-64,-66,20,2,-6,80,-16,-11,-67,-47,-22,91,9,3304,1803,362
44,19,50,-49,-42,5,2,-1,77,-9,5,-55,-48,-30,89,9,3304,1803,362
72,29,49,-27,-15,-13,1,3,76,-4,13,-47,-51,-37,88,9,3304,1803,362
94,27,25,-14,5,-29,-2,7,76,1,15,-46,-52,-40,87,9,3304,1803,362
106,6,-8,-22,2,-72,-9,8,76,1,-3,-65,-46,-34,80,9,3304,1803,362
92,5,13,-35,-16,-108,-10,7,78,-5,-17,-73,-42,-25,76,9,3304,1803,362
68,14,50,-49,-34,-144,-6,7,81,-14,-27,-81,-35,-15,73,9,3304,1803,362
41,25,81,-54,-42,-169,0,8,84,-21,-32,-90,-26,-5,71,9,3304,1803,362
16,30,88,0,333,78,5,7,85,-25,-35,-99,-15,1,72,9,3284,1793,377
-27,27,45,-27,27,45,19,2,79,-32,-24,-104,7,4,75,9,3284,1793,377
-51,29,52,-51,29,52,22,0,78,-31,-7,-104,15,1,75,9,3284,1793,377
-61,31,77,-61,31,77,22,-1,77,-28,6,-97,17,-1,75,9,3284,1793,377
-53,25,101,-53,25,101,19,-2,76,-27,15,-82,15,-3,74,9,3284,1793,377
-35,11,111,10,-3,75,13,-3,81,-20,18,-65,10,-3,75,9,3284,1793,377
